/*--------------------------------*- C++ -*----------------------------------*\
  =========                 |
  \\      /  F ield         | OpenFOAM: The Open Source CFD Toolbox
   \\    /   O peration     | Website:  https://openfoam.org
    \\  /    A nd           | Version:  6
     \\/     M anipulation  |
\*---------------------------------------------------------------------------*/
FoamFile
{
    version     2.0;
    format      ascii;
    class       volScalarField;
    location    "0.0025";
    object      Qdot;
}
// * * * * * * * * * * * * * * * * * * * * * * * * * * * * * * * * * * * * * //

dimensions      [1 -1 -3 0 0 0 0];

internalField   nonuniform List<scalar> 
3773
(
1.00829e-05
3.32452e-06
3.32452e-06
0
3.32452e-06
1.34074e-05
0
0
0
6.64904e-06
6.64904e-06
0
6.64904e-06
2.01658e-05
0
0
-3.10668e-09
0
-3.10668e-09
-3.10668e-09
0
0
2.01658e-05
1.32981e-05
2.01658e-05
2.01658e-05
-3.10668e-09
0
2.01658e-05
1.32981e-05
3.34639e-05
3.34639e-05
-3.10668e-09
2.01658e-05
-3.10668e-09
6.64904e-06
6.64904e-06
6.64904e-06
6.64904e-06
0
6.64904e-06
6.64904e-06
1.00829e-05
3.32452e-06
0
0
3.32452e-06
0
0
8.3113e-07
4.15565e-07
4.15565e-07
4.15565e-07
4.15565e-07
0
0
0
0
0
0
0
-3.10668e-09
6.3018e-07
0
4.15565e-07
6.3018e-07
4.15565e-07
0
6.27074e-07
0
-3.10668e-09
0
3.11984e-07
0
-3.10668e-09
0
1.04264e-06
6.3018e-07
2.07783e-07
6.27074e-07
4.15565e-07
0
0
1.04264e-06
-3.10668e-09
-2.07783e-07
0
6.3018e-07
0
-3.10668e-09
0
1.26036e-06
4.14012e-07
4.15565e-07
0
0
0
-1.55334e-09
0
5.19456e-08
0
5.19456e-08
7.87726e-08
0
0
-3.10668e-09
2.61863e-08
0
0
0
0
3.1509e-07
0
6.4932e-09
1.29864e-08
1.65865e-08
-3.10668e-09
0
6.3018e-07
2.04676e-07
0
-3.10668e-09
0
0
4.92328e-09
8.34856e-07
0
6.73989e-09
0
0
0
0
0
-3.10668e-09
-3.10668e-09
1.96931e-08
3.38653e-09
0
0
0
5.22873e-07
0
0
0
0
0
0
0
0
0
0
0
0
-1.55334e-09
2.07783e-07
8.1165e-10
0
3.07705e-10
2.02913e-10
-1.87586e-09
0
0
-2.29503e-09
0
-3.10668e-09
0
0
8.37963e-07
6.27074e-07
0
-3.10668e-09
1.2682e-11
-3.10668e-09
-1.48338e-09
2.04676e-07
6.3018e-07
1.23082e-09
1.01456e-10
0
0
-2.70085e-09
0
0
0
0
0
0
-1.06421e-09
0
-1.55334e-09
8.1165e-10
0
0
2.46164e-09
0
3.13537e-07
0
0
0
0
0
4.09162e-10
0
0
0
3.17051e-12
0
3.17051e-12
0
0
0
8.1165e-10
9.61579e-12
0
0
-3.10668e-09
5.22873e-07
0
6.15411e-10
-3.10668e-09
0
-3.10351e-09
2.46164e-09
2.07783e-07
0
0
0
1.58525e-12
0
6.15411e-10
-3.10668e-09
2.07783e-07
8.1165e-10
4.8079e-12
3.17051e-12
0
0
0
0
1.01456e-10
5.07282e-11
5.07282e-11
5.07282e-11
-1.55334e-09
0
0
0
0
0
0
-1.55334e-09
-1.55334e-09
0
0
0
0
0
-2.49127e-09
3.1509e-07
0
3.27329e-09
0
0
0
6.15411e-10
-3.10668e-09
-3.10668e-09
1.01456e-10
-3.10668e-09
0
0
2.04247e-09
0
2.07783e-07
2.04247e-09
0
0
0
0
2.07783e-07
2.07783e-07
6.15411e-10
0
-3.10668e-09
0
-3.10668e-09
-3.10668e-09
5.21319e-07
-1.55334e-09
-1.55334e-09
0
0
0
0
0
-1.55334e-09
0
0
0
-1.55334e-09
0
0
0
-3.10668e-09
0
-3.10668e-09
0
0
0
0
-3.10668e-09
0
0
-3.10668e-09
-3.10668e-09
-3.10668e-09
0
0
0
0
0
0
0
0
0
0
0
0
0
0
0
-3.10668e-09
0
0
0
0
0
0
0
0
0
0
0
0
1.78386e-12
-1.55334e-09
0
0
0
0
-3.56772e-12
-3.10311e-09
0
0
3.56772e-12
-3.10311e-09
0
-3.10668e-09
0
-3.10668e-09
0
0
-3.10668e-09
0
-3.09954e-09
7.13544e-12
-3.10668e-09
-3.10668e-09
0
0
0
-3.10668e-09
-3.10668e-09
-3.10668e-09
-3.10668e-09
0
0
0
0
3.56772e-12
3.56772e-12
3.56772e-12
0
0
0
-1.55334e-09
0
-1.55334e-09
1.78386e-12
0
1.78386e-12
0
0
1.74205e-15
0
0
1.74205e-15
0
0
0
0
-3.10668e-09
0
0
-3.10668e-09
0
-3.10667e-09
-3.10668e-09
3.4841e-15
0
3.4841e-15
3.4841e-15
3.4841e-15
-3.10668e-09
-3.10668e-09
3.4841e-15
0
0
-3.10668e-09
0
0
0
3.4841e-15
0
-3.10667e-09
3.4841e-15
0
0
1.74205e-15
-3.10668e-09
0
1.74205e-15
1.74205e-15
0
8.71025e-16
-1.55334e-09
0
0
0
0
0
0
0
8.50611e-19
0
-1.55334e-09
0
0
-3.10668e-09
0
0
0
-3.10668e-09
0
3.40244e-18
0
0
0
-3.10668e-09
3.40244e-18
-3.10668e-09
0
-3.10668e-09
-3.10668e-09
-3.10668e-09
0
-3.10668e-09
0
-3.10668e-09
0
0
0
0
-3.10668e-09
-3.10668e-09
0
-3.10668e-09
1.70122e-18
0
-3.10668e-09
0
-3.10668e-09
0
0
4.25305e-19
0
0
0
0
-1.55334e-09
0
1.03834e-22
1.03834e-22
0
0
4.15337e-22
-1.55334e-09
0
-3.10668e-09
0
1.66135e-21
0
6.6454e-21
0
0
-3.10668e-09
0
-3.10668e-09
0
0
-3.10668e-09
-3.10668e-09
0
-3.10668e-09
0
0
1.66135e-21
-3.10668e-09
0
0
0
3.3227e-21
-3.10668e-09
-3.10668e-09
0
0
1.66135e-21
-3.10668e-09
0
4.15337e-22
0
0
0
-1.55334e-09
0
0
0
0
0
0
-1.55334e-09
0
-1.55334e-09
0
0
0
-3.10668e-09
-3.10668e-09
0
8.11206e-25
-3.10668e-09
0
0
-3.10668e-09
0
0
3.24482e-24
0
-3.10668e-09
-3.10668e-09
-3.10668e-09
0
-3.10668e-09
-3.10668e-09
0
0
0
0
0
-3.10668e-09
0
-3.10668e-09
-3.10668e-09
0
-3.10668e-09
0
-3.10668e-09
0
-3.10668e-09
0
0
-1.55334e-09
3.3227e-21
0
0
-1.55334e-09
0
0
-1.55334e-09
0
0
0
-1.55334e-09
0
0
0
5.19172e-23
0
0
-3.10668e-09
0
-3.10668e-09
-3.10668e-09
-3.10668e-09
-3.10668e-09
-3.10668e-09
2.07669e-22
-3.10668e-09
-3.10668e-09
0
0
0
0
2.59586e-23
0
0
0
4.15337e-22
-3.10668e-09
0
1.03834e-22
-3.10668e-09
-3.10668e-09
0
0
1.66135e-21
-3.10668e-09
0
0
0
-1.55334e-09
-1.55334e-09
0
-1.55334e-09
4.15337e-22
0
0
0
0
0
0
0
-1.55334e-09
-1.55334e-09
-3.10668e-09
0
0
-3.10668e-09
0
-3.10668e-09
-3.10668e-09
-3.10668e-09
-3.10668e-09
-3.10668e-09
-3.10668e-09
-3.10668e-09
1.06326e-19
-3.10668e-09
0
-6.21336e-09
0
0
2.59586e-23
0
0
0
-3.10668e-09
-3.10668e-09
-3.10668e-09
0
-3.10668e-09
-3.10668e-09
0
-3.10668e-09
0
0
0
-3.10668e-09
-3.10668e-09
0
-1.55334e-09
3.3227e-21
-1.55334e-09
0
0
0
-1.55334e-09
0
3.16877e-27
0
0
0
0
0
0
-3.10668e-09
0
-3.10668e-09
0
0
0
0
0
0
-3.10668e-09
0
0
0
0
0
0
0
2.07669e-22
0
0
-3.10668e-09
0
-3.10668e-09
0
0
-3.10668e-09
-3.10668e-09
0
-3.10668e-09
0
-3.10668e-09
0
0
0
-1.55334e-09
0
3.96096e-28
-1.55334e-09
-1.55334e-09
0
-1.55334e-09
0
-1.55334e-09
-1.55334e-09
-1.55334e-09
3.16877e-27
0
-3.10668e-09
0
0
-3.10668e-09
-3.10668e-09
0
2.59586e-23
-3.10668e-09
-3.10668e-09
-3.10668e-09
0
0
0
0
7.73626e-31
0
0
-6.21336e-09
0
0
5.19172e-23
-3.10668e-09
-3.10668e-09
0
0
0
1.26751e-26
-3.10668e-09
0
-3.10668e-09
0
-3.10668e-09
-3.10668e-09
0
0
-1.55334e-09
-1.55334e-09
-1.55334e-09
0
-1.55334e-09
-1.55334e-09
0
-1.55334e-09
0
0
0
0
0
0
-3.10668e-09
0
1.18046e-35
-3.10668e-09
0
2.4756e-29
6.33754e-27
1.88874e-34
-3.10668e-09
-3.10668e-09
0
-3.10668e-09
-3.10668e-09
-3.10668e-09
-6.21336e-09
7.55494e-34
1.88874e-34
0
-6.21336e-09
0
0
0
0
-3.10668e-09
-3.10668e-09
0
0
-3.10668e-09
0
0
0
-3.10668e-09
2.36092e-35
3.02198e-33
-3.10668e-09
0
0
-1.55334e-09
-1.55334e-09
0
-1.55334e-09
-1.55334e-09
0
0
2.25155e-41
0
4.61117e-38
0
0
0
-3.10668e-09
0
0
0
0
-3.10668e-09
0
0
0
0
-3.10668e-09
-3.10668e-09
-3.10668e-09
4.61117e-38
4.61117e-38
0
0
-6.21336e-09
0
-9.67032e-32
-3.10668e-09
0
-3.10668e-09
-3.10668e-09
-3.10668e-09
0
0
0
0
0
0
-3.10668e-09
0
3.68894e-37
-1.55334e-09
-1.55334e-09
0
0
0
0
0
-1.55334e-09
0
2.19878e-44
-1.55334e-09
0
0
0
0
1.12577e-41
0
-7.03609e-43
0
0
0
0
0
-3.10668e-09
-3.10668e-09
-3.10668e-09
0
0
0
-6.21336e-09
7.03609e-43
0
0
2.88198e-39
0
0
-3.10668e-09
0
0
0
0
9.22234e-38
0
0
0
1.09939e-44
-3.10668e-09
-3.10668e-09
0
0
0
-5.49694e-45
-1.55334e-09
0
0
0
0
-1.55334e-09
0
0
0
0
-1.55334e-09
0
2.81443e-42
0
0
0
-3.10668e-09
0
-3.10668e-09
0
0
0
2.19878e-44
1.40722e-42
0
0
0
-6.21336e-09
0
0
0
4.5031e-41
0
0
1.37424e-45
-3.10668e-09
-3.10668e-09
-3.10668e-09
0
0
0
-3.10668e-09
0
-3.10668e-09
5.49694e-45
7.03609e-43
0
0
0
0
0
0
0
0
0
-1.55334e-09
0
0
0
7.03609e-43
0
-3.10668e-09
-3.10668e-09
2.14724e-47
-3.10668e-09
0
-3.10668e-09
0
0
-3.10668e-09
0
0
0
0
-3.10668e-09
0
0
-6.21336e-09
0
0
3.43559e-46
0
-3.10668e-09
-3.10668e-09
1.67753e-49
-3.10668e-09
0
1.71779e-46
0
0
8.58897e-47
-3.10668e-09
0
0
5.49694e-45
0
0
-1.55334e-09
1.55334e-09
0
6.87118e-46
-1.55334e-09
-1.55334e-09
-1.55334e-09
0
4.05603e-25
0
0
0
-3.10668e-09
0
-3.10668e-09
0
1.01401e-25
0
0
-3.10668e-09
-3.10668e-09
-3.10668e-09
0
0
-3.10668e-09
-3.10668e-09
0
0
0
0
0
0
0
-3.10668e-09
0
-3.10668e-09
0
-3.10668e-09
-3.10668e-09
0
0
0
0
0
0
0
0
-1.55334e-09
0
0
0
-1.55334e-09
0
0
0
0
0
2.02801e-25
-1.55334e-09
-1.55334e-09
0
0
0
-3.10668e-09
3.96096e-28
1.01401e-25
0
0
0
0
1.98048e-28
1.26751e-26
0
0
0
0
-6.21336e-09
0
0
0
0
0
0
0
0
-3.10668e-09
2.59586e-23
2.65816e-20
-3.10668e-09
0
0
0
-3.10668e-09
0
0
0
-1.55334e-09
0
0
0
0
0
0
0
-1.55334e-09
0
1.01401e-25
0
0
0
0
-3.10668e-09
0
0
0
-3.10668e-09
0
0
0
0
0
-3.10668e-09
-3.10668e-09
0
0
0
0
6.33754e-27
0
0
0
0
0
0
-3.10668e-09
0
-3.10668e-09
0
0
0
0
0
0
0
0
0
0
-1.55334e-09
0
0
0
0
-1.55334e-09
-1.55334e-09
0
-1.55334e-09
0
0
-1.55334e-09
-3.10668e-09
0
0
1.98048e-28
1.01401e-25
-3.10668e-09
0
-3.10668e-09
0
-3.10668e-09
0
0
0
-3.10668e-09
-6.21336e-09
0
0
7.92193e-28
0
0
0
-3.10668e-09
0
-3.10668e-09
7.92193e-28
0
0
-3.10668e-09
0
-3.10668e-09
0
-3.10668e-09
0
-3.10668e-09
-3.10668e-09
0
-1.55334e-09
0
4.05603e-25
-1.55334e-09
-1.55334e-09
0
0
0
-1.55334e-09
-1.55334e-09
0
0
0
0
0
2.53502e-26
-3.10668e-09
0
-3.10668e-09
0
-3.10668e-09
-3.10668e-09
2.53502e-26
1.26751e-26
0
-3.10668e-09
-3.10668e-09
0
0
0
0
1.29793e-23
0
0
0
-3.10668e-09
-3.10668e-09
0
0
0
0
0
0
0
0
-3.10668e-09
-3.10668e-09
-3.10668e-09
0
-1.55334e-09
0
1.01401e-25
0
-1.55334e-09
-1.55334e-09
0
1.55334e-09
-1.55334e-09
1.58439e-27
1.55334e-09
1.55334e-09
0
0
0
0
0
0
-3.10668e-09
-3.10668e-09
-3.10668e-09
0
2.53502e-26
0
0
0
0
0
0
8.11206e-25
0
0
2.65816e-20
0
0
-3.10668e-09
-3.10668e-09
-3.10668e-09
-3.10668e-09
-3.10668e-09
0
-3.10668e-09
0
0
0
0
-3.10668e-09
0
0
-1.55334e-09
0
5.07003e-26
0
-1.55334e-09
-1.55334e-09
-1.55334e-09
0
0
0
0
0
-1.55334e-09
-3.10668e-09
0
0
9.90241e-29
4.05603e-25
1.06326e-19
-3.10668e-09
0
-3.10668e-09
0
0
0
-3.10668e-09
-3.10668e-09
0
1.06326e-19
4.05603e-25
0
0
2.65816e-20
0
-3.10668e-09
0
-3.10668e-09
-3.10668e-09
8.11206e-25
0
0
0
0
0
-3.10668e-09
0
0
0
-1.55334e-09
0
0
2.53502e-26
-1.55334e-09
0
0
0
0
0
-1.55334e-09
0
-1.34203e-48
5.36811e-48
8.38767e-50
0
-3.10668e-09
0
-3.10668e-09
0
0
-3.10668e-09
2.62115e-51
0
0
0
0
3.35507e-49
0
-6.21336e-09
2.04777e-53
2.55971e-54
8.19108e-53
0
-6.21336e-09
-3.10668e-09
-3.10668e-09
0
0
0
0
-3.10668e-09
0
8.38767e-50
1.04846e-50
6.55287e-52
-3.10668e-09
0
-3.10668e-09
0
-1.55334e-09
5.24229e-51
1.31057e-51
0
0
0
0
0
0
0
-1.55334e-09
0
0
0
0
0
-3.10668e-09
-3.10668e-09
0
1.63822e-52
1.59982e-55
-3.10668e-09
0
0
0
0
0
0
0
0
0
0
0
0
6.39928e-55
3.19964e-55
7.9991e-56
0
0
-3.10668e-09
0
5.11943e-54
0
0
-3.10668e-09
-3.10668e-09
0
0
0
1.27986e-54
0
0
0
-1.55334e-09
0
0
0
-1.55334e-09
-1.55334e-09
6.39928e-55
2.55971e-54
0
1.56232e-58
0
0
-3.10668e-09
3.99955e-56
7.9991e-56
0
-3.10668e-09
0
0
3.12465e-58
0
2.49972e-57
-3.10668e-09
0
-6.21336e-09
0
0
0
3.90581e-59
-6.21336e-09
0
-3.10668e-09
1.56232e-58
0
0
0
4.88227e-60
0
-3.10668e-09
0
1.24986e-57
1.24986e-57
1.24986e-57
1.56232e-58
-1.55334e-09
0
9.99888e-57
0
9.99888e-57
0
-1.55334e-09
6.2493e-58
0
0
-1.55334e-09
3.99955e-56
-1.55334e-09
0
0
4.88227e-60
0
6.2493e-58
-3.10668e-09
4.99944e-57
-3.10668e-09
1.90713e-62
0
1.52571e-61
3.90581e-59
0
3.12465e-58
-3.10668e-09
-6.21336e-09
0
0
0
0
0
-6.21336e-09
-3.10668e-09
-6.21336e-09
0
9.76453e-60
-6.21336e-09
-6.21336e-09
3.05142e-61
0
0
-3.10668e-09
-3.10668e-09
0
0
-3.10668e-09
0
4.99944e-57
0
-1.55334e-09
1.24986e-57
2.49972e-57
0
-1.55334e-09
-1.55334e-09
4.88227e-60
0
9.99888e-57
0
7.9991e-56
-3.10668e-09
-3.10668e-09
-3.10668e-09
0
-3.10668e-09
-3.10668e-09
0
0
0
0
0
0
-3.10668e-09
0
-6.21336e-09
0
0
0
2.44113e-60
0
1.52571e-61
0
0
9.76453e-60
2.44113e-60
0
0
0
4.88227e-60
1.56232e-58
-3.10668e-09
-3.10668e-09
-3.10668e-09
0
0
0
0
0
-1.55334e-09
-1.55334e-09
0
0
0
2.44113e-60
0
3.12465e-58
0
-1.55334e-09
-1.55334e-09
3.05142e-61
0
-3.10668e-09
-3.10668e-09
-3.10668e-09
-3.10668e-09
0
0
0
0
0
3.90581e-59
0
-3.10668e-09
-6.21336e-09
-6.21336e-09
0
0
6.10283e-61
0
-6.21336e-09
-3.10668e-09
-3.10668e-09
0
3.05142e-61
-6.21336e-09
0
0
0
-3.10668e-09
0
-3.10668e-09
3.90581e-59
-3.10668e-09
0
0
0
0
-1.55334e-09
0
0
0
0
0
0
0
-1.55334e-09
0
0
0
-3.10668e-09
-3.10668e-09
-3.10668e-09
-3.10668e-09
0
-3.10668e-09
0
0
0
-6.21336e-09
0
0
-3.10668e-09
9.53567e-63
-6.21336e-09
0
0
0
0
3.05142e-61
-3.10668e-09
-3.10668e-09
0
0
0
-3.10668e-09
0
0
0
0
0
-3.10668e-09
-3.10668e-09
0
-1.55334e-09
-1.55334e-09
-1.55334e-09
0
0
1.55334e-09
0
0
0
0
4.76784e-63
9.53567e-63
0
9.53567e-63
0
0
0
-3.10668e-09
0
0
1.19196e-63
0
0
0
1.86244e-65
0
-6.21336e-09
7.44975e-65
0
0
0
1.16402e-66
0
-6.21336e-09
0
0
0
0
2.32805e-66
0
0
0
-3.10668e-09
-3.10668e-09
0
0
0
0
0
0
0
2.9799e-64
0
5.9598e-64
1.19196e-63
0
-1.55334e-09
0
0
-1.55334e-09
3.81427e-62
0
0
0
1.22057e-60
0
4.76784e-63
0
9.53567e-63
-3.10668e-09
-6.21336e-09
3.05142e-61
0
-3.10668e-09
0
5.9598e-64
0
0
0
0
0
0
0
0
0
4.76784e-63
0
0
0
0
-3.10668e-09
1.24986e-57
9.53567e-63
0
0
0
0
0
0
1.52571e-61
0
2.38392e-63
4.76784e-63
0
-1.55334e-09
3.99955e-56
-1.55334e-09
-1.55334e-09
7.62854e-62
0
1.52571e-61
0
1.24986e-57
0
0
0
1.90713e-62
0
0
0
-6.21336e-09
-3.10668e-09
-3.10668e-09
-3.10668e-09
0
-3.10668e-09
0
0
0
0
-6.21336e-09
0
1.86244e-65
-6.21336e-09
0
0
0
-3.10668e-09
-3.10668e-09
-3.10668e-09
0
0
0
0
0
0
2.38392e-63
-1.55334e-09
9.53567e-63
0
0
0
0
1.90713e-62
-1.55334e-09
1.52571e-61
-1.55334e-09
0
0
6.10283e-61
-1.55334e-09
0
0
-3.10668e-09
4.76784e-63
9.53567e-63
1.90713e-62
9.53567e-63
0
-3.10668e-09
0
0
0
0
0
-6.21336e-09
0
0
1.16402e-66
0
1.86244e-65
0
-3.10668e-09
0
0
-3.10668e-09
0
-3.10668e-09
0
0
1.48995e-64
0
-3.10668e-09
1.19196e-63
0
0
3.90581e-59
-1.55334e-09
1.90713e-62
-1.55334e-09
-1.55334e-09
7.62854e-62
0
0
0
0
0
4.88227e-60
0
0
0
-3.10668e-09
4.76784e-63
0
0
4.76784e-63
0
-3.10668e-09
9.31218e-66
-3.10668e-09
0
9.31218e-66
0
-3.10668e-09
0
0
0
0
0
0
0
0
-3.10668e-09
-3.10668e-09
-3.10668e-09
0
-3.10668e-09
-3.10668e-09
0
7.44975e-65
2.9799e-64
-3.10668e-09
0
0
0
0
0
1.52571e-61
0
0
0
1.52571e-61
0
0
0
0
-1.55334e-09
4.88227e-60
0
0
4.76784e-63
0
0
0
3.81427e-62
0
0
-3.10668e-09
-3.10668e-09
0
0
5.82011e-67
0
0
-3.10668e-09
0
0
0
-3.10668e-09
-3.10668e-09
-3.10668e-09
5.82011e-67
-3.10668e-09
0
-3.10668e-09
-3.10668e-09
0
0
0
0
3.81427e-62
0
0
1.19196e-63
0
1.90713e-62
1.22057e-60
0
1.22057e-60
6.10283e-61
0
-1.55334e-09
6.2493e-58
-1.55334e-09
0
0
1.95291e-59
0
1.56232e-58
0
0
9.76453e-60
0
0
0
-3.10668e-09
0
0
0
0
-3.10668e-09
0
0
-3.10668e-09
0
0
0
0
0
-3.10668e-09
3.10668e-09
0
5.9598e-64
0
-3.10668e-09
0
1.95291e-59
-3.10668e-09
0
-3.10668e-09
0
-3.10668e-09
0
0
0
0
0
-1.55334e-09
0
0
0
-1.55334e-09
0
0
0
6.10283e-61
0
0
0
0
-3.10668e-09
-3.10668e-09
-3.10668e-09
-3.10668e-09
9.09393e-69
0
0
0
9.31218e-66
0
0
0
-6.21336e-09
0
0
0
0
0
0
0
-6.21336e-09
5.82011e-67
0
0
0
3.72487e-65
0
0
1.86244e-65
0
0
-3.10668e-09
0
-1.55334e-09
-1.55334e-09
0
0
4.88227e-60
0
0
0
0
2.32805e-66
-1.55334e-09
-1.55334e-09
0
0
0
0
-3.10668e-09
1.45503e-67
-3.10668e-09
0
3.63757e-68
-3.10668e-09
-3.10668e-09
0
0
0
-6.21336e-09
-6.21336e-09
0
0
-6.21336e-09
2.27348e-69
0
0
-3.10668e-09
-3.10668e-09
0
0
2.32805e-66
0
0
1.48995e-64
2.9799e-64
0
0
-3.10668e-09
-3.10668e-09
-3.10668e-09
0
0
1.19196e-63
1.19196e-63
2.9799e-64
-1.55334e-09
0
0
0
9.31218e-66
0
-1.55334e-09
0
-1.55334e-09
0
0
0
-3.10668e-09
0
0
9.76453e-60
3.63757e-68
0
-3.10668e-09
0
0
0
0
2.91006e-67
0
0
0
0
2.32805e-66
-6.21336e-09
0
-3.10668e-09
0
0
2.32805e-66
0
4.88227e-60
0
-3.10668e-09
0
-3.10668e-09
-3.10668e-09
0
0
0
0
0
-1.55334e-09
1.19196e-63
1.90713e-62
0
-1.55334e-09
0
-1.55334e-09
0
0
0
0
0
-3.10668e-09
1.16402e-66
-3.10668e-09
-3.10668e-09
0
-3.10668e-09
-3.10668e-09
-3.10668e-09
1.81879e-68
-3.10668e-09
2.27348e-69
0
0
1.45503e-67
0
0
0
2.27348e-69
-6.21336e-09
-6.21336e-09
0
-3.10668e-09
0
0
0
-3.10668e-09
0
-3.10668e-09
0
0
0
0
7.44975e-65
-3.10668e-09
0
0
0
9.53567e-63
0
0
0
7.44975e-65
7.44975e-65
2.9799e-64
0
0
-1.55334e-09
-1.55334e-09
0
-3.10668e-09
0
2.32805e-66
5.82011e-67
2.91006e-67
-3.10668e-09
-3.10668e-09
0
0
2.84185e-70
-3.10668e-09
-3.10668e-09
-3.10668e-09
3.63757e-68
0
0
0
0
0
0
0
0
-3.10668e-09
-3.10668e-09
-3.10668e-09
0
-3.10668e-09
0
1.48995e-64
0
-3.10668e-09
0
-3.10668e-09
1.52571e-61
0
0
-1.55334e-09
0
0
0
0
0
5.9598e-64
0
0
0
1.86244e-65
0
-3.10668e-09
0
0
0
2.32805e-66
0
-3.10668e-09
-3.10668e-09
-3.10668e-09
2.27348e-69
-3.10668e-09
0
-3.10668e-09
3.72487e-65
0
-3.10668e-09
0
0
0
9.09393e-69
0
-3.10668e-09
0
-3.10668e-09
-3.10668e-09
-3.10668e-09
0
0
0
0
0
0
0
-3.10668e-09
0
1.52571e-61
0
0
0
6.10283e-61
-1.55334e-09
0
0
2.38392e-63
4.76784e-63
-1.55334e-09
-1.55334e-09
1.52571e-61
-1.55334e-09
0
0
0
1.19196e-63
0
9.53567e-63
-3.10668e-09
0
0
-3.10668e-09
1.16402e-66
9.31218e-66
0
0
-3.10668e-09
0
-3.10668e-09
-3.10668e-09
-3.10668e-09
-3.10668e-09
-3.10668e-09
-3.10668e-09
-3.10668e-09
-3.10668e-09
-3.10668e-09
0
0
0
0
0
0
-3.10668e-09
0
0
0
0
6.10283e-61
0
0
0
-1.55334e-09
-1.55334e-09
-1.55334e-09
-1.55334e-09
0
1.32334e-79
-1.55334e-09
0
7.10463e-71
0
-3.10668e-09
-3.10668e-09
1.65418e-80
0
0
0
0
3.23081e-83
0
2.06772e-81
-6.21336e-09
0
5.55049e-73
0
0
0
0
0
0
4.44039e-72
5.1693e-82
0
0
0
0
0
0
0
0
0
-3.10668e-09
0
0
0
0
0
-1.55334e-09
3.38775e-77
0
-1.55334e-09
3.63757e-68
0
-1.55334e-09
-1.55334e-09
-1.55334e-09
4.23469e-78
0
0
-3.10668e-09
-3.10668e-09
-3.10668e-09
0
0
0
-3.10668e-09
8.07703e-84
0
0
-3.10668e-09
0
-3.10668e-09
-3.10668e-09
0
1.03386e-81
-6.21336e-09
-6.21336e-09
2.64668e-79
0
-6.21336e-09
0
0
0
-3.10668e-09
-3.10668e-09
-3.10668e-09
0
0
-3.10668e-09
8.46938e-78
0
0
-3.10668e-09
1.81879e-68
1.32334e-79
0
-1.55334e-09
0
0
1.77616e-71
2.91006e-67
-1.55334e-09
0
1.32334e-79
-1.55334e-09
-1.55334e-09
0
-1.55334e-09
0
0
-3.10668e-09
-3.10668e-09
0
0
0
0
2.58465e-82
0
1.65418e-80
0
0
-3.10668e-09
0
-3.10668e-09
0
-3.10668e-09
-3.10668e-09
4.33632e-75
0
-3.10668e-09
0
0
-3.10668e-09
-3.10668e-09
0
0
1.32334e-79
-3.10668e-09
1.69388e-77
0
1.08408e-75
0
7.27514e-68
0
1.69388e-77
-1.55334e-09
0
-1.55334e-09
0
0
-1.55334e-09
1.55334e-09
1.55334e-09
-1.55334e-09
3.38775e-77
0
-1.55334e-09
0
0
0
0
4.23469e-78
-3.10668e-09
2.84185e-70
0
-3.10668e-09
8.27088e-81
3.30835e-80
0
2.16816e-75
0
-3.10668e-09
8.27088e-81
0
-3.10668e-09
2.11735e-78
8.67265e-75
0
0
-3.10668e-09
0
3.10668e-09
-3.10668e-09
-3.10668e-09
0
0
8.46938e-78
6.7755e-77
0
0
0
0
0
-1.55334e-09
-1.55334e-09
0
0
1.42093e-70
0
-1.55334e-09
-1.55334e-09
1.05867e-78
0
-1.55334e-09
0
0
1.03386e-81
0
0
0
0
0
0
0
-3.10668e-09
-3.10668e-09
-3.10668e-09
5.29336e-79
-3.10668e-09
0
0
-3.10668e-09
0
0
4.23469e-78
-3.10668e-09
0
6.6167e-80
0
-3.10668e-09
-3.10668e-09
0
-3.10668e-09
0
0
-3.10668e-09
-3.10668e-09
0
0
0
0
0
-1.55334e-09
0
0
0
0
0
0
0
0
8.46938e-78
-1.55334e-09
5.55049e-73
0
0
3.30835e-80
0
0
8.46938e-78
0
7.10463e-71
0
1.03386e-81
0
-3.10668e-09
-3.10668e-09
5.4204e-76
0
0
0
6.6167e-80
0
0
-3.10668e-09
-3.10668e-09
-3.10668e-09
0
-3.10668e-09
-3.10668e-09
0
0
-3.10668e-09
0
-3.10668e-09
0
0
0
0
-3.10668e-09
0
1.3551e-76
5.4204e-76
0
0
0
0
-1.55334e-09
2.64668e-79
2.11735e-78
0
0
0
0
0
0
2.64668e-79
0
0
0
0
0
-3.10668e-09
0
0
0
0
2.2202e-72
1.03386e-81
1.65418e-80
-3.10668e-09
-3.10668e-09
-3.10668e-09
0
0
0
-3.10668e-09
0
0
-3.10668e-09
2.77525e-73
0
0
1.69388e-77
0
1.08408e-75
0
0
7.27514e-68
0
1.3551e-76
0
0
6.93812e-74
0
-1.55334e-09
-7.76669e-10
2.52407e-85
-7.76669e-10
8.46938e-78
-7.76669e-10
1.08408e-75
1.73453e-74
0
0
0
-3.10668e-09
5.1693e-82
0
0
0
0
-3.10668e-09
0
8.27088e-81
0
0
-3.10668e-09
2.06772e-81
0
-3.10668e-09
1.69388e-77
0
-3.10668e-09
-3.10668e-09
-3.10668e-09
-3.10668e-09
-3.10668e-09
-3.10668e-09
0
0
1.00963e-84
0
1.03386e-81
2.11735e-78
5.29336e-79
0
0
-7.76669e-10
0
0
0
-7.76669e-10
0
0
0
-1.55334e-09
2.52407e-85
0
0
-1.55334e-09
3.30835e-80
4.81429e-91
0
0
-3.10668e-09
-3.10668e-09
0
0
0
5.04814e-85
-3.10668e-09
0
1.32334e-79
8.46938e-78
0
0
-3.10668e-09
-3.10668e-09
0
0
-3.10668e-09
-3.10668e-09
-3.10668e-09
0
0
0
0
4.33632e-75
5.55049e-73
0
0
0
0
2.58465e-82
0
5.29336e-79
-1.55334e-09
2.01926e-84
0
0
-1.55334e-09
0
0
0
0
0
0
2.46491e-88
-1.55334e-09
-1.55334e-09
0
1.50446e-92
0
0
0
0
0
0
-3.10668e-09
0
1.29232e-82
0
0
0
-3.10668e-09
-3.10668e-09
0
5.1693e-82
-3.10668e-09
0
0
1.00963e-84
0
0
0
0
0
0
0
0
0
3.15509e-86
2.01926e-84
0
0
6.01786e-92
3.85143e-90
2.46491e-88
-1.55334e-09
0
0
-1.55334e-09
0
7.17384e-99
0
0
0
0
-1.55334e-09
0
-3.10668e-09
0
1.92571e-90
0
-3.10668e-09
-3.10668e-09
3.08114e-89
-3.10668e-09
0
0
-3.10668e-09
1.65418e-80
-3.10668e-09
0
-3.10668e-09
2.01926e-84
-3.10668e-09
0
0
0
3.15509e-86
0
1.61541e-83
-3.10668e-09
0
0
5.4204e-76
0
0
0
-3.10668e-09
0
0
0
0
0
0
0
-1.55334e-09
0
-1.55334e-09
-1.55334e-09
0
0
0
0
0
3.00893e-92
9.18252e-97
0
1.88058e-93
0
0
0
3.15509e-86
9.62857e-91
0
0
0
0
0
0
-3.10668e-09
6.31018e-86
0
0
-3.10668e-09
8.27088e-81
0
9.85966e-88
-3.10668e-09
0
0
-3.10668e-09
0
-3.10668e-09
0
0
0
0
0
0
0
0
0
-1.55334e-09
1.17536e-94
-1.55334e-09
-1.55334e-09
0
5.47321e-104
8.75713e-103
0
-1.55334e-09
0
0
0
5.73908e-98
0
-3.10668e-09
0
0
-3.10668e-09
0
6.01786e-92
0
0
0
0
3.23081e-83
0
0
0
0
0
-3.10668e-09
0
-3.10668e-09
6.16229e-89
0
0
8.07703e-84
-3.10668e-09
8.27088e-81
0
0
0
6.01786e-92
0
0
7.88773e-87
0
0
0
5.73908e-98
0
1.17536e-94
0
0
0
-1.55334e-09
0
0
0
0
0
0
0
0
2.35073e-94
0
0
0
-3.76116e-93
-3.10668e-09
0
-3.10668e-09
-3.10668e-09
0
0
6.16229e-89
-3.10668e-09
3.94386e-87
0
0
0
0
0
0
0
0
0
0
0
0
0
0
0
0
0
0
0
0
0
0
-1.55334e-09
4.70145e-94
0
5.82011e-67
0
0
-1.55334e-09
0
-1.55334e-09
-1.55334e-09
0
0
0
-3.10668e-09
0
-3.10668e-09
-3.10668e-09
0
0
2.7102e-76
0
0
0
0
0
0
8.46938e-78
5.29336e-79
0
0
0
-6.21336e-09
0
0
0
1.05867e-78
0
0
-3.10668e-09
0
0
0
-3.10668e-09
0
-3.10668e-09
0
-1.55334e-09
0
-1.55334e-09
0
0
-1.55334e-09
-1.55334e-09
-1.55334e-09
0
0
1.3551e-76
-1.55334e-09
-1.55334e-09
0
0
0
0
-3.10668e-09
0
0
0
-3.10668e-09
0
-3.10668e-09
0
0
0
0
-6.21336e-09
0
2.11735e-78
-6.21336e-09
0
0
0
0
-3.10668e-09
-3.10668e-09
0
0
-3.10668e-09
0
0
0
-3.10668e-09
0
-3.10668e-09
1.32334e-79
5.82011e-67
-1.55334e-09
0
0
-1.55334e-09
-1.55334e-09
0
0
1.13674e-69
-1.55334e-09
0
1.08408e-75
0
-1.55334e-09
0
1.42093e-70
-3.10668e-09
-3.10668e-09
0
3.38775e-77
0
0
8.88079e-72
0
0
1.69388e-77
-3.10668e-09
0
0
0
-3.10668e-09
0
0
0
8.27088e-81
0
0
-3.10668e-09
-1.69388e-77
0
0
0
1.45503e-67
0
0
-3.10668e-09
3.38775e-77
-3.10668e-09
0
0
0
0
0
0
0
1.05867e-78
0
0
0
0
0
0
0
0
2.84185e-70
0
0
-3.10668e-09
0
4.23469e-78
-3.63757e-68
0
0
0
-3.10668e-09
-3.10668e-09
-3.10668e-09
0
0
-3.10668e-09
-3.10668e-09
-3.10668e-09
0
0
0
-3.10668e-09
5.4204e-76
3.38775e-77
0
1.05867e-78
-3.10668e-09
0
3.55232e-71
0
0
6.7755e-77
0
0
9.31218e-66
-1.55334e-09
0
0
0
-1.55334e-09
-1.55334e-09
-1.55334e-09
-1.55334e-09
5.55049e-73
-1.55334e-09
0
0
0
0
0
-3.10668e-09
0
1.08408e-75
0
0
0
0
0
-3.10668e-09
0
0
-3.10668e-09
2.84185e-70
0
-3.10668e-09
0
-3.10668e-09
0
-3.10668e-09
-3.10668e-09
-3.10668e-09
0
-3.10668e-09
-3.10668e-09
-3.10668e-09
-3.10668e-09
-3.10668e-09
0
0
-3.10668e-09
-3.10668e-09
0
0
9.31218e-66
-1.55334e-09
0
0
0
-1.55334e-09
0
0
0
0
1.38762e-73
0
1.08408e-75
-1.55334e-09
0
0
0
1.73453e-74
-3.10668e-09
0
0
4.54696e-69
-3.10668e-09
-3.10668e-09
-3.10668e-09
-3.10668e-09
0
-3.10668e-09
0
0
-3.10668e-09
0
0
-3.10668e-09
-3.10668e-09
0
0
-3.10668e-09
6.7755e-77
8.46938e-78
0
0
0
0
1.73453e-74
0
-3.10668e-09
0
1.05867e-78
9.31218e-66
0
0
-1.55334e-09
1.08408e-75
-1.55334e-09
8.46938e-78
1.48995e-64
0
-1.55334e-09
0
8.67265e-75
0
-1.55334e-09
0
-3.10668e-09
0
-3.10668e-09
0
2.7102e-76
-3.10668e-09
-3.10668e-09
-3.10668e-09
-3.10668e-09
-3.10668e-09
-3.10668e-09
3.38775e-77
0
0
0
0
-3.10668e-09
-3.10668e-09
0
-3.10668e-09
-3.10668e-09
0
0
0
-3.10668e-09
0
0
0
-3.10668e-09
1.73453e-74
0
0
0
0
0
0
-1.55334e-09
0
0
0
0
0
-7.76669e-10
0
-7.76669e-10
-7.76669e-10
-7.76669e-10
0
0
-3.10668e-09
0
0
0
2.58465e-82
0
-3.10668e-09
-3.10668e-09
0
0
-3.10668e-09
3.10668e-09
0
-3.10668e-09
0
-3.10668e-09
0
0
-3.10668e-09
-3.10668e-09
0
-3.10668e-09
1.69388e-77
-3.10668e-09
0
3.30835e-80
-3.10668e-09
0
0
-3.10668e-09
2.11735e-78
0
3.23081e-83
0
1.77616e-71
0
0
0
-7.76669e-10
0
1.61541e-83
2.7102e-76
3.38775e-77
0
-1.55334e-09
0
0
1.00963e-84
0
0
0
0
0
1.00963e-84
-3.10668e-09
0
0
0
0
0
-3.10668e-09
0
5.55049e-73
-3.10668e-09
-3.10668e-09
-3.10668e-09
0
-3.10668e-09
1.29232e-82
0
-3.10668e-09
1.3551e-76
0
0
0
-3.10668e-09
0
0
-3.10668e-09
0
0
0
0
0
0
0
0
0
0
6.31018e-86
5.1693e-82
6.46162e-83
0
0
7.88773e-87
0
0
0
-3.10668e-09
0
0
0
0
0
0
0
1.3551e-76
-3.10668e-09
0
0
-3.10668e-09
0
0
0
0
0
2.58465e-82
0
0
0
0
1.32334e-79
0
-3.10668e-09
0
0
-3.10668e-09
8.07703e-84
0
0
0
0
6.46162e-83
0
2.52407e-85
1.57755e-86
-1.55334e-09
1.54057e-89
0
0
0
0
0
-1.55334e-09
1.17536e-94
1.8365e-96
-3.10668e-09
0
0
-3.10668e-09
0
7.70286e-90
-3.10668e-09
1.73453e-74
0
0
3.30835e-80
0
0
0
0
-3.10668e-09
0
0
0
1.61541e-83
-3.10668e-09
0
0
0
0
0
0
-3.10668e-09
0
0
0
0
0
0
0
-1.55334e-09
0
0
3.00893e-92
9.4029e-94
0
0
0
0
0
0
0
0
7.17384e-99
0
0
1.26204e-85
0
0
0
7.52232e-93
5.4204e-76
0
0
2.06772e-81
0
0
7.88773e-87
0
0
4.13544e-81
0
0
4.03852e-84
1.26204e-85
6.7755e-77
0
0
0
0
0
0
6.46162e-83
0
0
0
-3.10668e-09
0
0
-1.55334e-09
0
0
0
-1.55334e-09
0
0
0
0
0
0
1.8365e-96
2.86954e-98
0
-3.10668e-09
0
-3.10668e-09
0
-3.10668e-09
3.00893e-92
0
0
0
0
-3.10668e-09
0
0
-3.10668e-09
4.23469e-78
0
0
0
-3.10668e-09
2.52407e-85
0
0
0
5.1693e-82
-3.10668e-09
-3.10668e-09
3.94386e-87
-3.10668e-09
0
-3.10668e-09
0
1.54057e-89
0
3.76116e-93
0
1.92571e-90
1.50446e-92
0
0
0
0
1.12091e-100
-1.55334e-09
3.00893e-92
0
0
0
0
2.80228e-101
0
0
0
0
0
0
0
0
0
0
-3.10668e-09
-3.10668e-09
0
3.08114e-89
2.64668e-79
0
-3.10668e-09
0
2.52407e-85
3.15509e-86
0
0
0
0
0
0
0
-3.10668e-09
1.26204e-85
0
0
0
0
2.35073e-94
0
0
-1.55334e-09
0
-1.55334e-09
1.43477e-98
2.24183e-100
0
)
;

boundaryField
{
    fuel
    {
        type            calculated;
        value           uniform 0;
    }
    primary_air
    {
        type            calculated;
        value           uniform 0;
    }
    Secondary_air_RHS
    {
        type            calculated;
        value           uniform 0;
    }
    Secondary_air_LHS
    {
        type            calculated;
        value           uniform 0;
    }
    outlet
    {
        type            calculated;
        value           uniform 0;
    }
    stove_body
    {
        type            calculated;
        value           uniform 0;
    }
    frontAndBack
    {
        type            empty;
    }
}


// ************************************************************************* //
