/*--------------------------------*- C++ -*----------------------------------*\
  =========                 |
  \\      /  F ield         | OpenFOAM: The Open Source CFD Toolbox
   \\    /   O peration     | Website:  https://openfoam.org
    \\  /    A nd           | Version:  6
     \\/     M anipulation  |
\*---------------------------------------------------------------------------*/
FoamFile
{
    version     2.0;
    format      ascii;
    class       volScalarField;
    location    "0.0075";
    object      N2;
}
// * * * * * * * * * * * * * * * * * * * * * * * * * * * * * * * * * * * * * //

dimensions      [0 0 0 0 0 0 0];

internalField   nonuniform List<scalar> 
3773
(
0.690845
0.700401
0.700371
0.700025
0.700011
0.698855
0.688918
0.759826
0.76385
0.761008
0.762301
0.765638
0.764686
0.761795
0.735358
0.748541
0.748501
0.748505
0.748491
0.748433
0.73553
0.735483
0.740633
0.739912
0.739608
0.739721
0.741514
0.736133
0.735226
0.739701
0.748409
0.748443
0.748465
0.748439
0.735548
0.761892
0.765779
0.763144
0.764452
0.766004
0.764769
0.762082
0.68924
0.69808
0.697783
0.698468
0.699407
0.698697
0.688395
0.887794
0.904013
0.905304
0.904454
0.901642
0.899488
0.885325
0.98745
0.991644
0.990331
0.99107
0.992326
0.991836
0.988114
0.983151
0.980231
0.978482
0.979444
0.979896
0.975551
0.983648
0.986736
0.992575
0.991806
0.991562
0.991706
0.993435
0.987991
0.983407
0.98837
0.978412
0.979283
0.980482
0.977829
0.983734
0.988058
0.993279
0.99114
0.992129
0.992564
0.991854
0.988219
0.883232
0.896389
0.898754
0.898887
0.900771
0.900478
0.883905
0.965392
0.9807
0.981552
0.981143
0.977814
0.975292
0.96386
0.992913
0.99914
0.999118
0.999169
0.998995
0.99879
0.992885
0.994718
0.998873
0.998416
0.998634
0.998698
0.998841
0.994483
0.995152
0.99975
0.999851
0.999854
0.999863
0.999814
0.995221
0.994431
0.999313
0.998831
0.99867
0.99883
0.99843
0.994473
0.992914
0.998758
0.998978
0.998796
0.999122
0.99892
0.992913
0.962611
0.974215
0.97697
0.975512
0.978171
0.976658
0.962848
0.986816
0.995442
0.995868
0.995698
0.996219
0.996078
0.986338
0.993968
0.999795
0.999887
0.999895
0.999853
0.999798
0.993939
0.995117
0.999935
0.999897
0.999922
0.99995
0.999945
0.995107
0.995345
0.999984
0.999997
0.999997
0.999997
0.999956
0.99534
0.995102
0.999974
0.999939
0.999961
0.999951
0.999905
0.995115
0.99394
0.999808
0.999853
0.999902
0.999858
0.999802
0.993943
0.98603
0.995815
0.995803
0.996671
0.995843
0.995953
0.98601
0.990359
0.999144
0.999418
0.99929
0.999531
0.99962
0.990226
0.994108
0.999868
0.999985
0.999983
0.999982
0.999925
0.994093
0.995133
0.999963
0.999997
0.999998
0.999997
0.999987
0.995134
0.995353
0.999992
1
1
1
0.99997
0.995344
0.995131
0.999987
0.999997
0.999998
0.999998
0.99999
0.995139
0.994095
0.999934
0.99998
0.999988
0.999981
0.999931
0.994095
0.9901
0.999557
0.999431
0.999466
0.999422
0.999453
0.990109
0.990694
0.999934
0.999929
0.999926
0.999941
0.999949
0.990663
0.994206
0.999909
0.999999
0.999999
0.999999
0.999937
0.994194
0.99517
0.999954
1
1
1
0.999989
0.995171
0.995398
0.999996
1
1
1
0.999971
0.995375
0.995169
0.999976
1
1
1
0.999991
0.995174
0.9942
0.999956
0.999999
0.999999
0.999999
0.999963
0.9942
0.990529
0.999942
0.999927
0.999944
0.999928
0.999927
0.990545
1
1
1
1
1
1
1
1
1
1
1
1
1
1
1
1
1
1
1
1
1
1
1
1
1
1
1
1
1
1
1
1
1
1
1
1
1
1
1
1
1
1
1
1
1
1
1
1
1
0.998514
0.999388
0.999495
0.999633
0.999593
0.999507
0.998672
0.99734
0.998949
0.99931
0.999444
0.999356
0.999057
0.997632
0.993857
0.995031
0.995634
0.995975
0.995691
0.995154
0.994068
0.991326
0.991514
0.990985
0.990674
0.990963
0.991372
0.991392
0.993553
0.993978
0.994635
0.994913
0.994702
0.994067
0.993862
0.995939
0.99812
0.998848
0.998991
0.998835
0.998245
0.99607
0.998211
0.999378
0.999456
0.999423
0.99941
0.999369
0.998212
0.998908
0.999999
1
1
1
0.999999
0.999101
0.997774
0.999916
0.999999
0.999998
0.999999
0.999958
0.998006
0.996272
0.997142
0.997939
0.998324
0.998037
0.997317
0.996295
0.995585
0.995861
0.995822
0.995958
0.995792
0.995739
0.995566
0.996374
0.997523
0.99782
0.998134
0.998025
0.997799
0.996583
0.997782
0.999834
0.999999
0.999999
0.999998
0.999921
0.998336
0.99872
0.999995
0.999999
1
1
1
0.999461
0.999478
0.999996
1
1
1
0.999998
0.99954
0.998898
0.999966
0.999999
0.999997
0.999999
0.999973
0.998982
0.998027
0.998947
0.999063
0.999298
0.999148
0.999032
0.998146
0.99774
0.997996
0.998265
0.998213
0.998275
0.99818
0.997909
0.99857
0.999038
0.999133
0.999255
0.999253
0.999191
0.998892
0.999094
0.999995
1
1
0.999999
0.999957
0.99938
0.99949
0.999981
0.999998
1
1
1
0.999951
0.999874
0.999991
1
1
1
0.999996
0.999881
0.999551
0.999929
0.999998
0.999998
0.999999
0.999952
0.999601
0.999212
0.999488
0.999622
0.999734
0.999662
0.999558
0.999248
0.998889
0.998928
0.999165
0.999099
0.999202
0.999046
0.998866
0.999532
0.999675
0.999689
0.99971
0.999736
0.999746
0.999683
0.999702
0.999979
1
1
1
0.999999
0.999941
0.999865
0.999978
0.999998
1
1
1
1
0.999999
1
1
1
1
1
0.999994
0.999903
0.999987
0.999999
0.999999
0.999999
0.999991
0.999913
0.999806
0.999847
0.999887
0.9999
0.999899
0.99986
0.999823
0.999534
0.999542
0.99956
0.999506
0.999575
0.999632
0.99955
0.999871
0.999903
0.999893
0.999896
0.999912
0.999929
0.999916
0.999972
0.999997
0.999999
0.999999
1
1
0.999999
1
1
1
1
1
1
1
1
1
1
1
1
1
1
0.999998
1
1
0.999999
0.999999
1
0.999998
0.999954
0.999958
0.999963
0.999969
0.999967
0.999965
0.999957
0.999789
0.999781
0.999756
0.999756
0.999801
0.999796
0.999773
0.999962
0.999967
0.999964
0.999965
0.999973
0.99998
0.999978
1
1
1
0.999999
1
1
1
1
1
1
1
1
1
1
1
1
1
1
1
1
1
1
1
1
0.999998
0.999999
1
1
0.999983
0.99999
0.999989
0.999987
0.999991
0.999991
0.999985
0.999865
0.999892
0.999912
0.999908
0.999936
0.99992
0.999904
0.999987
0.999991
0.99999
0.999988
0.99999
0.999992
0.99999
1
1
1
1
1
1
1
1
1
1
1
1
1
1
1
1
1
1
1
1
1
1
1
1
1
1
1
1
1
0.999999
0.999998
0.999997
0.999998
0.999999
1
1
0.999979
0.999978
0.999981
0.999983
0.999987
1
1
0.999999
0.999998
0.999998
0.999998
0.999998
1
1
1
1
1
1
1
1
1
1
1
1
1
1
1
1
1
1
1
1
1
1
1
1
1
1
1
1
1
1
1
1
0.999999
1
1
1
1
0.999997
0.999995
0.999995
0.999997
0.999996
1
1
1
1
1
1
0.999999
1
1
1
1
1
1
1
1
1
1
1
1
1
1
1
1
1
1
1
1
1
1
1
1
1
1
1
1
1
1
1
1
1
1
1
1
1
0.999999
0.999998
0.999998
0.999999
0.999998
1
1
1
1
1
1
1
1
1
1
1
1
1
1
1
1
1
1
1
1
1
1
1
1
1
1
1
1
1
1
1
1
1
1
1
1
1
1
1
1
1
1
1
1
1
1
0.999999
1
0.999999
1
1
1
1
1
1
1
1
1
1
1
1
1
1
1
1
1
1
1
1
1
1
1
1
1
1
1
1
1
1
1
1
1
1
1
1
1
1
1
1
1
1
1
1
1
1
1
1
1
1
1
1
1
1
1
1
1
1
1
1
1
1
1
1
1
1
1
1
1
1
1
1
1
1
1
1
1
1
1
1
1
1
1
1
1
1
1
1
1
1
1
1
1
1
1
1
1
1
1
1
1
1
1
1
1
1
1
1
1
1
1
1
1
1
1
1
1
1
1
1
1
1
1
1
1
1
1
1
1
1
1
1
1
1
1
1
1
1
1
1
1
1
1
1
1
1
1
1
1
1
1
1
1
1
1
1
1
1
1
1
1
1
1
1
1
1
1
1
1
1
1
1
1
1
1
1
1
1
0.999999
0.999999
0.999999
0.999999
1
1
0.999991
0.99999
0.99999
0.999992
0.999993
1
0.999992
0.999897
0.999942
0.999944
0.999941
0.999944
0.999954
1
0.999995
0.999992
0.999992
0.999995
0.999994
1
1
1
1
1
0.999999
0.999999
1
1
1
1
1
1
1
1
1
1
1
1
1
1
1
1
1
0.999999
0.999999
0.999999
1
1
1
0.999992
0.999991
0.999991
0.999992
0.999994
1
1
0.999899
0.999945
0.999949
0.999943
0.99995
1
1
0.999994
0.999993
0.999993
0.999995
0.999994
1
1
1
1
1
1
1
1
1
1
1
1
1
1
1
1
1
1
1
1
1
1
1
1
1
0.999999
0.999999
1
1
1
0.999992
0.999992
0.999992
0.999992
0.999994
1
1
0.999906
0.999949
0.999953
0.999947
0.999957
1
1
0.999994
0.999993
0.999993
0.999996
0.999995
1
1
1
1
1
1
1
1
1
1
1
1
1
1
1
1
1
1
1
1
1
1
1
1
1
0.999999
0.999999
1
1
1
0.999993
0.999993
0.999992
0.999993
0.999995
1
1
0.999912
0.999952
0.999956
0.99995
0.99996
1
1
0.999994
0.999993
0.999994
0.999996
0.999995
1
1
1
1
1
1
1
1
1
1
1
1
1
1
1
1
1
1
1
1
1
1
1
1
1
0.999999
1
1
1
1
0.999994
0.999993
0.999993
0.999994
0.999996
1
1
0.999919
0.999954
0.999959
0.999953
0.999967
1
1
0.999994
0.999994
0.999994
0.999996
0.999995
1
1
1
1
1
1
1
1
1
1
1
1
1
1
1
1
1
1
1
1
1
1
1
1
1
0.999999
1
1
1
1
0.999994
0.999994
0.999993
0.999994
0.999996
1
1
0.999923
0.999956
0.999963
0.999957
0.999969
1
1
0.999994
0.999994
0.999994
0.999996
0.999995
1
1
1
1
1
1
1
1
1
1
1
1
1
1
1
1
1
1
1
1
1
1
1
1
1
1
1
1
1
1
0.999995
0.999994
0.999994
0.999995
0.999997
1
1
0.999927
0.999957
0.999965
0.99996
0.999973
1
1
0.999995
0.999994
0.999994
0.999996
0.999995
1
1
1
1
1
1
1
1
1
1
1
1
1
1
1
1
1
1
1
1
1
1
1
1
1
1
1
1
1
1
1
1
1
1
1
1
1
1
1
1
1
1
1
1
1
1
1
1
1
1
1
1
1
1
1
1
1
1
1
1
1
1
1
1
1
1
1
1
1
1
1
1
1
1
1
1
1
1
1
1
1
1
1
1
1
1
1
1
1
1
1
1
1
1
1
1
1
1
1
1
1
1
1
1
1
1
1
1
1
1
1
1
1
1
1
1
1
1
1
1
1
1
1
1
1
1
1
1
1
1
1
1
1
1
1
1
1
1
1
1
1
1
1
1
1
1
1
1
1
1
1
1
1
1
1
1
1
1
1
1
1
1
1
1
1
1
1
1
1
1
1
1
1
1
1
1
1
1
1
1
1
1
1
1
1
1
1
1
1
1
1
1
1
1
1
1
1
1
1
1
1
1
1
1
1
1
1
1
1
1
1
1
1
1
1
1
1
1
1
1
1
1
1
1
1
1
1
1
1
1
1
1
1
1
1
1
1
1
1
1
1
1
1
1
1
1
1
1
1
1
1
1
1
1
1
1
1
1
1
1
1
1
1
1
1
1
1
1
1
1
1
1
1
1
1
1
1
1
1
1
1
1
1
1
1
1
1
1
1
1
1
1
1
1
1
1
1
1
1
1
1
1
1
1
1
1
1
1
1
1
1
1
1
1
1
1
1
1
1
1
1
1
1
1
1
1
1
1
1
1
1
1
1
1
1
1
1
1
1
1
1
1
1
1
1
1
1
1
1
1
1
1
1
1
1
1
1
1
1
1
1
1
1
1
1
1
1
1
1
1
1
1
1
1
1
1
1
1
1
1
1
1
1
1
1
1
1
1
1
1
1
1
1
1
1
1
1
1
1
1
1
1
1
1
1
1
1
1
1
1
1
1
1
1
1
1
1
1
1
1
1
1
1
1
1
1
1
1
1
1
1
1
1
1
1
1
1
1
1
1
1
1
1
1
1
1
1
1
1
1
1
1
1
1
1
1
1
1
1
1
1
1
1
1
1
1
1
1
1
1
1
1
1
1
1
1
1
1
1
1
1
1
1
1
1
1
1
1
1
1
1
1
1
1
1
1
1
1
1
1
1
1
1
1
1
1
1
1
1
1
1
1
1
1
1
1
1
1
1
1
1
1
1
1
1
1
1
1
1
1
1
1
1
1
1
1
1
1
1
1
1
1
1
1
1
1
1
1
1
1
1
1
1
1
1
1
1
1
1
1
1
1
1
1
1
1
1
1
1
1
1
1
1
1
1
1
1
1
1
1
1
1
1
1
1
1
1
1
1
1
1
1
1
1
1
1
1
1
1
1
1
1
1
1
1
1
1
1
1
1
1
1
1
1
1
1
1
1
1
1
1
1
1
1
1
1
1
1
1
1
1
1
1
1
1
1
1
1
1
1
1
1
1
1
1
1
1
1
1
1
1
1
1
1
1
1
1
1
1
1
1
1
1
1
1
1
1
1
1
1
1
1
1
1
1
1
1
1
1
1
1
1
1
1
1
1
1
1
1
1
1
1
1
1
1
1
1
1
1
1
1
1
1
1
1
1
1
1
1
1
1
1
1
1
1
1
1
1
1
1
1
1
1
1
1
1
1
1
1
1
1
1
1
1
1
1
1
1
1
1
1
1
1
1
1
1
1
1
1
1
1
1
1
1
1
1
1
1
1
1
1
1
1
1
1
1
1
1
1
1
1
1
1
1
1
1
1
1
1
1
1
1
1
1
1
1
1
1
1
1
1
1
1
1
1
1
1
1
1
1
1
1
1
1
1
1
1
1
1
1
1
1
1
1
1
1
1
1
1
1
1
1
1
1
1
1
1
1
1
1
1
1
1
1
1
1
1
1
1
1
1
1
1
1
1
1
1
1
1
1
1
1
1
1
1
1
1
1
1
1
1
1
1
1
1
1
1
1
1
1
1
1
1
1
1
1
1
1
1
1
1
1
1
1
1
1
1
1
1
1
1
1
1
1
1
1
1
1
1
1
1
1
1
1
1
1
1
1
1
1
1
1
1
1
1
1
1
1
1
1
1
1
1
1
1
1
1
1
1
1
1
1
1
1
1
1
1
1
1
1
1
1
1
1
1
1
1
1
1
1
1
1
1
1
1
1
1
1
1
1
1
1
1
1
1
1
1
1
1
1
1
1
1
1
1
1
1
1
1
1
1
1
1
1
1
1
1
1
1
1
1
1
1
1
1
1
1
1
1
1
1
1
1
1
1
1
1
1
1
1
1
1
1
1
1
1
1
1
1
1
1
1
1
1
1
1
1
1
1
1
1
1
1
1
1
1
1
1
1
1
1
1
1
1
1
1
1
1
1
1
1
1
1
1
1
1
1
1
1
1
1
1
1
1
1
1
1
1
1
1
1
1
1
1
1
1
1
1
1
1
1
1
1
1
1
1
1
1
1
1
1
1
1
1
1
1
1
1
1
1
1
1
1
1
1
1
1
1
1
1
1
1
1
1
1
1
1
1
1
1
1
1
1
1
1
1
1
1
1
1
1
1
1
1
1
1
1
1
1
1
1
1
1
1
1
1
1
1
1
1
1
1
1
1
1
1
1
1
1
1
1
1
1
1
1
1
1
1
1
1
1
1
1
1
1
1
1
1
1
1
1
1
1
1
1
1
1
1
1
1
1
1
1
1
1
1
1
1
1
1
1
1
1
1
1
1
1
1
1
1
1
1
1
1
1
1
1
1
1
1
1
1
1
1
1
1
1
1
1
1
1
1
1
1
1
1
1
1
1
1
1
1
1
1
1
1
1
1
1
1
1
1
1
1
1
1
1
1
1
1
1
1
1
1
1
1
1
1
1
1
1
1
1
1
1
1
1
1
1
1
1
1
1
1
1
1
1
1
1
1
1
1
1
1
1
1
1
1
1
1
1
1
1
1
1
1
1
1
1
1
1
1
1
1
1
1
1
1
1
1
1
1
1
1
1
1
1
1
1
1
1
1
1
1
1
1
1
1
1
1
1
1
1
1
1
1
1
1
1
1
1
1
1
1
1
1
1
1
1
1
1
1
1
1
1
1
1
1
1
1
1
1
1
1
1
1
1
1
1
1
1
1
1
1
1
1
1
1
1
1
1
1
1
1
1
1
1
1
1
1
1
1
1
1
1
1
1
1
1
1
1
1
1
1
1
1
1
1
1
1
1
1
1
1
1
1
1
1
1
1
1
1
1
1
1
1
1
1
1
1
1
1
1
1
1
1
1
1
1
1
1
1
1
1
1
1
1
1
1
1
1
1
1
1
1
1
1
1
1
1
1
1
1
1
1
1
1
1
1
1
1
1
1
1
1
1
1
1
1
1
1
1
1
1
1
1
1
1
1
1
1
1
1
1
1
1
1
1
1
1
1
1
1
1
1
1
1
1
1
1
1
1
1
1
1
1
1
1
1
1
1
1
1
1
1
1
1
1
1
1
1
1
1
1
1
1
1
1
1
1
1
1
1
1
1
1
1
1
1
1
1
1
1
1
1
1
1
1
1
1
1
1
1
1
1
1
1
1
1
1
1
1
1
1
1
1
1
1
1
1
1
1
1
1
1
1
1
1
1
1
1
1
1
1
1
1
1
1
1
1
1
1
1
1
1
1
1
1
1
1
1
1
1
1
1
1
1
1
1
1
1
1
1
1
1
1
1
1
1
1
1
1
1
1
1
1
1
1
1
1
1
1
1
1
1
1
1
1
1
1
1
1
1
1
1
1
1
1
1
1
1
1
1
1
1
1
1
1
1
1
1
1
1
1
1
1
1
1
1
1
1
1
1
1
1
1
1
1
1
1
1
1
1
1
1
1
1
1
1
1
1
1
1
1
1
1
1
1
1
1
1
1
1
1
1
1
1
1
1
1
1
1
1
1
1
1
1
1
1
1
1
1
1
1
1
1
1
1
1
1
1
1
1
1
1
1
1
1
1
1
1
1
1
1
1
1
1
1
1
1
1
1
1
1
1
1
1
1
1
1
1
1
1
1
1
1
1
1
1
1
1
1
1
1
1
1
1
1
1
1
1
1
1
1
1
1
1
1
1
1
1
1
1
1
1
1
1
1
1
1
1
1
1
1
1
1
1
1
1
1
1
1
1
1
1
1
1
1
1
1
1
1
1
1
1
1
1
1
1
1
1
1
1
1
1
1
1
1
1
1
1
1
1
1
1
1
1
1
1
1
1
1
1
1
1
1
1
1
1
1
1
1
1
1
1
1
1
1
1
1
1
1
1
1
1
1
1
1
1
1
1
1
1
1
1
1
1
1
1
1
1
1
1
1
1
1
1
1
1
1
1
1
1
1
1
1
1
1
1
1
1
1
1
1
1
1
1
1
1
1
1
1
1
1
1
1
1
1
1
1
1
1
1
1
1
1
1
1
1
1
1
1
1
1
1
1
1
1
1
1
1
1
1
1
1
1
1
1
1
1
1
1
1
1
1
1
1
1
1
1
1
1
1
1
1
1
1
1
1
1
1
1
1
1
1
1
1
1
1
1
1
1
1
1
1
1
1
1
1
1
1
1
1
1
1
1
1
1
1
1
1
1
1
1
1
1
1
1
1
1
1
1
1
1
1
1
1
1
1
1
1
1
1
1
1
1
1
1
1
1
1
1
1
1
1
1
1
1
1
1
1
1
1
1
1
1
1
1
1
1
1
1
1
1
1
1
1
1
1
1
1
1
1
1
1
1
1
1
1
1
1
1
1
1
1
1
1
1
1
1
1
1
1
1
1
1
1
1
1
1
1
1
1
1
1
1
1
1
1
1
1
1
1
1
1
1
1
1
1
1
1
1
1
1
1
1
1
1
1
1
1
1
1
1
1
1
1
1
1
1
1
1
1
1
1
1
1
1
1
1
1
1
1
1
1
1
1
1
1
1
1
1
1
1
1
1
1
1
1
1
1
1
1
1
1
1
1
1
1
1
1
1
1
1
1
1
1
1
1
1
1
1
1
1
1
1
1
1
1
1
1
1
1
1
1
1
1
1
1
1
1
1
1
1
1
1
1
1
1
1
1
1
1
1
1
1
1
1
1
1
1
1
1
1
1
1
1
1
1
1
1
1
1
1
1
1
1
1
1
1
1
1
1
1
1
1
1
1
1
1
1
1
1
1
1
1
1
1
1
1
1
1
1
1
1
1
1
1
1
1
1
1
1
1
1
1
1
1
1
1
1
1
1
1
1
1
1
1
1
1
1
1
1
1
1
1
1
1
1
1
1
1
1
1
1
1
1
1
1
1
1
1
1
1
1
1
1
1
1
1
1
1
1
1
1
1
1
1
1
1
1
1
1
1
1
1
1
1
1
1
1
1
1
1
1
1
1
1
1
1
1
1
1
1
1
1
1
1
1
1
1
1
1
1
1
1
1
1
1
1
1
1
1
1
1
1
1
1
1
1
1
1
1
1
1
1
)
;

boundaryField
{
    fuel
    {
        type            fixedValue;
        value           uniform 0;
    }
    primary_air
    {
        type            fixedValue;
        value           uniform 0.77;
    }
    Secondary_air_RHS
    {
        type            fixedValue;
        value           uniform 0.77;
    }
    Secondary_air_LHS
    {
        type            fixedValue;
        value           uniform 0.77;
    }
    outlet
    {
        type            inletOutlet;
        inletValue      uniform 0;
        value           nonuniform List<scalar> 
98
(
1
1
1
1
1
1
1
1
1
1
1
1
1
1
1
1
1
1
1
1
1
1
1
1
1
1
1
1
1
1
1
1
1
1
1
1
1
1
1
1
1
1
1
1
1
1
1
1
1
1
1
1
1
1
1
1
1
1
1
1
1
1
1
1
1
1
1
1
1
1
1
1
1
1
1
1
1
1
1
1
1
1
1
1
1
1
1
1
1
1
1
1
1
1
1
1
1
1
)
;
    }
    stove_body
    {
        type            fixedValue;
        value           uniform 0;
    }
    frontAndBack
    {
        type            empty;
    }
}


// ************************************************************************* //
