/*--------------------------------*- C++ -*----------------------------------*\
  =========                 |
  \\      /  F ield         | OpenFOAM: The Open Source CFD Toolbox
   \\    /   O peration     | Website:  https://openfoam.org
    \\  /    A nd           | Version:  6
     \\/     M anipulation  |
\*---------------------------------------------------------------------------*/
FoamFile
{
    version     2.0;
    format      ascii;
    class       volScalarField;
    location    "0.0075";
    object      Qdot;
}
// * * * * * * * * * * * * * * * * * * * * * * * * * * * * * * * * * * * * * //

dimensions      [1 -1 -3 0 0 0 0];

internalField   nonuniform List<scalar> 
3773
(
-1.89023e-05
0
0
0
0
0
0
-1.45602e-09
1.45602e-09
0
1.45602e-09
-1.45602e-09
0
0
0
0
0
0
0
0
0
0
2.49298e-05
2.49298e-05
0
0
0
-2.49298e-05
0
0
0
0
0
0
0
1.45602e-09
1.45602e-09
1.45602e-09
0
0
0
-1.45602e-09
0
0
0
0
0
0
0
0
0
0
0
0
0
0
0
0
-7.79056e-07
0
-1.18139e-06
1.18139e-06
0
-1.55811e-06
0
0
0
0
0
1.55811e-06
0
-7.79056e-07
7.79056e-07
0
0
0
-2.36279e-06
-1.55811e-06
0
0
0
0
0
1.55811e-06
0
0
0
0
0
0
0
0
0
0
0
0
0
0
0
0
7.79056e-07
-7.79056e-07
0
0
0
1.18139e-06
-1.47674e-07
0
0
0
0
1.18139e-06
0
0
2.95349e-07
0
0
0
0
0
0
0
0
0
0
0
0
0
0
0
0
-2.95349e-07
0
0
0
0
0
0
0
0
0
0
0
0
0
0
0
0
1.94764e-07
0
0
0
0
0
0
0
0
0
0
0
0
-1.18139e-06
0
0
0
0
0
0
0
0
0
0
5.76853e-10
2.91203e-09
0
0
4.61482e-09
0
0
0
0
0
0
0
1.21728e-08
0
0
0
0
0
0
0
0
0
0
0
0
0
2.43455e-08
0
0
0
0
0
0
0
0
-1.52159e-09
0
0
0
0
0
1.90199e-10
0
-1.52159e-09
0
0
0
0
0
-2.37749e-11
0
0
0
2.30741e-09
0
0
0
0
0
0
0
0
0
0
0
0
0
0
2.43455e-08
0
0
0
-1.18139e-06
3.89528e-07
0
0
0
-3.15881e-09
0
-3.89528e-07
0
0
0
1.44213e-10
0
0
0
0
0
0
0
0
0
0
0
0
0
0
2.91203e-09
3.04319e-09
0
0
-4.61482e-09
0
0
0
0
0
0
0
0
0
0
0
0
-3.89528e-07
0
-3.04319e-09
4.61482e-09
0
0
0
0
0
0
0
0
0
0
0
0
0
0
0
0
0
0
0
0
0
0
0
0
0
0
0
0
0
0
0
0
0
0
0
0
0
0
0
0
0
0
0
0
0
0
0
0
0
0
0
0
0
0
0
2.09012e-13
0
0
0
0
0
0
-8.36047e-13
8.36047e-13
0
0
0
0
0
0
0
0
0
0
0
0
0
0
0
0
0
0
0
0
0
0
0
0
0
-2.9137e-09
0
2.91203e-09
2.91203e-09
-2.91203e-09
0
0
0
0
0
0
0
0
0
0
0
0
0
0
-2.91203e-09
0
0
0
0
0
0
0
0
0
0
0
0
0
0
0
0
0
0
0
0
0
0
0
0
0
0
0
0
0
0
0
-3.26581e-15
2.91203e-09
0
0
0
0
0
0
-2.55141e-17
0
0
0
0
0
0
0
0
0
0
0
0
0
-2.91203e-09
2.91036e-09
0
0
0
0
-1.67209e-12
0
0
0
0
0
3.34419e-12
0
0
0
0
0
1.67209e-12
0
0
0
0
0
-2.91203e-09
0
0
0
2.91203e-09
0
0
0
0
0
0
0
0
0
0
0
0
0
0
0
0
0
0
-3.26581e-15
0
2.91203e-09
-2.91203e-09
0
0
0
0
0
0
0
0
0
0
-1.67209e-12
0
0
0
0
0
0
0
0
0
0
0
0
0
0
0
0
-2.91203e-09
0
0
0
0
0
0
0
0
0
0
0
0
2.04113e-16
0
0
-2.91203e-09
0
0
2.91203e-09
1.30632e-14
0
0
0
0
0
0
0
0
0
0
0
0
0
0
0
0
0
0
0
0
0
0
0
0
0
0
0
-5.10282e-17
0
0
0
-2.55141e-17
0
0
0
0
0
0
0
0
0
0
0
0
-2.91203e-09
0
0
0
0
0
0
0
0
0
0
0
0
-4.18023e-13
0
0
0
0
0
4.18023e-13
0
0
0
0
5.22529e-14
0
0
0
-2.91203e-09
0
0
2.91203e-09
0
-2.91203e-09
0
0
0
0
0
0
0
0
0
0
0
1.02056e-16
0
0
2.91203e-09
2.91203e-09
0
0
0
0
0
0
0
0
0
0
0
0
0
0
0
0
0
0
0
0
0
0
0
0
0
0
2.91203e-09
0
0
0
0
0
0
0
0
0
0
0
0
0
0
0
0
0
0
0
0
0
0
0
0
0
2.91203e-09
0
0
0
0
0
0
0
0
0
0
0
0
0
0
0
0
0
0
0
0
0
0
0
2.91203e-09
0
0
0
0
0
0
0
0
0
0
0
0
0
0
0
0
0
0
0
2.91203e-09
0
0
0
0
9.96645e-20
2.91203e-09
-4.98323e-20
0
0
0
0
0
0
0
0
0
0
0
0
0
-1.55726e-21
2.04113e-16
0
0
0
0
0
0
0
0
0
0
0
0
0
0
0
0
0
0
0
-4.98323e-20
0
0
0
0
0
0
0
0
0
0
-4.98323e-20
0
0
0
0
0
0
0
0
0
0
0
0
0
0
0
0
-7.78629e-22
0
-1.02056e-16
0
0
0
0
0
0
0
0
1.27571e-17
0
0
0
0
0
0
0
0
0
0
0
0
0
0
0
0
-1.99329e-19
0
0
2.91203e-09
0
0
0
0
0
0
0
0
0
0
0
0
0
0
0
0
-7.97316e-19
0
0
0
0
5.10282e-17
0
-3.18927e-18
0
0
0
0
0
0
0
0
0
0
0
0
0
0
0
0
-3.11452e-21
0
0
0
0
2.91203e-09
0
0
0
0
0
0
0
-3.98658e-19
0
0
-1.27571e-17
-6.37853e-18
0
0
0
0
0
0
0
0
-7.78629e-22
0
0
0
0
0
0
0
0
0
0
0
0
0
0
0
0
0
0
0
0
0
0
0
3.11452e-21
0
0
-1.55726e-21
0
0
-2.49161e-20
0
0
0
0
0
0
0
0
0
0
0
0
0
-2.55141e-17
0
0
0
0
0
0
0
0
0
0
-7.97316e-19
-1.55726e-21
0
-1.24581e-20
2.91203e-09
0
0
0
0
0
0
0
0
3.11452e-21
0
0
0
0
0
0
0
0
0
0
-6.22903e-21
0
0
0
0
0
0
0
0
-7.97316e-19
0
0
-4.98323e-20
3.18927e-18
0
0
0
0
0
0
0
0
0
0
0
0
0
0
0
0
0
0
0
0
0
0
0
0
0
0
0
0
0
0
0
0
0
0
0
0
0
0
0
0
0
0
0
0
0
-1.30632e-14
0
0
0
1.04506e-13
1.04506e-13
0
0
0
0
0
0
0
0
0
0
0
0
0
0
8.16452e-16
0
0
0
0
0
0
0
0
0
0
0
0
0
0
0
0
0
0
0
0
0
0
0
0
0
0
0
0
0
0
0
0
1.04506e-13
0
0
0
0
0
0
0
1.30632e-14
0
0
0
0
0
0
0
0
0
0
0
0
1.45602e-09
0
0
0
0
0
0
0
0
0
0
0
0
0
0
0
0
0
2.91203e-09
0
0
0
0
0
0
0
0
0
0
0
0
0
0
0
0
-1.30632e-14
0
0
0
0
0
0
0
-4.08226e-16
0
-8.16452e-16
0
0
0
0
0
0
0
0
0
0
0
0
0
0
0
0
0
0
0
0
0
0
0
0
0
0
0
0
0
0
0
0
0
0
0
0
0
0
0
0
0
0
0
0
0
0
0
0
2.91203e-09
0
0
0
0
0
0
0
0
0
0
0
0
0
1.27571e-17
0
0
0
4.08226e-16
0
0
0
2.91203e-09
0
0
0
0
0
0
0
0
0
0
0
0
0
0
0
0
0
0
0
0
0
0
0
0
0
0
0
0
0
0
0
0
0
0
0
0
0
0
0
0
0
0
0
0
0
0
0
0
0
0
-1.30632e-14
0
0
0
0
0
0
0
0
0
0
0
0
0
0
0
0
0
0
0
0
0
0
0
0
0
0
0
0
0
0
-2.55141e-17
0
0
0
0
1.45602e-09
0
0
0
0
0
0
0
0
0
0
0
0
0
0
-1.30632e-14
0
0
0
0
0
0
0
0
0
0
0
0
0
0
0
0
0
0
0
0
0
0
0
0
0
-1.59463e-18
0
0
0
0
0
-1.21661e-23
0
0
0
0
0
0
0
-3.89315e-22
0
0
0
0
0
0
0
-3.98658e-19
0
0
0
0
0
0
0
0
0
0
0
0
0
0
0
0
-1.99329e-19
0
0
-7.78629e-22
0
0
0
0
0
0
0
0
0
0
0
0
0
0
0
0
0
0
0
0
0
0
0
0
0
0
0
0
0
0
0
-1.99329e-19
0
-4.98323e-20
0
0
0
-3.18927e-18
0
0
0
0
0
0
0
-1.99329e-19
0
2.91203e-09
0
0
0
0
0
0
0
0
0
0
0
4.86643e-23
-1.21661e-23
0
0
0
0
3.89315e-22
0
0
0
0
0
0
0
0
0
0
0
0
-3.98658e-19
-1.99329e-19
0
0
0
0
0
0
0
0
0
-4.98323e-20
0
0
-1.99329e-19
0
-1.99329e-19
0
0
0
0
-6.22903e-21
0
0
0
0
0
0
0
0
0
-4.86643e-23
-1.94657e-22
0
0
0
0
0
0
0
0
0
0
0
0
0
0
-4.98323e-20
0
0
0
0
0
0
0
0
0
0
0
0
0
0
0
0
0
0
0
0
0
0
0
0
0
2.91203e-09
0
0
0
0
0
9.73287e-23
0
-1.94657e-22
0
1.45602e-09
0
0
0
0
3.89315e-22
0
0
0
0
0
0
0
0
0
0
0
0
0
0
0
-7.97316e-19
0
0
0
0
0
0
0
0
1.24581e-20
0
0
0
0
0
0
0
0
0
0
0
0
0
0
0
0
0
0
0
-4.86643e-23
0
0
0
0
0
0
0
0
0
1.55726e-21
0
0
0
0
0
0
0
0
0
0
0
0
0
0
0
0
0
0
0
0
0
0
0
0
0
0
0
0
0
0
0
0
0
0
0
0
0
0
0
0
0
-1.21661e-23
0
0
0
0
0
0
0
0
0
0
0
0
0
0
0
0
0
0
0
0
0
0
0
0
0
0
0
0
0
0
0
0
0
0
0
0
0
0
0
3.04152e-24
0
6.08304e-24
0
0
0
0
-7.6038e-25
-7.6038e-25
-1.45602e-09
0
0
0
0
0
0
-3.8019e-25
-4.98323e-20
0
0
0
0
0
0
0
0
0
0
0
0
0
0
0
0
-7.6038e-25
0
0
0
0
0
-3.8019e-25
0
1.90095e-25
0
0
0
0
0
0
-3.8019e-25
0
0
0
3.04152e-24
3.04152e-24
0
3.04152e-24
0
0
0
0
0
3.04152e-24
-3.04152e-24
-3.04152e-24
0
0
0
0
0
0
0
1.21661e-23
0
0
0
0
0
0
0
0
-9.73287e-23
0
0
0
0
0
0
0
0
0
2.91203e-09
0
0
0
0
0
0
0
0
0
0
0
1.45602e-09
0
0
0
0
0
0
0
0
-2.43322e-23
0
0
0
0
0
0
0
2.91203e-09
0
0
0
0
0
0
0
0
0
0
0
0
-3.04152e-24
0
0
0
0
0
0
0
0
0
0
0
0
0
0
0
0
0
-2.43322e-23
0
0
0
0
0
0
0
0
0
0
0
2.91203e-09
0
0
0
0
0
0
0
0
0
0
0
0
0
0
0
0
0
0
0
0
0
0
0
0
0
0
0
0
0
0
0
0
0
0
0
0
0
0
0
0
0
0
0
0
0
0
0
0
0
0
0
0
-3.11452e-21
0
-9.73287e-23
0
0
0
-9.96645e-20
0
0
0
0
0
0
0
0
-1.55726e-21
-7.78629e-22
0
0
0
0
0
0
0
0
0
0
0
0
-2.43322e-23
0
-1.21661e-23
0
0
0
0
0
0
0
0
0
0
0
0
-7.78629e-22
0
0
0
0
0
-3.11452e-21
-1.55726e-21
0
0
0
0
0
0
0
0
0
0
0
0
0
0
0
0
0
0
0
0
0
0
0
0
0
0
0
0
0
0
0
0
0
-2.43322e-23
0
0
0
0
0
0
0
0
0
3.11452e-21
0
0
-3.11452e-21
0
0
1.55726e-21
0
0
-1.24581e-20
0
0
0
0
0
0
0
0
-1.94657e-22
0
0
0
0
0
0
0
0
0
0
0
0
0
0
-6.08304e-24
-6.08304e-24
0
0
-3.8019e-25
0
0
0
1.45602e-09
0
0
0
0
0
0
0
0
0
0
0
0
0
0
0
0
0
0
4.86643e-23
0
0
0
0
0
0
0
0
0
0
0
0
0
0
0
0
0
0
0
0
0
0
0
1.45602e-09
0
0
0
-6.08304e-24
0
0
0
0
0
0
0
-3.04152e-24
0
0
0
-1.52076e-24
0
0
0
0
0
0
0
0
0
0
0
0
0
0
0
0
0
0
0
0
0
0
0
0
0
7.6038e-25
0
0
0
0
0
0
0
0
0
0
0
0
0
0
0
0
0
0
0
0
0
0
0
0
4.86643e-23
0
0
-1.94657e-22
0
0
0
0
0
0
0
0
0
0
0
0
0
0
-3.04152e-24
0
-4.86643e-23
0
0
0
0
0
0
-1.52076e-24
0
0
0
0
0
0
0
0
0
0
0
0
0
0
0
0
0
0
0
0
0
0
0
-3.11452e-21
0
0
0
0
0
0
0
0
0
0
0
0
0
0
0
0
0
0
0
-7.78629e-22
0
0
0
0
0
0
0
0
-1.21661e-23
0
0
0
0
0
0
-2.43322e-23
-4.86643e-23
-4.86643e-23
-4.86643e-23
0
0
0
0
0
0
0
0
0
0
0
0
0
0
0
0
0
2.91203e-09
0
0
0
0
0
0
0
0
0
0
-1.55726e-21
0
0
0
0
0
0
0
0
0
0
0
0
0
0
0
0
0
0
0
-9.73287e-23
0
0
0
0
0
0
0
0
0
0
0
0
-3.11452e-21
0
0
0
0
0
0
0
0
0
0
0
0
0
0
0
0
0
0
0
-2.43322e-23
-2.43322e-23
1.45602e-09
0
-2.43322e-23
0
0
0
0
0
0
0
0
0
0
0
0
0
0
0
0
0
0
0
0
0
-7.78629e-22
0
0
0
0
0
0
0
0
0
1.55726e-21
0
0
-1.55726e-21
-1.55726e-21
0
0
0
0
0
0
0
0
0
0
0
0
0
0
0
0
0
0
0
0
1.18809e-26
2.91203e-09
2.91203e-09
0
-5.94047e-27
0
0
0
7.6038e-25
0
-7.6038e-25
0
0
0
0
0
0
0
0
-6.08304e-24
0
0
0
0
0
0
0
0
-7.6038e-25
0
0
-2.91203e-09
2.91203e-09
0
0
0
0
-1.8564e-28
0
0
0
0
1.45602e-09
0
0
0
0
0
1.45602e-09
-1.45602e-09
-2.91203e-09
0
2.91203e-09
2.91203e-09
0
0
0
0
0
0
0
0
0
0
0
0
0
0
-2.43322e-23
0
0
2.91203e-09
0
0
0
2.91203e-09
0
2.91203e-09
0
2.91203e-09
-2.91203e-09
0
0
-3.8019e-25
0
0
0
0
0
0
0
-1.45602e-09
0
0
0
0
1.45602e-09
-1.45602e-09
0
0
2.91203e-09
0
2.91203e-09
-1.90095e-25
0
0
2.91203e-09
0
0
0
0
0
0
0
0
0
0
0
0
0
0
-2.91203e-09
-2.91203e-09
2.91203e-09
-3.04152e-24
0
0
0
0
0
2.91203e-09
0
0
0
0
0
0
0
1.45602e-09
1.45602e-09
0
0
0
-1.45602e-09
0
0
0
1.45602e-09
0
0
0
0
0
0
0
0
0
-2.91203e-09
2.91203e-09
0
0
0
0
0
0
-9.73287e-23
0
0
0
-3.04152e-24
0
-2.91203e-09
0
0
2.91203e-09
0
0
0
0
0
0
0
0
1.45602e-09
1.48512e-27
1.45602e-09
-4.75238e-26
0
0
0
0
1.45602e-09
-1.48512e-27
0
1.45602e-09
0
0
-2.91203e-09
0
0
2.91203e-09
0
0
0
-2.91203e-09
2.91203e-09
0
0
2.91203e-09
0
0
0
0
0
0
0
0
0
-2.91203e-09
-2.91203e-09
0
-2.91203e-09
-2.91203e-09
0
0
7.42559e-28
0
0
0
0
0
0
1.45602e-09
-1.45602e-09
0
0
0
0
0
0
0
1.45602e-09
1.45602e-09
0
0
0
0
0
0
0
0
0
0
0
0
0
0
0
0
0
0
0
0
0
0
0
0
0
-2.91203e-09
2.91203e-09
2.91203e-09
-2.91203e-09
0
2.91203e-09
0
0
0
0
0
0
0
0
0
0
0
0
0
0
0
1.45602e-09
0
0
-2.37619e-26
0
0
2.91203e-09
0
0
0
0
0
0
0
0
2.91203e-09
-2.91203e-09
-2.91203e-09
0
-9.73287e-23
0
0
0
0
0
0
0
0
0
0
0
0
2.91203e-09
2.91203e-09
0
0
0
0
0
0
0
0
0
0
0
0
0
0
0
0
0
0
2.37619e-26
0
0
1.48512e-27
0
0
0
0
0
0
-2.91203e-09
0
2.91203e-09
-6.08304e-24
0
0
0
0
0
0
2.91203e-09
0
0
0
0
0
0
0
0
0
0
0
0
0
0
0
0
0
0
0
1.18809e-26
0
0
0
0
0
-3.71279e-28
0
0
-2.37619e-26
0
0
0
0
-4.75238e-26
0
0
0
0
0
0
0
0
0
0
2.91203e-09
0
0
0
0
0
0
0
0
3.04152e-24
0
0
0
0
0
0
0
0
0
0
0
0
0
0
0
0
0
0
0
0
0
9.06444e-32
0
0
-1.16025e-29
0
-1.16025e-29
0
0
0
0
0
0
0
2.91203e-09
2.91203e-09
0
-3.04152e-24
0
0
0
-4.86643e-23
0
0
0
0
0
0
0
0
0
0
2.43322e-23
0
0
0
0
0
0
0
0
0
1.45031e-30
0
0
9.28198e-29
0
0
0
0
0
0
0
0
0
0
0
0
1.16025e-29
2.3205e-29
0
0
0
0
0
0
0
-6.08304e-24
0
0
0
2.91203e-09
0
0
0
-4.86643e-23
0
-3.04152e-24
0
0
2.91203e-09
0
-2.43322e-23
0
0
0
0
0
0
0
0
0
0
0
0
0
0
0
0
0
0
0
0
0
0
0
0
0
0
0
0
0
-3.8019e-25
0
0
0
0
0
0
2.43322e-23
0
0
0
0
0
0
0
0
0
0
0
0
0
0
0
0
0
-4.64099e-29
0
0
0
0
0
0
0
0
0
0
0
0
0
0
0
0
0
-2.90062e-30
0
0
0
0
0
0
0
0
0
0
0
0
0
0
0
0
0
0
0
0
0
0
0
0
0
0
0
0
0
0
0
0
0
0
0
0
0
0
0
0
0
0
0
0
0
1.45602e-09
0
0
-1.45031e-30
0
0
0
0
0
0
0
0
0
0
0
0
0
0
0
-1.21661e-23
1.21661e-23
-1.21661e-23
0
0
0
0
0
0
0
-5.80124e-30
0
0
0
0
0
0
-2.213e-35
0
0
0
0
0
0
-1.45602e-09
0
0
0
0
0
0
0
0
0
0
-2.97023e-27
0
-2.91203e-09
-2.91203e-09
0
2.91203e-09
0
2.91203e-09
-2.91203e-09
-2.91203e-09
2.43322e-23
0
0
0
0
0
0
0
0
0
3.04152e-24
0
0
0
0
-2.37619e-26
0
2.91203e-09
-2.91203e-09
0
2.91203e-09
0
0
0
0
-3.71279e-28
0
0
-1.45602e-09
1.45602e-09
0
0
0
-1.8564e-28
0
0
0
0
0
0
0
2.91203e-09
0
0
-2.91203e-09
0
2.91203e-09
-2.91203e-09
0
0
0
0
0
0
0
0
0
0
0
0
0
-1.21661e-23
0
0
0
0
2.91203e-09
2.91203e-09
-2.91203e-09
0
1.45602e-09
-1.45602e-09
0
0
0
0
0
0
1.45602e-09
0
0
0
-1.8564e-28
0
0
0
0
0
0
0
-2.91203e-09
2.91203e-09
-2.91203e-09
-2.91203e-09
0
0
2.91203e-09
2.91203e-09
0
0
0
0
0
0
0
-6.08304e-24
0
0
0
0
0
0
0
0
0
0
2.91203e-09
0
0
0
0
-1.45602e-09
0
-7.42559e-28
0
0
0
0
1.45602e-09
0
0
1.45602e-09
0
0
2.91203e-09
0
2.91203e-09
0
2.91203e-09
2.91203e-09
-4.86643e-23
0
0
-2.91203e-09
2.91203e-09
0
2.91203e-09
0
-3.11452e-21
0
0
0
0
0
0
0
0
0
0
0
0
0
0
0
0
0
0
2.91203e-09
0
1.45602e-09
1.45602e-09
1.45602e-09
1.45602e-09
0
0
0
0
0
0
0
-1.45602e-09
-1.45602e-09
0
0
0
0
0
0
0
0
0
0
0
0
0
0
0
0
0
0
0
0
0
0
0
0
0
0
0
0
0
0
0
0
0
0
2.91203e-09
1.52076e-24
1.45602e-09
0
0
0
0
0
0
0
0
0
0
0
1.45602e-09
0
0
0
0
0
0
0
0
-9.73287e-23
0
2.91203e-09
2.91203e-09
-2.91203e-09
-2.91203e-09
0
0
0
3.11452e-21
0
0
0
0
0
0
-2.91203e-09
0
0
0
2.91203e-09
0
0
0
-7.6038e-25
1.90095e-25
0
0
0
-3.71279e-28
0
0
0
1.45602e-09
0
0
0
0
0
0
0
0
0
0
0
0
0
0
0
0
2.91203e-09
2.91203e-09
0
0
-2.91203e-09
0
0
0
0
0
0
0
0
2.91203e-09
-2.91203e-09
0
0
2.91203e-09
0
0
0
0
0
0
0
0
0
0
1.45602e-09
1.45602e-09
1.45602e-09
1.45602e-09
0
0
0
0
0
0
0
0
0
0
0
0
0
0
0
0
0
0
0
0
0
0
0
0
-2.91203e-09
0
1.55726e-21
0
0
0
0
2.91203e-09
-2.91203e-09
-2.91203e-09
2.91203e-09
0
0
0
7.6038e-25
0
3.8019e-25
0
0
0
0
0
0
-1.48512e-27
0
0
0
1.8564e-28
0
0
0
0
0
0
0
0
0
0
0
0
0
0
0
0
0
0
0
0
0
0
0
0
0
0
0
0
0
0
-1.21661e-23
0
0
0
0
0
0
0
0
0
0
0
0
0
0
0
-4.64099e-29
0
-1.16025e-29
0
0
0
0
0
0
0
0
0
0
-1.48512e-27
0
0
0
0
0
0
4.86643e-23
0
-3.89315e-22
0
0
0
0
0
0
0
0
0
0
0
0
0
0
0
0
0
0
0
0
0
0
0
0
-1.45031e-30
0
0
2.3205e-29
0
5.80124e-30
5.80124e-30
0
0
0
0
0
0
0
0
0
0
0
0
0
0
0
0
0
0
0
0
0
0
0
0
0
-1.21661e-23
0
6.08304e-24
0
0
0
0
-1.8564e-28
0
0
9.28198e-29
0
0
0
0
0
0
0
0
0
0
1.16025e-29
0
0
0
0
0
0
0
0
0
0
-7.42559e-28
7.42559e-28
0
0
0
0
0
2.91203e-09
0
0
0
0
0
0
0
0
0
0
0
0
0
0
0
0
0
0
0
0
0
0
0
0
0
0
0
0
0
0
0
0
0
0
0
0
0
0
0
0
0
0
0
0
0
0
0
0
0
0
0
0
0
1.94657e-22
0
0
0
0
0
-6.08304e-24
0
0
0
0
0
0
0
0
0
0
0
0
0
0
0
0
0
0
0
0
0
0
0
0
0
0
0
0
9.28198e-29
0
0
0
0
0
0
0
2.91203e-09
0
0
0
0
0
0
0
0
0
0
-6.08304e-24
0
0
0
0
0
0
0
0
0
0
1.16025e-29
0
0
0
0
0
0
4.426e-35
0
)
;

boundaryField
{
    fuel
    {
        type            calculated;
        value           uniform 0;
    }
    primary_air
    {
        type            calculated;
        value           uniform 0;
    }
    Secondary_air_RHS
    {
        type            calculated;
        value           uniform 0;
    }
    Secondary_air_LHS
    {
        type            calculated;
        value           uniform 0;
    }
    outlet
    {
        type            calculated;
        value           uniform 0;
    }
    stove_body
    {
        type            calculated;
        value           uniform 0;
    }
    frontAndBack
    {
        type            empty;
    }
}


// ************************************************************************* //
