/*--------------------------------*- C++ -*----------------------------------*\
  =========                 |
  \\      /  F ield         | OpenFOAM: The Open Source CFD Toolbox
   \\    /   O peration     | Website:  https://openfoam.org
    \\  /    A nd           | Version:  6
     \\/     M anipulation  |
\*---------------------------------------------------------------------------*/
FoamFile
{
    version     2.0;
    format      ascii;
    class       volScalarField;
    location    "0.0025";
    object      Qdot;
}
// * * * * * * * * * * * * * * * * * * * * * * * * * * * * * * * * * * * * * //

dimensions      [1 -1 -3 0 0 0 0];

internalField   nonuniform List<scalar> 
3773
(
0
0
0
-3.25991e-06
0
0
-3.25839e-06
0
-6.51983e-06
-1.97739e-05
3.0463e-09
0
-6.51983e-06
0
0
0
0
-3.28135e-05
0
0
0
0
0
0
3.0463e-09
-1.30397e-05
0
0
0
0
0
0
-1.97739e-05
0
0
3.0463e-09
0
0
0
-6.51983e-06
-2.62937e-05
-6.51983e-06
3.26144e-06
0
-3.25991e-06
-3.25991e-06
-3.25991e-06
-3.25991e-06
0
0
0
-4.07489e-07
-4.07489e-07
1.52315e-09
-4.07489e-07
0
0
0
0
-4.07489e-07
0
3.0463e-09
-6.17934e-07
-6.14888e-07
0
0
-6.17934e-07
0
0
0
0
0
-3.08967e-07
3.0463e-09
-3.05921e-07
0
3.0463e-09
-6.17934e-07
-2.03745e-07
-4.07489e-07
0
0
-4.07489e-07
0
-4.07489e-07
-6.17934e-07
-6.17934e-07
0
-2.03745e-07
0
3.0463e-09
-8.14978e-07
0
-4.07489e-07
-4.07489e-07
-1.23587e-06
0
0
0
-7.72417e-08
3.86209e-08
0
0
0
-3.07444e-07
-2.03745e-07
-6.36702e-09
-1.93104e-08
0
-1.93104e-08
0
-3.05921e-07
0
-6.36702e-09
0
0
0
0
0
0
3.0463e-09
-4.82761e-09
3.0463e-09
3.0463e-09
0
0
-6.17934e-07
-9.65522e-09
0
0
-6.36702e-09
0
0
0
-6.36702e-09
0
0
0
0
0
-2.02221e-07
0
1.52315e-09
0
0
0
0
0
7.95877e-10
0
-2.4138e-09
-7.95877e-10
0
0
-3.05921e-07
7.95877e-10
3.0463e-09
0
-3.01726e-10
0
0
-3.08967e-07
0
0
0
0
2.64837e-09
-3.08967e-07
3.0463e-09
2.44285e-09
0
-1.88578e-11
3.0463e-09
0
3.0463e-09
-5.12712e-07
0
0
0
-3.01726e-10
0
-3.08967e-07
0
0
0
0
2.84734e-09
0
0
0
-8.90652e-10
0
0
0
0
0
0
-1.50863e-10
0
0
-4.97423e-11
0
1.52315e-09
3.08967e-07
0
0
0
0
0
0
0
3.0463e-09
-3.1089e-12
-1.55445e-12
3.0463e-09
3.0463e-09
3.08967e-07
3.0463e-09
0
0
-3.0465e-09
3.0463e-09
0
3.0463e-09
0
0
0
0
0
-6.03451e-10
-3.08967e-07
3.08967e-07
0
0
0
0
2.05512e-10
0
0
-9.94847e-11
-7.54314e-11
1.44772e-09
0
0
0
0
0
0
0
0
0
0
-2.03745e-07
0
0
0
0
3.0463e-09
0
0
7.95877e-10
0
0
0
0
3.08967e-07
-2.03745e-07
0
0
3.0463e-09
0
0
0
-3.08967e-07
0
0
3.0463e-09
0
0
0
0
0
0
0
0
0
-2.03745e-07
1.52315e-09
0
0
0
0
0
0
0
1.52315e-09
0
0
0
0
0
0
0
0
0
0
0
0
0
0
0
3.0463e-09
0
0
0
0
0
-3.0463e-09
3.0463e-09
-3.0463e-09
-3.0463e-09
0
0
0
0
0
0
0
3.0463e-09
0
0
0
3.0463e-09
0
0
0
0
0
0
0
0
0
0
-1.74919e-12
0
0
0
0
0
1.52315e-09
3.0463e-09
0
-3.49839e-12
0
0
0
0
3.0463e-09
3.0463e-09
0
0
-3.0463e-09
3.03931e-09
3.0463e-09
0
0
0
3.0463e-09
3.0463e-09
3.0463e-09
0
3.0463e-09
-3.0463e-09
3.0463e-09
3.0463e-09
0
0
3.0463e-09
0
0
-3.49839e-12
3.0463e-09
0
0
3.04281e-09
1.52315e-09
0
0
-1.74919e-12
0
0
0
0
0
0
0
0
0
1.52315e-09
0
0
3.0463e-09
0
0
-3.41639e-15
0
-3.04631e-09
0
-3.41639e-15
3.0463e-09
0
-3.41639e-15
3.41639e-15
0
0
0
0
0
0
-3.0463e-09
3.0463e-09
0
0
3.0463e-09
3.0463e-09
3.0463e-09
-3.41639e-15
-1.7082e-15
0
0
-1.7082e-15
-1.7082e-15
0
0
0
0
1.52315e-09
0
0
0
0
0
0
-8.3408e-19
0
0
0
0
-3.33632e-18
0
0
0
0
0
0
0
3.0463e-09
3.0463e-09
0
-3.33632e-18
-3.33632e-18
0
3.0463e-09
3.0463e-09
0
3.0463e-09
0
-3.0463e-09
3.0463e-09
0
0
3.0463e-09
0
0
0
3.0463e-09
0
0
0
0
0
3.0463e-09
0
0
0
0
0
0
-8.3408e-19
1.52315e-09
0
0
-2.03633e-22
0
-2.03633e-22
0
0
0
0
0
0
0
0
0
3.0463e-09
-3.0463e-09
0
3.0463e-09
0
0
3.0463e-09
0
0
-3.0463e-09
3.0463e-09
-1.62906e-21
0
0
-3.0463e-09
-3.0463e-09
0
0
0
0
3.0463e-09
0
0
0
0
0
0
0
1.52315e-09
0
0
0
0
0
-1.27271e-23
1.52315e-09
0
1.52315e-09
-1.9886e-25
-2.54541e-23
0
1.52315e-09
0
0
-1.59088e-24
0
3.0463e-09
0
0
0
0
0
0
3.0463e-09
3.0463e-09
3.0463e-09
0
3.0463e-09
0
0
0
0
0
-3.0463e-09
0
-3.0463e-09
-3.0463e-09
0
0
0
3.0463e-09
0
0
0
0
0
0
0
1.52315e-09
1.52315e-09
0
0
0
0
0
0
0
-3.9772e-25
0
0
0
0
0
0
0
0
0
0
0
-3.0463e-09
3.0463e-09
0
0
3.0463e-09
0
0
0
0
0
0
0
0
3.0463e-09
0
0
-4.97151e-26
0
0
0
3.0463e-09
0
0
-9.94301e-26
0
0
0
0
0
0
-1.59088e-24
0
0
1.52315e-09
0
0
0
0
0
0
0
0
0
3.0463e-09
-1.9886e-25
0
0
0
3.0463e-09
3.0463e-09
3.0463e-09
3.0463e-09
0
0
3.0463e-09
0
0
0
0
0
0
0
0
3.0463e-09
0
-3.0463e-09
3.0463e-09
0
3.0463e-09
0
0
0
0
0
0
0
1.52315e-09
0
0
0
-4.07266e-22
0
0
0
0
1.52315e-09
1.52315e-09
0
0
0
0
0
3.0463e-09
-1.5536e-27
0
0
0
3.0463e-09
0
0
-1.5536e-27
-3.0463e-09
0
0
0
0
0
0
0
0
0
3.0463e-09
-3.0463e-09
0
3.0463e-09
0
3.0463e-09
3.0463e-09
0
0
0
0
0
3.0463e-09
0
1.52315e-09
0
-1.94199e-28
1.52315e-09
0
0
1.52315e-09
-1.52315e-09
0
-2.42749e-29
0
1.52315e-09
1.52315e-09
1.52315e-09
0
0
0
-9.4824e-32
-2.42749e-29
3.0463e-09
0
0
-1.24288e-26
-3.0463e-09
-2.3706e-32
3.0463e-09
3.0463e-09
0
0
0
0
0
0
0
6.09261e-09
3.0463e-09
-3.0463e-09
0
-1.1853e-32
0
0
3.0463e-09
0
3.0463e-09
0
0
0
-3.10719e-27
3.0463e-09
-1.52315e-09
0
1.52315e-09
1.52315e-09
0
0
1.52315e-09
-1.52315e-09
0
-7.40812e-34
1.52315e-09
0
0
1.52315e-09
0
3.0463e-09
0
0
3.0463e-09
0
0
0
0
3.0463e-09
-3.0463e-09
3.0463e-09
0
0
0
0
0
0
0
0
-3.79296e-31
-3.0463e-09
3.0463e-09
0
0
0
0
0
0
0
0
3.0463e-09
0
0
0
-1.52315e-09
0
0
0
1.52315e-09
-1.1853e-32
0
1.52315e-09
1.52315e-09
0
1.52315e-09
1.52315e-09
0
1.52315e-09
0
-2.31504e-35
0
0
0
0
0
0
-4.63008e-35
0
3.0463e-09
-3.0463e-09
0
0
6.09261e-09
0
0
0
0
-1.80862e-37
0
-7.40812e-34
3.0463e-09
3.0463e-09
-3.0463e-09
0
3.0463e-09
0
0
0
0
-8.83117e-41
-2.26078e-38
0
0
1.52315e-09
1.52315e-09
1.52315e-09
1.52315e-09
1.52315e-09
0
1.52315e-09
-1.13039e-38
1.52315e-09
-3.44968e-43
0
0
-3.53247e-40
0
0
0
3.0463e-09
0
0
0
0
0
3.0463e-09
0
0
-3.0463e-09
3.0463e-09
0
2.26078e-38
0
0
0
0
0
-2.82597e-39
-3.0463e-09
3.0463e-09
-3.0463e-09
3.0463e-09
-3.0463e-09
0
-2.26078e-38
-7.23449e-37
3.0463e-09
0
0
3.0463e-09
3.0463e-09
-5.65195e-39
-1.80862e-37
0
0
0
-1.72484e-43
0
0
0
0
1.52315e-09
-8.22467e-50
0
0
0
-2.75974e-42
-2.69506e-45
3.0463e-09
3.0463e-09
0
0
0
3.0463e-09
0
0
-3.0463e-09
4.21103e-47
0
-3.0463e-09
-6.89935e-43
0
0
0
0
0
0
0
3.0463e-09
3.0463e-09
0
0
3.0463e-09
0
3.0463e-09
0
0
0
0
0
1.72484e-43
1.52315e-09
0
0
0
0
-3.36882e-46
0
0
0
1.52315e-09
-3.28987e-49
-1.64493e-49
0
0
-1.07802e-44
-3.36882e-46
0
0
3.0463e-09
3.0463e-09
0
3.0463e-09
0
0
0
0
1.64493e-49
0
-1.05276e-47
0
6.09261e-09
0
0
0
0
3.0463e-09
3.0463e-09
3.0463e-09
0
3.0463e-09
-1.31595e-48
-3.0463e-09
0
0
0
0
3.0463e-09
3.0463e-09
1.34753e-45
0
0
0
1.52315e-09
0
1.52315e-09
0
0
0
0
1.52315e-09
0
0
0
0
0
0
0
-9.94301e-26
3.0463e-09
0
3.0463e-09
0
3.0463e-09
0
0
-3.0463e-09
0
0
0
6.09261e-09
0
0
0
0
0
0
0
3.0463e-09
3.0463e-09
-3.0463e-09
0
0
0
0
0
0
0
0
0
0
-1.9886e-25
1.52315e-09
0
0
0
0
0
1.52315e-09
0
0
1.52315e-09
1.52315e-09
0
0
-1.24288e-26
0
0
0
0
0
3.0463e-09
0
3.0463e-09
0
0
0
0
0
6.09261e-09
0
-2.54541e-23
0
0
0
0
3.0463e-09
3.0463e-09
0
0
3.0463e-09
0
0
-4.97151e-26
0
0
0
0
0
0
1.52315e-09
0
-2.03633e-22
0
0
0
0
1.52315e-09
0
0
1.52315e-09
0
0
0
0
0
0
0
0
0
0
-3.0463e-09
0
0
0
0
0
0
0
0
0
0
0
3.0463e-09
3.0463e-09
0
0
-3.18176e-24
-3.0463e-09
0
3.0463e-09
0
0
0
0
0
0
0
0
1.52315e-09
0
1.52315e-09
0
0
0
0
0
-9.94301e-26
0
0
0
0
0
0
-1.5536e-27
0
0
0
0
3.0463e-09
-6.21438e-27
-3.0463e-09
0
3.0463e-09
3.0463e-09
0
0
0
0
0
0
0
0
3.0463e-09
3.0463e-09
0
3.0463e-09
0
0
0
1.30325e-20
0
0
0
0
3.0463e-09
0
0
0
0
0
0
0
0
0
0
0
0
0
0
3.0463e-09
0
0
0
0
0
0
3.0463e-09
0
3.0463e-09
-3.0463e-09
3.0463e-09
3.0463e-09
3.0463e-09
0
0
0
6.09261e-09
0
0
0
3.0463e-09
3.0463e-09
0
0
0
0
0
0
0
0
0
0
0
0
0
1.52315e-09
0
0
0
0
0
0
0
0
0
0
0
0
0
0
0
0
0
0
0
3.0463e-09
0
0
3.0463e-09
0
-3.0463e-09
0
0
0
0
0
0
0
0
0
-6.51625e-21
3.0463e-09
-3.0463e-09
3.0463e-09
-3.0463e-09
-3.0463e-09
0
0
-7.76798e-28
0
3.0463e-09
0
0
0
1.52315e-09
0
0
0
0
0
0
0
0
0
0
0
1.52315e-09
0
0
0
0
0
0
0
-3.0463e-09
0
-3.0463e-09
0
0
3.0463e-09
0
0
0
0
0
0
6.09261e-09
0
0
3.0463e-09
3.0463e-09
0
0
0
0
0
0
3.0463e-09
0
0
0
3.0463e-09
1.52315e-09
0
1.52315e-09
-1.9886e-25
0
1.52315e-09
0
0
0
-1.2851e-51
0
0
0
-3.21276e-52
0
0
0
3.0463e-09
0
0
0
0
3.0463e-09
0
0
0
0
0
0
0
0
0
-1.25498e-54
0
0
3.0463e-09
0
0
0
6.09261e-09
3.0463e-09
3.0463e-09
0
0
-1.02808e-50
0
0
-1.2851e-51
0
1.52315e-09
0
0
0
0
0
0
0
0
-7.84365e-56
0
0
0
9.80457e-57
0
0
0
0
-3.06393e-58
0
0
-3.0463e-09
0
0
-1.53196e-58
0
0
0
0
0
-2.45114e-57
-3.06393e-58
0
-1.22557e-57
0
3.0463e-09
0
0
0
2.45114e-57
0
3.0463e-09
0
0
0
-3.13746e-55
-9.80457e-57
0
0
0
1.60638e-52
0
1.52315e-09
0
0
0
0
0
0
1.52315e-09
0
0
0
3.0463e-09
0
0
3.0463e-09
3.0463e-09
0
3.0463e-09
5.98423e-61
3.0463e-09
0
0
0
3.0463e-09
0
-5.98423e-61
0
-1.91495e-59
0
0
0
0
3.0463e-09
-2.45114e-57
0
0
0
-1.19685e-60
3.0463e-09
0
0
0
0
0
-1.91495e-59
0
0
0
0
1.52315e-09
0
0
0
0
0
-1.53196e-58
1.52315e-09
0
-4.78739e-60
0
5.98423e-61
0
3.0463e-09
0
3.0463e-09
0
0
0
0
0
0
0
0
3.0463e-09
0
0
0
0
0
0
-5.84398e-64
3.0463e-09
-3.06393e-58
0
0
0
0
-3.0463e-09
0
3.0463e-09
-3.0463e-09
3.0463e-09
-2.39369e-60
0
-2.99212e-61
0
1.52315e-09
-3.92183e-56
0
0
1.52315e-09
0
-1.53196e-58
0
1.52315e-09
-1.52315e-09
0
0
0
0
0
0
0
-3.0463e-09
0
0
0
0
-1.49606e-61
0
0
0
3.0463e-09
0
0
6.09261e-09
7.48029e-62
-5.84398e-64
0
0
0
0
0
0
0
-7.48029e-62
0
0
3.0463e-09
-1.22557e-57
0
0
-5.98423e-61
0
0
0
1.52315e-09
0
0
0
0
0
0
-1.52315e-09
0
-1.52315e-09
1.52315e-09
0
0
0
3.0463e-09
3.0463e-09
0
0
0
0
0
0
0
0
0
2.92199e-64
0
0
0
0
0
0
0
3.0463e-09
3.0463e-09
0
-1.19685e-60
0
0
0
3.0463e-09
3.0463e-09
0
0
0
3.0463e-09
0
0
0
1.52315e-09
0
1.52315e-09
0
0
0
0
1.52315e-09
-1.52315e-09
-2.33759e-63
0
1.52315e-09
0
0
3.0463e-09
3.0463e-09
3.0463e-09
3.0463e-09
-4.67518e-63
-3.0463e-09
3.0463e-09
6.09261e-09
0
0
-3.0463e-09
3.0463e-09
-1.49606e-61
0
0
0
0
6.09261e-09
6.09261e-09
0
-4.78739e-60
-2.39369e-60
0
0
0
3.0463e-09
0
0
-1.91495e-59
0
0
3.0463e-09
3.0463e-09
-2.45114e-57
0
7.65982e-59
0
0
1.52315e-09
-5.98423e-61
0
0
-1.42675e-67
-3.56688e-68
0
0
0
0
0
3.0463e-09
-8.9172e-69
0
3.0463e-09
-8.9172e-69
0
-4.67518e-63
0
0
0
0
0
0
0
-4.56561e-66
0
0
0
0
0
0
0
0
6.09261e-09
0
0
0
0
3.0463e-09
3.0463e-09
0
-2.8535e-67
3.0463e-09
0
-1.49606e-61
0
0
0
-1.1414e-66
-1.1414e-66
0
0
0
0
0
0
0
0
3.0463e-09
1.78344e-68
0
0
-7.13376e-68
0
0
0
0
-3.0463e-09
-3.0463e-09
3.0463e-09
0
0
0
-1.11465e-69
0
6.09261e-09
0
0
0
0
0
0
0
0
0
0
0
-2.8535e-67
0
3.0463e-09
0
0
0
0
1.52315e-09
0
0
-9.13121e-66
0
0
0
0
0
0
1.52315e-09
0
3.0463e-09
5.70701e-67
0
0
0
-1.42675e-67
-1.42675e-67
6.09261e-09
0
3.0463e-09
0
3.0463e-09
3.0463e-09
0
0
0
-1.74164e-71
0
0
0
0
0
0
3.0463e-09
0
3.0463e-09
0
3.0463e-09
0
0
-5.70701e-67
3.0463e-09
0
-4.56561e-66
-2.2828e-66
0
0
0
0
-1.82624e-65
0
0
0
0
0
0
1.52315e-09
0
0
0
3.0463e-09
0
0
0
0
0
0
-3.0463e-09
-3.0463e-09
-3.0463e-09
0
3.0463e-09
0
1.82624e-65
6.09261e-09
0
0
0
0
-1.11465e-69
0
0
-4.4586e-69
3.0463e-09
3.0463e-09
3.0463e-09
3.0463e-09
3.0463e-09
0
0
0
0
0
0
0
-3.65249e-65
1.52315e-09
0
0
1.52315e-09
0
0
1.52315e-09
0
0
0
0
0
-7.30497e-65
0
-3.56688e-68
0
-1.42675e-67
0
0
0
-3.0463e-09
3.0463e-09
0
0
-1.39331e-70
3.0463e-09
0
0
0
0
0
-6.96656e-71
3.0463e-09
3.0463e-09
0
0
0
3.0463e-09
0
-3.0463e-09
0
0
0
0
0
-5.70701e-67
0
0
0
-1.46099e-64
1.52315e-09
2.92199e-64
0
0
0
0
0
0
0
0
0
0
0
0
3.0463e-09
-2.2828e-66
0
0
-5.70701e-67
3.0463e-09
3.0463e-09
3.0463e-09
0
0
0
0
-6.96656e-71
3.0463e-09
-6.96656e-71
3.0463e-09
0
0
-2.2828e-66
3.0463e-09
0
3.0463e-09
0
3.0463e-09
0
-1.1688e-63
0
3.0463e-09
0
0
0
0
0
0
-2.33759e-63
0
0
0
0
0
-4.67518e-63
0
0
0
0
0
0
-5.84398e-64
0
0
0
4.56561e-66
0
3.0463e-09
0
0
3.0463e-09
3.0463e-09
3.0463e-09
-2.17705e-72
0
0
3.0463e-09
3.0463e-09
3.0463e-09
0
3.0463e-09
0
3.0463e-09
0
0
0
3.0463e-09
3.0463e-09
0
0
0
0
0
0
0
0
1.52315e-09
0
0
0
0
0
0
0
0
0
0
0
0
0
0
0
0
0
0
-7.84365e-56
0
0
0
0
0
0
-4.90228e-57
0
0
-3.56688e-68
0
0
0
0
0
6.09261e-09
0
0
-9.13121e-66
0
0
3.0463e-09
-1.1688e-63
0
0
1.46099e-64
0
0
0
0
0
-2.33759e-63
0
0
0
0
0
0
0
0
0
0
0
-1.1414e-66
0
0
0
0
-6.12785e-58
3.0463e-09
3.0463e-09
3.0463e-09
0
0
0
6.09261e-09
0
0
0
0
0
0
0
3.0463e-09
-3.0463e-09
3.0463e-09
-7.30497e-65
0
0
0
0
0
0
0
0
0
0
-1.87007e-62
0
0
0
-4.67518e-63
-3.82991e-59
0
0
0
1.82624e-65
-9.13121e-66
0
-4.67518e-63
-1.53196e-58
0
-2.2828e-66
0
3.0463e-09
0
0
0
0
-1.42675e-67
7.13376e-68
-3.0463e-09
3.0463e-09
0
0
0
0
0
0
0
0
6.09261e-09
3.0463e-09
0
0
0
-3.0463e-09
0
0
0
0
0
-2.33759e-63
0
0
0
-7.48029e-62
-7.48029e-62
0
0
0
0
0
0
0
0
-7.30497e-65
0
0
-9.57477e-60
0
3.0463e-09
0
0
-2.8535e-67
0
0
3.0463e-09
-7.13376e-68
3.0463e-09
0
0
-5.70701e-67
0
-2.2828e-66
0
0
6.09261e-09
0
0
0
-7.30497e-65
0
-7.30497e-65
3.0463e-09
3.0463e-09
3.0463e-09
0
0
0
0
0
-5.84398e-64
0
3.0463e-09
-2.99212e-61
-1.49606e-61
0
-7.48029e-62
-3.74015e-62
1.52315e-09
1.52315e-09
0
0
0
0
0
1.52315e-09
0
0
0
0
0
0
0
0
3.0463e-09
3.0463e-09
0
3.0463e-09
3.0463e-09
0
-1.46099e-64
0
1.42675e-67
0
0
0
0
0
0
3.0463e-09
3.0463e-09
3.0463e-09
0
3.0463e-09
0
-1.1688e-63
0
0
0
0
0
3.0463e-09
-5.98423e-61
0
0
0
0
0
0
0
0
-2.33759e-63
0
0
0
-3.74015e-62
0
0
-7.30497e-65
3.0463e-09
0
0
3.0463e-09
-3.0463e-09
3.0463e-09
0
0
3.0463e-09
0
-2.2828e-66
8.9172e-69
0
-3.0463e-09
3.0463e-09
-1.78344e-68
3.0463e-09
0
3.0463e-09
3.0463e-09
0
3.0463e-09
0
0
-3.0463e-09
0
0
0
0
0
0
0
0
0
4.78739e-60
0
0
0
0
0
0
0
0
0
1.52315e-09
0
0
3.0463e-09
0
0
0
0
0
-3.0463e-09
0
-1.42675e-67
3.0463e-09
-9.13121e-66
0
3.0463e-09
0
3.0463e-09
3.0463e-09
3.0463e-09
0
3.0463e-09
3.0463e-09
3.0463e-09
3.0463e-09
3.0463e-09
0
0
0
0
0
3.0463e-09
0
0
-9.57477e-60
0
7.65982e-59
0
0
0
0
0
-3.06393e-58
0
0
0
1.52315e-09
1.52315e-09
0
-1.52315e-09
1.52315e-09
0
0
0
0
-5.19049e-79
-2.12603e-75
-1.74164e-71
3.96003e-84
0
0
-4.05507e-81
3.24406e-80
-2.65753e-76
0
0
0
0
0
0
0
0
0
0
0
-4.1524e-78
0
0
-8.9172e-69
3.0463e-09
0
0
0
0
0
7.13376e-68
1.52315e-09
0
1.52315e-09
0
1.52315e-09
-1.52315e-09
0
-2.53442e-82
0
0
1.52315e-09
0
1.52315e-09
1.52315e-09
0
3.0463e-09
0
0
3.0463e-09
0
0
-3.0463e-09
3.0463e-09
3.0463e-09
-3.0463e-09
0
-5.31507e-76
3.0463e-09
0
-4.05507e-81
0
0
0
0
0
3.0463e-09
3.0463e-09
0
3.32192e-77
0
3.0463e-09
0
0
0
0
0
0
0
0
1.52315e-09
1.52315e-09
1.52315e-09
-1.52315e-09
0
0
0
1.52315e-09
-3.24406e-80
0
0
0
0
1.52315e-09
0
0
0
0
0
0
0
-3.16803e-83
0
0
3.0463e-09
0
3.0463e-09
0
0
-1.62203e-80
0
0
0
0
0
3.0463e-09
-3.0463e-09
0
3.0463e-09
0
-3.0463e-09
3.0463e-09
0
0
0
3.0463e-09
-1.70082e-74
0
0
-1.52315e-09
0
0
0
0
1.52315e-09
0
0
-6.48812e-80
0
1.52315e-09
1.52315e-09
0
0
0
-1.62203e-80
-2.59525e-79
-1.0381e-78
-1.66096e-77
3.0463e-09
0
0
0
3.0463e-09
-6.48812e-80
0
0
0
0
3.0463e-09
3.0463e-09
0
-1.66096e-77
0
0
-1.29762e-79
0
0
-2.65753e-76
0
3.0463e-09
0
0
0
0
0
0
-1.39331e-70
-1.1414e-66
-1.52315e-09
0
0
0
0
0
-3.65249e-65
0
0
1.52315e-09
0
0
0
-3.56688e-68
3.0463e-09
0
0
0
0
-6.80329e-74
3.0463e-09
0
0
3.0463e-09
0
-3.0463e-09
-3.0463e-09
-3.0463e-09
0
0
-5.19049e-79
0
0
0
3.0463e-09
3.0463e-09
0
3.0463e-09
3.0463e-09
3.0463e-09
3.0463e-09
3.0463e-09
-4.1524e-78
0
0
0
0
-1.39331e-70
0
0
0
0
-3.40164e-74
0
0
0
1.52315e-09
0
1.52315e-09
0
-1.32877e-76
0
0
0
0
0
2.0762e-78
-1.66096e-77
0
3.0463e-09
0
0
0
-1.29762e-79
3.0463e-09
3.0463e-09
0
0
-1.29762e-79
0
0
-3.32192e-77
-3.0463e-09
-1.39331e-70
-2.59525e-79
0
3.0463e-09
0
3.0463e-09
0
0
0
0
-1.06301e-75
-1.70082e-74
0
0
2.8535e-67
-3.32192e-77
1.52315e-09
0
-6.80329e-74
0
0
0
1.52315e-09
0
-4.1524e-78
-1.66096e-77
0
0
0
0
0
0
0
-1.66096e-77
0
0
0
-3.0463e-09
3.0463e-09
0
3.0463e-09
0
3.0463e-09
3.0463e-09
0
0
0
0
0
-3.0463e-09
0
0
-3.0463e-09
0
0
0
0
0
0
0
0
0
-6.96656e-71
0
1.52315e-09
0
0
0
0
0
0
0
7.61576e-10
0
-1.66096e-77
7.61576e-10
0
0
0
0
-1.98002e-84
0
0
0
0
0
0
0
0
-1.62203e-80
-6.64383e-77
0
3.0463e-09
3.0463e-09
0
3.0463e-09
-3.0463e-09
0
3.0463e-09
3.0463e-09
-1.29762e-79
0
0
-6.64383e-77
3.0463e-09
3.0463e-09
0
3.0463e-09
0
0
0
0
0
7.61576e-10
-2.02754e-81
-7.61576e-10
0
0
7.61576e-10
7.61576e-10
0
0
-4.95004e-85
-3.16803e-83
-5.06884e-82
0
0
0
0
0
0
0
0
0
0
0
0
0
0
0
0
3.0463e-09
3.0463e-09
3.0463e-09
3.0463e-09
-8.30479e-78
0
0
-1.26721e-82
0
0
0
0
0
0
0
0
0
3.0463e-09
0
0
0
0
0
0
0
-1.0381e-78
-1.66096e-77
0
0
0
0
0
0
0
0
0
0
-3.77658e-90
0
0
0
0
0
0
0
0
-1.62203e-80
3.0463e-09
0
3.0463e-09
3.0463e-09
0
0
0
0
0
0
0
-8.11015e-81
0
0
0
0
0
0
0
0
0
0
0
0
0
0
0
-1.98002e-84
0
0
0
0
0
0
0
0
0
0
3.0463e-09
0
3.0463e-09
0
-3.09378e-86
3.0463e-09
0
0
0
0
0
-3.24406e-80
0
0
0
0
0
0
0
0
-1.23751e-85
0
0
0
0
0
0
0
-3.77658e-90
0
0
0
0
0
0
0
0
0
0
0
-3.86722e-87
0
0
-4.50204e-97
0
1.52315e-09
-2.36036e-91
0
0
3.0463e-09
0
3.0463e-09
0
0
0
3.0463e-09
0
0
-2.47502e-85
0
-1.01377e-81
0
-1.54689e-86
-2.47502e-85
3.0463e-09
0
0
3.0463e-09
0
0
0
3.0463e-09
0
0
0
0
0
-2.36036e-91
0
0
0
0
0
0
0
4.61009e-94
0
0
0
0
-1.07337e-103
0
0
0
0
-2.8813e-95
0
0
0
0
0
3.0463e-09
0
0
-1.18018e-91
0
0
0
0
0
0
0
0
3.0463e-09
-1.98002e-84
0
0
0
0
0
0
0
0
0
0
-2.30504e-94
0
0
0
0
0
0
-2.19826e-100
0
0
0
0
0
-7.55316e-90
0
-2.14674e-103
0
0
0
-3.60163e-96
0
0
-2.25102e-97
0
0
-5.90091e-92
-3.77658e-90
0
0
0
0
0
3.0463e-09
0
0
0
0
-3.09378e-86
-2.47502e-85
0
0
-1.29762e-79
0
-9.66805e-88
0
0
3.0463e-09
0
0
0
0
0
-1.88829e-90
0
0
0
0
0
0
-3.60163e-96
1.52315e-09
0
0
1.52315e-09
0
0
1.52315e-09
0
1.52315e-09
0
0
0
3.24406e-80
-2.02754e-81
3.0463e-09
0
3.0463e-09
-3.40164e-74
0
-2.02754e-81
-1.26721e-82
0
0
6.09261e-09
0
0
0
0
0
0
0
-5.44263e-73
0
6.09261e-09
0
0
0
0
0
0
0
0
0
0
0
0
0
-4.1524e-78
0
1.52315e-09
-1.52315e-09
0
-3.48328e-71
0
-5.19049e-79
1.52315e-09
-1.52315e-09
1.52315e-09
0
3.0463e-09
3.0463e-09
0
0
-1.01377e-81
0
3.0463e-09
3.0463e-09
3.0463e-09
0
0
0
0
3.0463e-09
0
0
-2.02754e-81
0
0
0
0
3.0463e-09
0
0
3.0463e-09
3.0463e-09
-2.53442e-82
3.0463e-09
0
-8.50411e-75
3.0463e-09
0
0
0
-1.26721e-82
0
0
0
1.52315e-09
0
-1.52315e-09
0
0
0
0
0
0
0
1.52315e-09
0
-2.12603e-75
-2.59525e-79
0
0
-2.53442e-82
0
3.0463e-09
0
-1.62203e-80
0
3.0463e-09
0
3.0463e-09
0
0
0
0
0
0
3.0463e-09
3.0463e-09
0
3.0463e-09
3.0463e-09
0
0
3.0463e-09
0
0
0
0
3.0463e-09
0
-5.06884e-82
0
0
0
1.52315e-09
1.52315e-09
1.52315e-09
1.52315e-09
-5.57325e-70
0
0
-5.19049e-79
0
0
0
-1.74164e-71
0
0
-6.48812e-80
0
0
0
0
3.0463e-09
-3.0463e-09
3.0463e-09
0
3.0463e-09
0
0
3.0463e-09
0
0
3.0463e-09
3.0463e-09
-3.96003e-84
0
0
3.0463e-09
3.0463e-09
0
-3.0463e-09
-3.0463e-09
0
0
0
0
0
3.0463e-09
0
0
0
-1.32877e-76
0
0
0
0
0
0
1.52315e-09
0
0
0
0
0
0
0
3.0463e-09
0
0
0
-3.0463e-09
0
3.0463e-09
8.11015e-81
-3.0463e-09
3.0463e-09
3.0463e-09
3.0463e-09
-3.32192e-77
3.0463e-09
0
0
3.0463e-09
3.0463e-09
0
3.0463e-09
-1.0381e-78
3.0463e-09
-1.62203e-80
3.0463e-09
0
3.0463e-09
0
3.0463e-09
0
0
-1.62203e-80
3.0463e-09
0
0
1.52315e-09
-8.30479e-78
-1.0381e-78
0
0
0
0
-8.30479e-78
1.52315e-09
0
0
0
3.0463e-09
0
0
-1.29762e-79
0
0
-1.26721e-82
0
3.0463e-09
3.0463e-09
-8.11015e-81
0
-6.33605e-83
3.0463e-09
3.0463e-09
3.0463e-09
0
0
3.0463e-09
-3.0463e-09
3.0463e-09
3.0463e-09
3.0463e-09
3.0463e-09
3.0463e-09
-8.11015e-81
3.0463e-09
-3.0463e-09
0
0
0
-2.0762e-78
0
0
0
0
0
0
0
0
0
0
1.52315e-09
0
-8.30479e-78
-1.0381e-78
0
1.52315e-09
0
0
3.0463e-09
3.0463e-09
0
-1.62203e-80
0
3.0463e-09
0
3.0463e-09
0
-3.0463e-09
0
-1.26721e-82
0
-3.0463e-09
0
0
0
0
3.0463e-09
3.0463e-09
0
-1.06301e-75
0
0
-1.62203e-80
-2.02754e-81
3.0463e-09
0
3.0463e-09
0
0
2.59525e-79
3.0463e-09
0
0
0
0
0
0
0
0
0
0
0
0
0
0
-1.93361e-87
0
3.0463e-09
0
0
1.98002e-84
0
0
3.0463e-09
3.0463e-09
3.0463e-09
0
-7.92007e-84
0
0
-2.12603e-75
0
0
0
3.0463e-09
0
-2.47502e-85
0
0
0
3.0463e-09
-3.0463e-09
0
-9.90008e-85
0
0
3.0463e-09
-8.11015e-81
0
-3.09378e-86
0
0
-7.61576e-10
7.61576e-10
0
0
7.61576e-10
1.52315e-09
0
1.52315e-09
0
0
0
4.83402e-88
0
0
0
0
3.86722e-87
0
0
0
-1.32877e-76
0
0
0
0
0
0
0
0
0
0
0
-3.0463e-09
3.0463e-09
0
0
3.0463e-09
-4.05507e-81
0
0
0
0
3.0463e-09
0
-6.18755e-86
0
0
0
-6.48812e-80
0
0
0
0
0
-1.20851e-88
-3.86722e-87
0
0
0
0
-9.22017e-94
0
-3.96003e-84
0
0
0
0
0
-5.76261e-95
3.0463e-09
0
0
-1.58401e-83
0
3.0463e-09
0
0
-1.62203e-80
0
0
1.23751e-85
0
0
0
0
0
0
0
0
0
0
0
0
3.0463e-09
0
-2.95045e-92
0
0
0
0
0
9.44145e-91
0
0
0
0
0
0
0
-1.75861e-99
0
-1.23751e-85
0
0
0
0
0
0
0
3.0463e-09
0
0
0
0
0
0
3.0463e-09
0
0
0
0
3.0463e-09
0
0
0
0
0
0
0
0
0
0
-3.77658e-90
5.90091e-92
0
0
0
0
0
0
0
0
0
0
-3.68807e-93
0
0
0
1.52315e-09
0
0
3.0463e-09
0
0
0
0
0
0
0
0
0
3.0463e-09
0
0
0
3.0463e-09
3.0463e-09
-1.54689e-86
0
3.0463e-09
0
0
0
-1.58401e-83
0
0
0
0
-6.18755e-86
4.83402e-88
0
0
0
0
0
-1.51063e-89
0
0
0
0
-1.40689e-98
-5.49565e-101
0
0
0
0
-1.37391e-101
0
0
0
0
3.0463e-09
0
-1.44065e-95
0
0
0
0
0
0
0
0
0
0
0
0
0
0
0
0
0
0
0
0
0
0
0
0
0
0
0
3.0463e-09
0
0
-1.84403e-93
0
4.50204e-97
0
0
3.43478e-102
0
0
0
0
0
0
0
0
0
0
3.0463e-09
0
-9.00407e-97
0
0
0
0
0
0
0
0
0
0
0
0
0
0
0
0
0
-1.98002e-84
0
0
0
0
0
0
0
0
0
-1.44065e-95
-4.50204e-97
0
-1.15252e-94
0
0
-8.79304e-100
-1.37391e-101
-4.29348e-103
-1.67714e-105
)
;

boundaryField
{
    fuel
    {
        type            calculated;
        value           uniform 0;
    }
    primary_air
    {
        type            calculated;
        value           uniform 0;
    }
    Secondary_air_RHS
    {
        type            calculated;
        value           uniform 0;
    }
    Secondary_air_LHS
    {
        type            calculated;
        value           uniform 0;
    }
    outlet
    {
        type            calculated;
        value           uniform 0;
    }
    stove_body
    {
        type            calculated;
        value           uniform 0;
    }
    frontAndBack
    {
        type            empty;
    }
}


// ************************************************************************* //
