/*--------------------------------*- C++ -*----------------------------------*\
  =========                 |
  \\      /  F ield         | OpenFOAM: The Open Source CFD Toolbox
   \\    /   O peration     | Website:  https://openfoam.org
    \\  /    A nd           | Version:  6
     \\/     M anipulation  |
\*---------------------------------------------------------------------------*/
FoamFile
{
    version     2.0;
    format      ascii;
    class       volScalarField;
    location    "0.0075";
    object      N2;
}
// * * * * * * * * * * * * * * * * * * * * * * * * * * * * * * * * * * * * * //

dimensions      [0 0 0 0 0 0 0];

internalField   nonuniform List<scalar> 
3773
(
0.690564
0.699192
0.699925
0.700559
0.699855
0.698658
0.688883
0.76112
0.765756
0.761089
0.76202
0.765447
0.76439
0.761635
0.735338
0.748397
0.748421
0.748412
0.748408
0.748366
0.735463
0.735363
0.740619
0.740847
0.739669
0.740243
0.74231
0.736015
0.735145
0.747979
0.74836
0.748325
0.748359
0.748327
0.735555
0.761657
0.765655
0.76151
0.764034
0.766121
0.764593
0.762251
0.689321
0.699353
0.698565
0.698874
0.698985
0.698101
0.68835
0.886255
0.899942
0.905072
0.905798
0.901456
0.899653
0.8855
0.987821
0.992469
0.990434
0.991237
0.992388
0.991894
0.988141
0.983285
0.980044
0.977537
0.97967
0.979839
0.97567
0.983719
0.986617
0.992626
0.992763
0.991573
0.992215
0.994234
0.98787
0.983425
0.979908
0.978459
0.979255
0.980374
0.976464
0.983903
0.988046
0.992916
0.990798
0.992147
0.992606
0.991988
0.988358
0.883734
0.898308
0.901596
0.900114
0.899495
0.89919
0.883616
0.963994
0.975692
0.981212
0.981654
0.976771
0.975007
0.963526
0.992891
0.998856
0.999176
0.999276
0.998971
0.998766
0.992888
0.994729
0.999168
0.998377
0.998706
0.998737
0.998967
0.9945
0.995152
0.999747
0.999783
0.99983
0.999852
0.999864
0.995208
0.994431
0.999128
0.998708
0.998718
0.998847
0.99891
0.994499
0.992907
0.99882
0.999128
0.998838
0.999046
0.998803
0.992886
0.962584
0.974578
0.979529
0.975987
0.976398
0.974713
0.962301
0.986398
0.995917
0.995721
0.995741
0.996261
0.996008
0.986226
0.993944
0.99977
0.999894
0.999932
0.999859
0.999794
0.99394
0.995112
0.999935
0.999938
0.999931
0.999959
0.999954
0.995103
0.99535
0.999984
0.999994
0.999997
0.999997
0.999981
0.995337
0.995095
0.999969
0.999941
0.999957
0.999971
0.999945
0.995103
0.993942
0.999804
0.999898
0.999921
0.999854
0.999801
0.993932
0.986036
0.995915
0.995403
0.996789
0.996075
0.995965
0.985841
0.990286
0.999536
0.999274
0.999234
0.999604
0.999611
0.990219
0.994101
0.999902
0.999983
0.999986
0.999986
0.999923
0.9941
0.995127
0.99996
0.999997
0.999998
0.999998
0.999987
0.995129
0.995355
0.999993
1
1
1
0.999984
0.99534
0.995126
0.999983
0.999998
0.999998
0.999999
0.999988
0.995129
0.994097
0.999924
0.99998
0.999992
0.999981
0.999935
0.994098
0.990144
0.999583
0.999146
0.999482
0.999429
0.999609
0.990101
0.990706
0.99993
0.999925
0.999949
0.999952
0.999947
0.99067
0.994208
0.999922
0.999998
0.999999
0.999999
0.999939
0.9942
0.995165
0.999951
1
1
1
0.999989
0.995166
0.995399
0.999996
1
1
1
0.999979
0.995371
0.995164
0.999973
1
1
1
0.999989
0.995165
0.994203
0.999949
0.999999
0.999999
0.999999
0.999961
0.994202
0.990573
0.999954
0.999944
0.999938
0.999929
0.999947
0.990575
1
1
1
1
1
1
1
1
1
1
1
1
1
1
1
1
1
1
1
1
1
1
1
1
1
1
1
1
1
1
1
1
1
1
1
1
1
1
1
1
1
1
1
1
1
1
1
1
1
0.998214
0.99933
0.999391
0.999449
0.999465
0.999387
0.99826
0.996068
0.998218
0.998832
0.998998
0.998875
0.998234
0.996023
0.993866
0.993997
0.994659
0.994927
0.994708
0.994044
0.99368
0.991292
0.991397
0.991066
0.990776
0.990844
0.991324
0.991287
0.994017
0.995051
0.99563
0.99574
0.995693
0.995243
0.994151
0.9974
0.998904
0.99929
0.999422
0.999335
0.99905
0.997742
0.998513
0.999383
0.999496
0.999596
0.999561
0.999506
0.998686
0.999323
1
1
1
0.999999
0.99999
0.998768
0.998273
0.999907
0.999998
0.999999
0.999999
0.999892
0.997841
0.996567
0.997727
0.998021
0.99814
0.997891
0.997613
0.996435
0.995603
0.995895
0.995948
0.995785
0.995841
0.99594
0.995677
0.996187
0.99726
0.997975
0.998028
0.997925
0.997197
0.996092
0.997854
0.999895
0.999999
1
0.999999
0.999933
0.998047
0.998999
0.999999
1
1
1
1
0.999164
0.999884
1
1
1
0.999998
0.999967
0.999638
0.9993
0.999964
0.999999
1
1
0.999996
0.999193
0.998885
0.99923
0.999245
0.999269
0.999137
0.999117
0.998677
0.997995
0.998208
0.998347
0.99829
0.998219
0.997852
0.997652
0.99811
0.998903
0.999088
0.999204
0.99903
0.99887
0.998091
0.998981
0.999937
0.999999
0.999999
0.999999
0.999974
0.998908
0.999545
0.999997
1
1
1
1
0.999655
0.999993
1
1
1
1
0.999997
0.999984
0.999907
0.999998
1
0.999999
1
0.999979
0.99978
0.99969
0.99975
0.999742
0.999717
0.999689
0.999702
0.999567
0.999107
0.999099
0.999207
0.999105
0.999202
0.999003
0.998924
0.999251
0.999508
0.999648
0.999711
0.99962
0.999448
0.999162
0.999564
0.99994
0.999997
0.999998
0.999998
0.999938
0.999576
0.999877
0.999992
1
1
1
1
0.99992
1
1
1
1
1
1
1
0.999998
1
1
0.999998
1
0.999998
0.999989
0.999922
0.999936
0.999919
0.999898
0.999897
0.999908
0.999878
0.99951
0.999587
0.999559
0.999482
0.999592
0.999635
0.999583
0.999841
0.999871
0.999906
0.999897
0.999871
0.999848
0.999795
0.99995
0.999996
1
0.999997
0.999997
0.999985
0.999887
1
1
1
1
1
1
0.999999
1
1
1
1
1
1
1
1
1
1
0.999999
1
1
1
0.99998
0.999983
0.999976
0.999964
0.999966
0.999962
0.999958
0.999754
0.999772
0.999789
0.999756
0.999794
0.999862
0.999829
0.999965
0.99997
0.999974
0.999969
0.999956
0.999961
0.999948
1
1
1
0.999997
0.999998
1
0.999995
1
1
1
1
1
1
1
1
1
1
1
1
1
1
1
1
1
1
1
1
1
0.999993
0.999996
0.999991
0.999986
0.999988
0.999988
0.999987
0.999892
0.999915
0.999935
0.999925
0.999936
0.999935
0.999903
0.99999
0.999994
0.999993
0.999989
0.999989
0.999989
0.999984
1
1
0.999999
0.999999
1
1
1
1
1
1
1
1
1
1
1
1
1
1
1
1
1
1
1
1
1
1
1
1
1
0.999998
0.999999
0.999998
0.999999
0.999999
1
1
0.999974
0.999982
0.999979
0.999984
0.999987
1
1
0.999999
0.999999
0.999998
0.999998
1
1
1
1
1
1
1
1
1
1
1
1
1
1
1
1
1
1
1
1
1
1
1
1
1
1
1
1
1
1
1
1
1
0.999999
1
1
1
1
0.999994
0.999996
0.999995
0.999996
0.999997
1
1
1
1
0.999999
1
1
1
1
1
1
1
1
1
1
1
1
1
1
1
1
1
1
1
1
1
1
1
1
1
1
1
1
1
1
1
1
1
1
1
1
1
1
1
0.999998
0.999998
0.999998
0.999999
0.999999
1
1
1
1
1
1
1
1
1
1
1
1
1
1
1
1
1
1
1
1
1
1
1
1
1
1
1
1
1
1
1
1
1
1
1
1
1
1
1
1
1
1
1
1
0.999999
1
0.999999
1
1
1
1
1
1
1
1
1
1
1
1
1
1
1
1
1
1
1
1
1
1
1
1
1
1
1
1
1
1
1
1
1
1
1
1
1
1
1
1
1
1
1
1
1
1
1
1
1
1
1
1
1
1
1
1
1
1
1
1
1
1
1
1
1
1
1
1
1
1
1
1
1
1
1
1
1
1
1
1
1
1
1
1
1
1
1
1
1
1
1
1
1
1
1
1
1
1
1
1
1
1
1
1
1
1
1
1
1
1
1
1
1
1
1
1
1
1
1
1
1
1
1
1
1
1
1
1
1
1
1
1
1
1
1
1
1
1
1
1
1
1
1
1
1
1
1
1
1
1
1
1
1
1
1
1
1
1
1
1
1
1
1
1
1
1
1
1
1
1
1
1
1
1
1
1
1
1
1
0.999999
0.999999
1
1
1
1
1
0.999991
0.999995
0.999994
0.999995
0.999995
1
0.999917
0.999939
0.999941
0.99993
0.999952
0.99995
0.999967
1
0.999993
0.999995
0.999994
0.999989
0.999996
1
1
0.999999
1
1
1
1
1
1
1
1
1
1
1
1
1
1
1
1
1
1
1
1
1
1
1
1
1
1
1
0.999992
0.999995
0.999995
0.999995
0.999996
1
0.999932
0.999941
0.999943
0.999933
0.999952
0.999951
0.999996
1
0.999993
0.999996
0.999994
0.999989
0.999997
1
1
1
1
1
1
1
1
1
1
1
1
1
1
1
1
1
1
1
1
1
1
1
1
1
1
1
1
1
1
0.999992
0.999996
0.999995
0.999995
0.999996
1
0.999962
0.999942
0.999947
0.999937
0.999953
0.999953
1
1
0.999993
0.999996
0.999994
0.99999
0.999997
1
1
1
1
1
1
1
1
1
1
1
1
1
1
1
1
1
1
1
1
1
1
1
0.999999
1
1
1
1
1
1
0.999992
0.999996
0.999995
0.999996
0.999997
1
0.999999
0.999943
0.99995
0.999941
0.999954
0.999956
1
1
0.999994
0.999996
0.999994
0.999991
0.999997
1
1
1
1
1
1
1
1
1
1
1
1
1
1
1
1
1
1
1
1
1
1
1
0.999999
1
1
1
1
1
1
0.999993
0.999996
0.999995
0.999996
0.999997
1
1
0.999944
0.999954
0.999946
0.999955
0.999959
1
1
0.999995
0.999997
0.999994
0.999991
0.999998
1
1
1
1
1
1
1
1
1
1
1
1
1
1
1
1
1
1
1
1
1
1
1
1
1
1
1
1
1
1
0.999993
0.999996
0.999996
0.999996
0.999997
1
1
0.999945
0.999957
0.999949
0.999959
0.999965
1
1
0.999995
0.999997
0.999994
0.999992
0.999998
1
1
1
1
1
1
1
1
1
1
1
1
1
1
1
1
1
1
1
1
1
1
1
1
1
1
1
1
1
1
0.999993
0.999997
0.999996
0.999996
0.999997
1
1
0.999947
0.999961
0.999954
0.999963
0.999967
1
1
0.999995
0.999997
0.999994
0.999992
0.999998
1
1
1
1
1
1
1
1
1
1
1
1
1
1
1
1
1
1
1
1
1
1
1
1
1
1
1
1
1
1
1
1
1
1
1
1
1
1
1
1
1
1
1
1
1
1
1
1
1
1
1
1
1
1
1
1
1
1
1
1
1
1
1
1
1
1
1
1
1
1
1
1
1
1
1
1
1
1
1
1
1
1
1
1
1
1
1
1
1
1
1
1
1
1
1
1
1
1
1
1
1
1
1
1
1
1
1
1
1
1
1
1
1
1
1
1
1
1
1
1
1
1
1
1
1
1
1
1
1
1
1
1
1
1
1
1
1
1
1
1
1
1
1
1
1
1
1
1
1
1
1
1
1
1
1
1
1
1
1
1
1
1
1
1
1
1
1
1
1
1
1
1
1
1
1
1
1
1
1
1
1
1
1
1
1
1
1
1
1
1
1
1
1
1
1
1
1
1
1
1
1
1
1
1
1
1
1
1
1
1
1
1
1
1
1
1
1
1
1
1
1
1
1
1
1
1
1
1
1
1
1
1
1
1
1
1
1
1
1
1
1
1
1
1
1
1
1
1
1
1
1
1
1
1
1
1
1
1
1
1
1
1
1
1
1
1
1
1
1
1
1
1
1
1
1
1
1
1
1
1
1
1
1
1
1
1
1
1
1
1
1
1
1
1
1
1
1
1
1
1
1
1
1
1
1
1
1
1
1
1
1
1
1
1
1
1
1
1
1
1
1
1
1
1
1
1
1
1
1
1
1
1
1
1
1
1
1
1
1
1
1
1
1
1
1
1
1
1
1
1
1
1
1
1
1
1
1
1
1
1
1
1
1
1
1
1
1
1
1
1
1
1
1
1
1
1
1
1
1
1
1
1
1
1
1
1
1
1
1
1
1
1
1
1
1
1
1
1
1
1
1
1
1
1
1
1
1
1
1
1
1
1
1
1
1
1
1
1
1
1
1
1
1
1
1
1
1
1
1
1
1
1
1
1
1
1
1
1
1
1
1
1
1
1
1
1
1
1
1
1
1
1
1
1
1
1
1
1
1
1
1
1
1
1
1
1
1
1
1
1
1
1
1
1
1
1
1
1
1
1
1
1
1
1
1
1
1
1
1
1
1
1
1
1
1
1
1
1
1
1
1
1
1
1
1
1
1
1
1
1
1
1
1
1
1
1
1
1
1
1
1
1
1
1
1
1
1
1
1
1
1
1
1
1
1
1
1
1
1
1
1
1
1
1
1
1
1
1
1
1
1
1
1
1
1
1
1
1
1
1
1
1
1
1
1
1
1
1
1
1
1
1
1
1
1
1
1
1
1
1
1
1
1
1
1
1
1
1
1
1
1
1
1
1
1
1
1
1
1
1
1
1
1
1
1
1
1
1
1
1
1
1
1
1
1
1
1
1
1
1
1
1
1
1
1
1
1
1
1
1
1
1
1
1
1
1
1
1
1
1
1
1
1
1
1
1
1
1
1
1
1
1
1
1
1
1
1
1
1
1
1
1
1
1
1
1
1
1
1
1
1
1
1
1
1
1
1
1
1
1
1
1
1
1
1
1
1
1
1
1
1
1
1
1
1
1
1
1
1
1
1
1
1
1
1
1
1
1
1
1
1
1
1
1
1
1
1
1
1
1
1
1
1
1
1
1
1
1
1
1
1
1
1
1
1
1
1
1
1
1
1
1
1
1
1
1
1
1
1
1
1
1
1
1
1
1
1
1
1
1
1
1
1
1
1
1
1
1
1
1
1
1
1
1
1
1
1
1
1
1
1
1
1
1
1
1
1
1
1
1
1
1
1
1
1
1
1
1
1
1
1
1
1
1
1
1
1
1
1
1
1
1
1
1
1
1
1
1
1
1
1
1
1
1
1
1
1
1
1
1
1
1
1
1
1
1
1
1
1
1
1
1
1
1
1
1
1
1
1
1
1
1
1
1
1
1
1
1
1
1
1
1
1
1
1
1
1
1
1
1
1
1
1
1
1
1
1
1
1
1
1
1
1
1
1
1
1
1
1
1
1
1
1
1
1
1
1
1
1
1
1
1
1
1
1
1
1
1
1
1
1
1
1
1
1
1
1
1
1
1
1
1
1
1
1
1
1
1
1
1
1
1
1
1
1
1
1
1
1
1
1
1
1
1
1
1
1
1
1
1
1
1
1
1
1
1
1
1
1
1
1
1
1
1
1
1
1
1
1
1
1
1
1
1
1
1
1
1
1
1
1
1
1
1
1
1
1
1
1
1
1
1
1
1
1
1
1
1
1
1
1
1
1
1
1
1
1
1
1
1
1
1
1
1
1
1
1
1
1
1
1
1
1
1
1
1
1
1
1
1
1
1
1
1
1
1
1
1
1
1
1
1
1
1
1
1
1
1
1
1
1
1
1
1
1
1
1
1
1
1
1
1
1
1
1
1
1
1
1
1
1
1
1
1
1
1
1
1
1
1
1
1
1
1
1
1
1
1
1
1
1
1
1
1
1
1
1
1
1
1
1
1
1
1
1
1
1
1
1
1
1
1
1
1
1
1
1
1
1
1
1
1
1
1
1
1
1
1
1
1
1
1
1
1
1
1
1
1
1
1
1
1
1
1
1
1
1
1
1
1
1
1
1
1
1
1
1
1
1
1
1
1
1
1
1
1
1
1
1
1
1
1
1
1
1
1
1
1
1
1
1
1
1
1
1
1
1
1
1
1
1
1
1
1
1
1
1
1
1
1
1
1
1
1
1
1
1
1
1
1
1
1
1
1
1
1
1
1
1
1
1
1
1
1
1
1
1
1
1
1
1
1
1
1
1
1
1
1
1
1
1
1
1
1
1
1
1
1
1
1
1
1
1
1
1
1
1
1
1
1
1
1
1
1
1
1
1
1
1
1
1
1
1
1
1
1
1
1
1
1
1
1
1
1
1
1
1
1
1
1
1
1
1
1
1
1
1
1
1
1
1
1
1
1
1
1
1
1
1
1
1
1
1
1
1
1
1
1
1
1
1
1
1
1
1
1
1
1
1
1
1
1
1
1
1
1
1
1
1
1
1
1
1
1
1
1
1
1
1
1
1
1
1
1
1
1
1
1
1
1
1
1
1
1
1
1
1
1
1
1
1
1
1
1
1
1
1
1
1
1
1
1
1
1
1
1
1
1
1
1
1
1
1
1
1
1
1
1
1
1
1
1
1
1
1
1
1
1
1
1
1
1
1
1
1
1
1
1
1
1
1
1
1
1
1
1
1
1
1
1
1
1
1
1
1
1
1
1
1
1
1
1
1
1
1
1
1
1
1
1
1
1
1
1
1
1
1
1
1
1
1
1
1
1
1
1
1
1
1
1
1
1
1
1
1
1
1
1
1
1
1
1
1
1
1
1
1
1
1
1
1
1
1
1
1
1
1
1
1
1
1
1
1
1
1
1
1
1
1
1
1
1
1
1
1
1
1
1
1
1
1
1
1
1
1
1
1
1
1
1
1
1
1
1
1
1
1
1
1
1
1
1
1
1
1
1
1
1
1
1
1
1
1
1
1
1
1
1
1
1
1
1
1
1
1
1
1
1
1
1
1
1
1
1
1
1
1
1
1
1
1
1
1
1
1
1
1
1
1
1
1
1
1
1
1
1
1
1
1
1
1
1
1
1
1
1
1
1
1
1
1
1
1
1
1
1
1
1
1
1
1
1
1
1
1
1
1
1
1
1
1
1
1
1
1
1
1
1
1
1
1
1
1
1
1
1
1
1
1
1
1
1
1
1
1
1
1
1
1
1
1
1
1
1
1
1
1
1
1
1
1
1
1
1
1
1
1
1
1
1
1
1
1
1
1
1
1
1
1
1
1
1
1
1
1
1
1
1
1
1
1
1
1
1
1
1
1
1
1
1
1
1
1
1
1
1
1
1
1
1
1
1
1
1
1
1
1
1
1
1
1
1
1
1
1
1
1
1
1
1
1
1
1
1
1
1
1
1
1
1
1
1
1
1
1
1
1
1
1
1
1
1
1
1
1
1
1
1
1
1
1
1
1
1
1
1
1
1
1
1
1
1
1
1
1
1
1
1
1
1
1
1
1
1
1
1
1
1
1
1
1
1
1
1
1
1
1
1
1
1
1
1
1
1
1
1
1
1
1
1
1
1
1
1
1
1
1
1
1
1
1
1
1
1
1
1
1
1
1
1
1
1
1
1
1
1
1
1
1
1
1
1
1
1
1
1
1
1
1
1
1
1
1
1
1
1
1
1
1
1
1
1
1
1
1
1
1
1
1
1
1
1
1
1
1
1
1
1
1
1
1
1
1
1
1
1
1
1
1
1
1
1
1
1
1
1
1
1
1
1
1
1
1
1
1
1
1
1
1
1
1
1
1
1
1
1
1
1
1
1
1
1
1
1
1
1
1
1
1
1
1
1
1
1
1
1
1
1
1
1
1
1
1
1
1
1
1
1
1
1
1
1
1
1
1
1
1
1
1
1
1
1
1
1
1
1
1
1
1
1
1
1
1
1
1
1
1
1
1
1
1
1
1
1
1
1
1
1
1
1
1
1
1
1
1
1
1
1
1
1
1
1
1
1
1
1
1
1
1
1
1
1
1
1
1
1
1
1
1
1
1
1
1
1
1
1
1
1
1
1
1
1
1
1
1
1
1
1
1
1
1
1
1
1
1
1
1
1
1
1
1
1
1
1
1
1
1
1
1
1
1
1
1
1
1
1
1
1
1
1
1
1
1
1
1
1
1
1
1
1
1
1
1
1
1
1
1
1
1
1
1
1
1
1
1
1
1
1
1
1
1
1
1
1
1
1
1
1
1
1
1
1
1
1
1
1
1
1
1
1
1
1
1
1
1
1
1
1
1
1
1
1
1
1
1
1
1
1
1
1
1
1
1
1
1
1
1
1
1
1
1
1
1
1
1
1
1
1
1
1
1
1
1
1
1
1
1
1
1
1
1
1
1
1
1
1
1
1
1
1
1
1
1
1
1
1
1
1
1
1
1
1
1
1
1
1
1
1
1
1
1
1
1
1
1
1
1
1
1
1
1
1
1
1
1
1
1
1
1
1
1
1
1
1
1
1
1
1
1
1
1
1
1
1
1
1
1
1
1
1
1
1
1
1
1
1
1
1
1
1
1
1
1
1
1
1
1
1
1
1
1
1
1
1
1
1
1
1
1
1
1
1
1
1
1
1
1
1
1
1
1
1
1
1
1
1
1
1
1
1
1
1
1
1
1
1
1
1
1
1
1
1
1
1
1
1
1
1
1
1
1
1
1
1
1
1
1
1
1
1
1
1
1
1
1
1
1
1
1
1
1
1
1
1
1
1
1
1
1
1
1
1
1
1
1
1
1
1
1
1
1
1
1
1
1
1
1
1
1
1
1
1
1
1
1
1
1
1
1
1
1
1
1
1
1
1
1
1
1
1
1
1
1
1
1
1
1
1
1
1
1
1
1
1
1
1
1
1
1
1
1
1
1
1
1
1
)
;

boundaryField
{
    fuel
    {
        type            fixedValue;
        value           uniform 0;
    }
    primary_air
    {
        type            fixedValue;
        value           uniform 0.77;
    }
    Secondary_air_RHS
    {
        type            fixedValue;
        value           uniform 0.77;
    }
    Secondary_air_LHS
    {
        type            fixedValue;
        value           uniform 0.77;
    }
    outlet
    {
        type            inletOutlet;
        inletValue      uniform 0;
        value           nonuniform List<scalar> 
98
(
1
1
1
1
1
1
1
1
1
1
1
1
1
1
1
1
1
1
1
1
1
1
1
1
1
1
1
1
1
1
1
1
1
1
1
1
1
1
1
1
1
1
1
1
1
1
1
1
1
1
1
1
1
1
1
1
1
1
1
1
1
1
1
1
1
1
1
1
1
1
1
1
1
1
1
1
1
1
1
1
1
1
1
1
1
1
1
1
1
1
1
1
1
1
1
1
1
1
)
;
    }
    stove_body
    {
        type            fixedValue;
        value           uniform 0;
    }
    frontAndBack
    {
        type            empty;
    }
}


// ************************************************************************* //
