/*--------------------------------*- C++ -*----------------------------------*\
  =========                 |
  \\      /  F ield         | OpenFOAM: The Open Source CFD Toolbox
   \\    /   O peration     | Website:  https://openfoam.org
    \\  /    A nd           | Version:  6
     \\/     M anipulation  |
\*---------------------------------------------------------------------------*/
FoamFile
{
    version     2.0;
    format      ascii;
    class       volScalarField;
    location    "0.0225";
    object      Qdot;
}
// * * * * * * * * * * * * * * * * * * * * * * * * * * * * * * * * * * * * * //

dimensions      [1 -1 -3 0 0 0 0];

internalField   nonuniform List<scalar> 
3773
(
0
0
-3.70176e-10
6.37982e-05
0
-3.70176e-10
6.37978e-05
0
0
5.07051e-05
0.000127595
7.68913e-05
7.68913e-05
7.68898e-05
5.07051e-05
5.07051e-05
0.000204488
5.07051e-05
5.07051e-05
5.07051e-05
-1.48071e-09
0
0
0.000255193
0.00010141
0.00010141
0
0.000153783
5.07036e-05
0
0.000204488
5.07036e-05
0.000153783
5.07051e-05
0.000204486
7.68913e-05
5.07036e-05
0
5.07051e-05
-1.48071e-09
7.68913e-05
7.68913e-05
6.37982e-05
3.84457e-05
-3.70176e-10
0
6.37982e-05
-3.70176e-10
3.84453e-05
-7.40353e-10
1.26755e-05
0
1.26763e-05
5.11212e-05
3.84457e-05
1.26755e-05
6.33813e-06
4.80275e-06
0
4.80571e-06
4.80571e-06
7.97181e-06
9.60845e-06
0
0
0
9.61142e-06
9.61142e-06
0
-2.96141e-09
1.59466e-05
4.80275e-06
7.97181e-06
7.97181e-06
-2.96141e-09
0
9.60845e-06
9.60845e-06
7.97477e-06
-2.96141e-09
9.60845e-06
1.27775e-05
6.33517e-06
-2.96141e-09
0
4.80275e-06
4.80275e-06
4.80275e-06
7.97181e-06
4.80571e-06
1.59495e-05
0
5.11219e-05
0
-7.40353e-10
1.26763e-05
5.11219e-05
1.26763e-05
1.26763e-05
5.11219e-05
1.26763e-05
0
5.11219e-05
5.11212e-05
0
1.92199e-05
1.59466e-05
9.61142e-06
6.33517e-06
6.33813e-06
-2.96141e-09
1.92199e-05
7.97181e-06
0
1.20143e-06
1.99073e-06
0
1.99369e-06
4.80275e-06
6.39024e-06
4.98423e-07
-2.96141e-09
4.95462e-07
3.00357e-07
0
1.58453e-06
4.80275e-06
1.19847e-06
1.20143e-06
1.20143e-06
7.92267e-07
1.99369e-06
0
2.5561e-05
6.33813e-06
1.59495e-05
6.33517e-06
9.60845e-06
1.59495e-05
0
1.26755e-05
1.26755e-05
1.26763e-05
1.26763e-05
5.11212e-05
1.26755e-05
5.11212e-05
3.84449e-05
1.92221e-05
1.26763e-05
0
3.18991e-05
3.18984e-05
1.26763e-05
-2.96141e-09
0
9.61142e-06
0
1.59466e-05
1.59495e-05
2.5561e-05
7.97181e-06
1.20143e-06
1.5946e-06
3.93172e-07
3.93172e-07
1.59756e-06
3.16907e-06
-2.96141e-09
-2.96141e-09
-2.96141e-09
-2.96141e-09
9.41776e-09
0
6.38728e-06
-2.96141e-09
3.93172e-07
1.19847e-06
6.00713e-07
5.97752e-07
1.19847e-06
4.80275e-06
6.33517e-06
0
6.33517e-06
6.33813e-06
9.60845e-06
-2.96141e-09
6.33813e-06
-7.40353e-10
1.26763e-05
1.26755e-05
3.18991e-05
1.26763e-05
0
1.26755e-05
0
1.92221e-05
3.18991e-05
1.26763e-05
3.18984e-05
1.92228e-05
1.92228e-05
0
1.59495e-05
1.59466e-05
6.33517e-06
0
9.61142e-06
-2.96141e-09
4.80275e-06
-2.96141e-09
6.00713e-07
9.93885e-07
-2.96141e-09
0
3.16907e-06
1.58157e-06
-2.96141e-09
6.42474e-09
0
6.42474e-09
2.17969e-08
6.38728e-06
4.80275e-06
1.19847e-06
9.96847e-07
5.97752e-07
-2.96141e-09
-2.96141e-09
0
-2.96141e-09
9.61142e-06
9.60845e-06
6.33813e-06
0
1.59495e-05
2.5558e-05
1.26763e-05
1.26763e-05
3.18991e-05
1.92221e-05
1.92228e-05
1.92228e-05
3.18984e-05
3.18984e-05
-7.40353e-10
0
3.18984e-05
1.92228e-05
1.26755e-05
3.18984e-05
-2.96141e-09
3.16907e-06
1.27805e-05
9.61142e-06
3.16907e-06
1.27805e-05
0
-2.96141e-09
5.97752e-07
5.97752e-07
1.95105e-07
-2.96141e-09
7.95819e-07
1.58453e-06
6.38728e-06
3.22817e-09
-6.14874e-10
9.32522e-10
1.5474e-09
6.23029e-08
6.38728e-06
4.80571e-06
6.00713e-07
1.95105e-07
5.97752e-07
-2.96141e-09
1.98067e-07
4.80275e-06
1.59495e-05
-2.96141e-09
9.60845e-06
-2.96141e-09
3.16611e-06
1.27805e-05
9.60845e-06
3.18984e-05
3.18984e-05
1.26763e-05
1.92228e-05
0
3.18991e-05
3.18991e-05
4.80571e-06
0
0
-1.48071e-09
-1.48071e-09
1.58453e-06
-1.48071e-09
-2.96141e-09
-2.96141e-09
-2.96141e-09
0
-2.96141e-09
0
0
0
-2.96141e-09
0
0
0
0
-2.96141e-09
-2.96141e-09
0
-2.96141e-09
0
0
-2.96141e-09
-2.96141e-09
0
-2.96141e-09
0
0
-2.96141e-09
-2.96141e-09
0
-2.96141e-09
-2.96141e-09
-2.96141e-09
-2.96141e-09
-2.96141e-09
-2.96141e-09
-2.96141e-09
4.80571e-06
4.80571e-06
0
3.98591e-06
-1.48071e-09
4.80423e-06
7.97477e-06
-1.48071e-09
4.25112e-13
4.25112e-13
-1.48071e-09
8.50224e-13
-1.47986e-09
0
-2.96141e-09
-2.96141e-09
-2.95971e-09
1.70045e-12
-2.95801e-09
-2.96141e-09
-2.95461e-09
-5.92282e-09
6.80179e-12
0
-5.92282e-09
-5.91602e-09
-5.91602e-09
1.36036e-11
-5.89561e-09
2.72072e-11
0
-5.89561e-09
-5.92282e-09
-5.90922e-09
2.72072e-11
0
0
0
-5.92282e-09
0
0
1.36036e-11
-2.96141e-09
-2.95801e-09
-2.96141e-09
0
0
-2.96141e-09
0
0
-1.48071e-09
0
-1.48071e-09
8.50224e-13
0
1.70045e-12
-1.4806e-09
0
1.06278e-13
-1.4806e-09
-1.48071e-09
-1.48049e-09
-1.47986e-09
0
-2.96099e-09
0
0
0
-2.96141e-09
0
0
0
1.70045e-12
-5.92282e-09
-5.92282e-09
-5.91942e-09
0
1.36036e-11
-5.90922e-09
1.36036e-11
-5.90922e-09
1.36036e-11
-5.92282e-09
0
0
6.80179e-12
6.80179e-12
0
-5.91602e-09
0
-5.92282e-09
-2.96141e-09
0
0
-2.96141e-09
-2.96141e-09
-2.96141e-09
0
1.06278e-13
-1.4806e-09
1.06278e-13
1.06278e-13
1.06278e-13
1.06278e-13
8.50224e-13
1.06278e-13
-1.4806e-09
0
2.12556e-13
-1.48071e-09
1.06278e-13
-1.48071e-09
8.50224e-13
-2.96141e-09
-2.96141e-09
-2.96141e-09
-2.96056e-09
-2.96141e-09
-2.96141e-09
-5.91942e-09
0
-5.92197e-09
-5.92282e-09
-5.92282e-09
0
-5.92282e-09
-5.90922e-09
-5.92282e-09
-5.92282e-09
0
1.36036e-11
0
0
0
0
-5.92282e-09
0
0
0
0
-2.96141e-09
-2.96056e-09
-2.96099e-09
-2.96099e-09
-2.96141e-09
-2.96141e-09
0
-1.48071e-09
-1.4806e-09
-1.48071e-09
1.06278e-13
-1.48071e-09
1.06278e-13
0
-1.48071e-09
0
-1.4806e-09
2.12556e-13
-1.48071e-09
0
-1.48071e-09
0
0
0
0
8.50224e-13
0
3.40089e-12
-5.92282e-09
0
8.50224e-13
0
-5.92112e-09
0
-5.91942e-09
0
-5.90922e-09
-5.92282e-09
0
6.80179e-12
-5.91602e-09
0
0
0
0
3.40089e-12
3.40089e-12
1.70045e-12
-5.91942e-09
-2.96141e-09
0
-2.96141e-09
4.25112e-13
4.25112e-13
-2.96141e-09
2.12556e-13
5.3139e-14
0
1.06278e-13
1.06278e-13
-1.48071e-09
-1.48071e-09
0
1.06278e-13
-1.4806e-09
1.06278e-13
-1.48071e-09
2.12556e-13
-1.48028e-09
-1.47986e-09
8.50224e-13
8.50224e-13
-2.96141e-09
0
-2.96141e-09
-2.96056e-09
0
-5.92282e-09
-5.92197e-09
1.70045e-12
-5.92282e-09
1.70045e-12
1.70045e-12
-5.92282e-09
-5.90922e-09
-5.92282e-09
-5.90922e-09
-5.92282e-09
0
-5.91602e-09
-5.92282e-09
0
-5.92282e-09
3.40089e-12
-5.92282e-09
1.70045e-12
0
1.70045e-12
4.25112e-13
-2.96056e-09
0
-2.96099e-09
-2.96141e-09
-2.96141e-09
0
-1.48071e-09
0
-1.48049e-09
-1.48071e-09
1.06278e-13
-1.48071e-09
-1.48071e-09
0
1.06278e-13
1.06278e-13
-1.48049e-09
-1.48049e-09
-1.48028e-09
0
-2.96141e-09
-2.96141e-09
-2.96141e-09
-2.96056e-09
0
8.50224e-13
4.25112e-13
-5.92282e-09
-5.92282e-09
0
-5.92112e-09
0
0
-5.92197e-09
6.80179e-12
6.80179e-12
0
0
-5.92282e-09
0
0
6.80179e-12
3.40089e-12
-5.92282e-09
-5.92112e-09
0
0
0
1.06278e-13
-2.96099e-09
-2.96141e-09
4.25112e-13
-2.96141e-09
-2.96141e-09
-2.9613e-09
-1.48071e-09
-1.48071e-09
-1.48049e-09
0
-1.48071e-09
0
-1.48071e-09
0
-1.4806e-09
-1.48071e-09
2.12556e-13
-1.48071e-09
2.12556e-13
2.12556e-13
-2.96141e-09
0
-2.96141e-09
0
8.50224e-13
8.50224e-13
0
1.70045e-12
-5.92112e-09
0
-5.91942e-09
3.40089e-12
0
-5.92282e-09
0
-5.92282e-09
0
-5.91602e-09
0
-5.91602e-09
0
0
-5.92282e-09
0
1.70045e-12
-5.92112e-09
-5.92282e-09
0
0
-2.96141e-09
0
0
0
4.25112e-13
5.3139e-14
0
0
-1.48071e-09
2.12556e-13
1.06278e-13
0
2.65695e-14
2.12556e-13
1.06278e-13
-1.4806e-09
-1.48071e-09
-1.48071e-09
-1.48071e-09
1.06278e-13
0
-2.96141e-09
0
8.50224e-13
-2.96056e-09
-2.96056e-09
8.50224e-13
0
-5.92282e-09
-5.91942e-09
-5.92282e-09
0
-5.92282e-09
4.25112e-13
0
-5.92282e-09
0
6.80179e-12
0
-5.91602e-09
0
-5.92282e-09
0
-5.91942e-09
-5.92112e-09
1.70045e-12
-5.92282e-09
-5.92277e-09
0
-2.96056e-09
0
-2.96056e-09
-2.96141e-09
4.25112e-13
-2.96141e-09
0
-1.48049e-09
0
-1.48071e-09
1.06278e-13
5.3139e-14
-1.48065e-09
0
-1.4806e-09
0
-1.48049e-09
-1.48049e-09
0
0
0
-2.96141e-09
-2.96141e-09
-2.96141e-09
0
8.50224e-13
8.50224e-13
-5.92112e-09
0
-5.91942e-09
-5.92282e-09
0
-5.92282e-09
8.50224e-13
-5.91602e-09
0
-5.92282e-09
-5.91602e-09
-5.92282e-09
6.80179e-12
3.40089e-12
0
-5.92282e-09
-5.91942e-09
3.40089e-12
-5.92282e-09
1.70045e-12
-5.92282e-09
-2.96141e-09
0
-2.96141e-09
-2.96141e-09
-2.96056e-09
0
0
1.06278e-13
2.12556e-13
-1.48071e-09
-1.48071e-09
-1.48071e-09
0
0
2.12556e-13
-1.48071e-09
0
2.12556e-13
2.12556e-13
2.12556e-13
-1.48049e-09
0
-2.95971e-09
1.70045e-12
-2.95971e-09
-2.96141e-09
-2.96141e-09
-2.96056e-09
0
-5.92282e-09
-5.91602e-09
-5.92282e-09
0
1.70045e-12
0
0
0
-5.91602e-09
0
6.80179e-12
3.40089e-12
-5.91942e-09
-5.92197e-09
0
-5.91942e-09
1.70045e-12
-5.92112e-09
-5.92282e-09
-5.9224e-09
-2.96141e-09
-2.96141e-09
0
-2.96056e-09
-2.96141e-09
-2.96141e-09
-2.96141e-09
-1.48071e-09
2.12556e-13
-1.48071e-09
1.06278e-13
-1.48071e-09
5.3139e-14
-1.48068e-09
2.12556e-13
-1.4806e-09
0
-1.48049e-09
0
-1.48071e-09
-1.48071e-09
-2.96141e-09
1.70045e-12
-2.95971e-09
-2.95971e-09
-2.95971e-09
-2.96141e-09
8.50224e-13
-5.92112e-09
3.40089e-12
0
-5.92282e-09
-5.92282e-09
0
-5.92197e-09
0
-5.92282e-09
6.80179e-12
6.80179e-12
6.80179e-12
3.40089e-12
3.40089e-12
8.50224e-13
0
0
1.70045e-12
0
-5.92282e-09
-5.92282e-09
0
-2.96056e-09
-2.96056e-09
-2.96141e-09
-2.96056e-09
-2.96141e-09
-2.96141e-09
-1.48071e-09
0
-1.48049e-09
1.06278e-13
-1.4806e-09
-1.48065e-09
0
0
-1.48065e-09
-1.48071e-09
0
0
0
1.06278e-13
0
-2.95971e-09
1.70045e-12
0
8.50224e-13
0
-2.96056e-09
1.70045e-12
3.40089e-12
-5.92282e-09
0
-5.91942e-09
1.70045e-12
0
-5.92282e-09
-5.91602e-09
6.80179e-12
0
-5.91602e-09
0
3.40089e-12
1.70045e-12
3.40089e-12
0
-5.92112e-09
-5.92282e-09
-5.92112e-09
0
-2.96141e-09
8.50224e-13
0
-2.96099e-09
4.25112e-13
4.25112e-13
0
0
-1.48071e-09
1.06278e-13
0
0
-1.48065e-09
2.65695e-14
-1.48071e-09
-1.48065e-09
-1.4806e-09
1.06278e-13
-1.48049e-09
2.12556e-13
-1.4806e-09
0
-2.96141e-09
-2.96056e-09
8.50224e-13
0
8.50224e-13
0
-5.92112e-09
3.40089e-12
-5.91942e-09
-5.92282e-09
3.40089e-12
3.40089e-12
0
-5.91602e-09
0
6.80179e-12
0
6.80179e-12
-5.92282e-09
-5.91942e-09
-5.91942e-09
0
3.40089e-12
-5.92282e-09
1.70045e-12
-5.92112e-09
1.70045e-12
0
8.50224e-13
0
0
2.12556e-13
-2.96141e-09
0
-1.48049e-09
-1.48071e-09
-1.4806e-09
0
5.3139e-14
-1.48065e-09
0
-1.48071e-09
2.65695e-14
0
0
0
-1.48071e-09
1.06278e-13
8.50224e-13
-2.96099e-09
-2.9612e-09
-2.96099e-09
0
-2.96141e-09
-2.96099e-09
0
-5.91942e-09
-5.92282e-09
0
3.40089e-12
3.40089e-12
1.70045e-12
-5.92282e-09
6.80179e-12
0
0
-5.91602e-09
-5.92282e-09
-5.91942e-09
3.40089e-12
0
0
1.70045e-12
-5.92282e-09
1.70045e-12
8.50224e-13
-2.96141e-09
0
8.50224e-13
8.50224e-13
-2.9613e-09
0
-2.96141e-09
-1.48071e-09
0
-1.48071e-09
-1.48065e-09
-1.48065e-09
-1.48068e-09
1.32847e-14
-1.4807e-09
-1.48071e-09
1.06278e-13
2.12556e-13
-1.48071e-09
0
-1.48071e-09
0
-2.96056e-09
-2.96056e-09
0
8.50224e-13
0
0
0
1.70045e-12
0
3.40089e-12
0
1.70045e-12
0
6.80179e-12
6.80179e-12
0
-5.92282e-09
-5.92282e-09
0
6.80179e-12
-5.92282e-09
-5.92282e-09
0
1.70045e-12
-5.92112e-09
0
0
0
-2.96141e-09
0
8.50224e-13
-2.96056e-09
-2.96141e-09
0
-1.48071e-09
-1.48049e-09
0
0
0
-1.4806e-09
0
-1.48068e-09
-1.48071e-09
1.06278e-13
-1.48071e-09
0
-1.48071e-09
-1.48071e-09
-2.96141e-09
-2.96141e-09
0
8.50224e-13
-2.96056e-09
-2.96141e-09
0
-5.92282e-09
1.70045e-12
3.40089e-12
-5.92112e-09
-5.92112e-09
0
-5.92282e-09
-5.92282e-09
6.80179e-12
0
0
-5.92282e-09
6.80179e-12
-5.91602e-09
0
3.40089e-12
-5.91942e-09
-5.92112e-09
1.70045e-12
0
-5.92197e-09
-2.96141e-09
1.70045e-12
-2.96056e-09
-2.96141e-09
8.50224e-13
0
-2.96141e-09
0
2.12556e-13
0
-1.48071e-09
0
-1.48071e-09
0
-1.4806e-09
-1.48071e-09
0
-1.48071e-09
-1.48049e-09
-1.48028e-09
-1.48071e-09
0
0
-2.96056e-09
-2.96056e-09
-2.96056e-09
0
0
0
-5.92112e-09
0
0
1.70045e-12
1.70045e-12
0
0
0
-5.92282e-09
-5.91602e-09
-5.92282e-09
-5.91602e-09
6.80179e-12
6.80179e-12
0
3.40089e-12
0
0
0
0
0
-2.96141e-09
0
-2.96141e-09
4.25112e-13
-2.96099e-09
0
0
0
2.12556e-13
0
1.06278e-13
5.3139e-14
0
0
-1.4806e-09
-1.4806e-09
0
2.12556e-13
0
0
0
-2.96141e-09
-2.96056e-09
-2.96141e-09
8.50224e-13
0
-2.96141e-09
0
1.70045e-12
-5.92282e-09
-5.91942e-09
0
0
0
0
-5.91602e-09
0
-5.91602e-09
-5.92282e-09
0
-5.92282e-09
-5.91602e-09
0
-5.92282e-09
1.70045e-12
0
0
0
-2.9612e-09
1.70045e-12
8.50224e-13
8.50224e-13
4.25112e-13
0
-2.96141e-09
0
-1.48049e-09
2.12556e-13
0
0
5.3139e-14
0
0
0
0
0
0
0
0
-2.96141e-09
0
8.50224e-13
-2.96141e-09
-2.96056e-09
8.50224e-13
-2.9613e-09
0
-5.92282e-09
-5.92282e-09
3.40089e-12
-5.92112e-09
8.50224e-13
0
-5.91602e-09
6.80179e-12
0
-5.92282e-09
-5.92282e-09
-5.91602e-09
3.40089e-12
0
3.40089e-12
3.40089e-12
-5.92112e-09
-5.92112e-09
0
0
0
-2.96141e-09
0
0
4.25112e-13
4.25112e-13
0
0
2.12556e-13
2.12556e-13
0
-1.48071e-09
-1.48071e-09
-1.48071e-09
0
0
1.06278e-13
-1.48071e-09
-1.48071e-09
0
-1.48071e-09
0
-2.96141e-09
8.50224e-13
-2.96056e-09
-2.96141e-09
0
4.25112e-13
-5.92282e-09
0
0
3.40089e-12
1.70045e-12
0
0
0
-5.91602e-09
0
-5.92282e-09
0
-5.92282e-09
-5.91942e-09
0
3.40089e-12
3.40089e-12
-5.92112e-09
0
-5.92282e-09
0
-2.96099e-09
-2.95971e-09
-2.96056e-09
-2.96141e-09
-2.96099e-09
-2.96141e-09
-2.96141e-09
-1.48065e-09
0
-1.48071e-09
2.12556e-13
-1.4806e-09
5.3139e-14
0
2.12556e-13
1.06278e-13
1.06278e-13
-1.48049e-09
-1.48071e-09
2.12556e-13
-1.48071e-09
-2.96141e-09
-2.96099e-09
0
8.50224e-13
-2.96056e-09
-2.96141e-09
0
0
-5.92282e-09
3.40089e-12
3.40089e-12
0
0
0
0
0
0
6.80179e-12
0
0
3.40089e-12
3.40089e-12
-5.91942e-09
0
3.40089e-12
1.70045e-12
-5.92282e-09
0
-2.96141e-09
0
0
0
-2.96099e-09
-2.96099e-09
0
1.06278e-13
-1.48049e-09
-1.48049e-09
0
-1.48071e-09
-1.48065e-09
0
1.66059e-15
-1.48071e-09
-1.48071e-09
1.32847e-14
6.64237e-15
-1.48071e-09
0
-2.96141e-09
1.32847e-14
1.06278e-13
-2.96141e-09
0
-2.9612e-09
-2.96141e-09
-5.92282e-09
-5.92282e-09
-5.91942e-09
-5.91942e-09
0
0
1.70045e-12
0
6.80179e-12
-5.91602e-09
-5.91602e-09
0
6.80179e-12
-5.91942e-09
-5.92282e-09
0
1.70045e-12
0
0
-5.92282e-09
0
2.65695e-14
0
1.06278e-13
-2.96141e-09
-2.9613e-09
1.32847e-14
-2.96141e-09
-1.4807e-09
0
6.64237e-15
0
0
3.32119e-15
0
0
1.32847e-14
-1.48071e-09
-1.48071e-09
0
6.64237e-15
0
-2.96141e-09
0
-2.96141e-09
-2.9613e-09
0
0
-2.96136e-09
3.40089e-12
3.40089e-12
0
3.40089e-12
3.40089e-12
0
1.70045e-12
6.80179e-12
6.80179e-12
0
0
-5.91602e-09
6.80179e-12
-5.91602e-09
0
0
1.70045e-12
-5.92282e-09
1.70045e-12
1.70045e-12
-5.92112e-09
-2.96141e-09
-2.9613e-09
0
-2.96141e-09
-2.96141e-09
0
3.32119e-15
-1.4807e-09
-1.48071e-09
1.32847e-14
1.32847e-14
6.64237e-15
0
-1.48071e-09
-1.48071e-09
-1.48071e-09
2.65695e-14
-1.48071e-09
-1.48071e-09
1.32847e-14
1.32847e-14
6.64237e-15
1.32847e-14
-2.9613e-09
-2.9613e-09
0
-2.9613e-09
0
0
0
1.70045e-12
3.40089e-12
3.40089e-12
0
3.40089e-12
0
0
0
6.80179e-12
-5.91602e-09
0
-5.91602e-09
3.40089e-12
-5.92282e-09
3.40089e-12
-5.92282e-09
-5.92282e-09
1.70045e-12
1.70045e-12
1.06278e-13
-2.96141e-09
0
1.06278e-13
1.06278e-13
-2.9614e-09
1.32847e-14
2.65695e-14
-1.48071e-09
-1.48071e-09
2.65695e-14
-1.48071e-09
0
0
-1.48069e-09
0
0
5.3139e-14
0
0
0
2.65695e-14
0
-2.96141e-09
0
0
-2.9612e-09
-2.9612e-09
-5.92282e-09
-5.92112e-09
1.70045e-12
-5.91942e-09
3.40089e-12
0
0
0
0
0
0
6.80179e-12
-5.91602e-09
0
0
3.40089e-12
0
0
0
1.70045e-12
-5.92112e-09
0
-2.9612e-09
2.12556e-13
-2.96141e-09
-2.96141e-09
-2.96138e-09
-2.96141e-09
0
2.65695e-14
2.65695e-14
0
1.32847e-14
-1.4807e-09
-1.48071e-09
0
-1.48071e-09
5.3139e-14
-1.48071e-09
2.65695e-14
-1.48065e-09
-1.48071e-09
0
2.65695e-14
-2.96141e-09
-2.96141e-09
-2.9612e-09
-2.9612e-09
-2.96141e-09
-5.92282e-09
1.70045e-12
0
-5.92282e-09
3.40089e-12
0
1.70045e-12
0
-5.92282e-09
0
-5.92282e-09
-5.91602e-09
-5.91602e-09
-5.92282e-09
-5.92112e-09
-5.92112e-09
3.40089e-12
0
0
0
1.70045e-12
2.12556e-13
0
-2.9612e-09
0
-2.9613e-09
-2.96138e-09
-2.96138e-09
0
5.3139e-14
-1.48071e-09
-1.48068e-09
-1.48071e-09
-1.4807e-09
6.64237e-15
-1.48071e-09
2.65695e-14
0
0
-1.48071e-09
2.65695e-14
-1.48068e-09
-2.96141e-09
-2.96138e-09
-2.96141e-09
-2.96141e-09
0
-2.96141e-09
-2.9612e-09
1.70045e-12
0
0
-5.92282e-09
1.70045e-12
0
-5.92112e-09
-5.92282e-09
0
6.80179e-12
0
-5.91602e-09
0
0
-5.92282e-09
0
0
3.40089e-12
0
0
0
-2.96141e-09
-2.9612e-09
-2.96141e-09
-2.96141e-09
0
0
-2.96138e-09
-1.48071e-09
0
-1.48071e-09
-1.48068e-09
0
-1.48071e-09
0
-1.48068e-09
-1.48071e-09
0
-1.48068e-09
2.65695e-14
-1.48068e-09
-1.48068e-09
0
-2.96141e-09
-2.9613e-09
0
0
1.06278e-13
-2.96141e-09
-5.92112e-09
-5.92282e-09
-5.9224e-09
8.50224e-13
0
1.70045e-12
1.70045e-12
-5.92282e-09
-5.92282e-09
6.80179e-12
6.80179e-12
6.80179e-12
-5.92282e-09
-5.92282e-09
1.70045e-12
-5.92112e-09
0
0
-5.92112e-09
1.70045e-12
1.70045e-12
-2.96141e-09
0
1.06278e-13
1.06278e-13
1.06278e-13
-2.96141e-09
-2.96136e-09
0
0
0
2.65695e-14
0
0
-1.4807e-09
-1.48071e-09
0
-1.4807e-09
-1.4807e-09
0
-1.48071e-09
4.15148e-16
0
-2.96141e-09
0
0
-2.96141e-09
-2.96141e-09
-2.96141e-09
1.70045e-12
5.3139e-14
-5.92277e-09
5.3139e-14
-5.92282e-09
-5.92282e-09
0
3.40089e-12
1.70045e-12
0
4.25112e-13
0
4.25112e-13
-5.9224e-09
-5.92282e-09
-5.92282e-09
-5.92282e-09
2.65695e-14
0
5.3139e-14
-5.92282e-09
1.66059e-15
-2.96141e-09
-2.96141e-09
0
-2.96141e-09
-2.96141e-09
-2.96141e-09
-1.4807e-09
0
-1.4807e-09
-1.48071e-09
8.30296e-16
0
-1.4807e-09
-1.4807e-09
-1.4807e-09
-1.4807e-09
3.32119e-15
0
-1.4807e-09
0
-2.96141e-09
0
3.32119e-15
0
0
1.66059e-15
1.66059e-15
1.70045e-12
0
0
0
5.3139e-14
0
-2.96141e-09
0
1.70045e-12
-5.92282e-09
0
0
4.25112e-13
-5.92282e-09
2.12556e-13
-5.92282e-09
0
0
0
5.3139e-14
5.3139e-14
-2.96141e-09
-2.96141e-09
-2.96141e-09
0
3.32119e-15
3.32119e-15
3.32119e-15
-1.4807e-09
3.32119e-15
-1.48071e-09
0
3.32119e-15
-1.48071e-09
1.66059e-15
-1.48069e-09
0
-1.48069e-09
-1.48069e-09
-1.48071e-09
0
0
5.3139e-14
-2.96136e-09
-2.96141e-09
-2.9614e-09
-2.9614e-09
-2.96141e-09
1.32847e-14
-5.92282e-09
1.70045e-12
8.50224e-13
-5.92282e-09
5.3139e-14
0
0
3.40089e-12
-5.92282e-09
0
1.70045e-12
8.50224e-13
-5.92197e-09
0
-5.92282e-09
0
-5.92282e-09
2.65695e-14
-5.92282e-09
-5.92282e-09
5.3139e-14
-2.96141e-09
-2.96141e-09
1.32847e-14
1.32847e-14
6.64237e-15
-2.9614e-09
0
6.64237e-15
0
0
6.64237e-15
0
3.32119e-15
-1.4807e-09
2.65695e-14
2.65695e-14
2.65695e-14
0
-1.48068e-09
-1.48071e-09
-1.48069e-09
0
0
0
-2.96141e-09
-2.96138e-09
-2.96141e-09
-2.96138e-09
0
1.70045e-12
0
-5.92282e-09
-5.9224e-09
0
-2.96141e-09
-5.91942e-09
-5.91942e-09
3.40089e-12
0
-5.92282e-09
1.70045e-12
1.70045e-12
-5.92282e-09
0
0
0
0
-5.92277e-09
5.3139e-14
0
5.3139e-14
0
0
0
0
-2.96141e-09
0
0
0
-1.48069e-09
-1.48071e-09
-1.48071e-09
-1.48071e-09
5.3139e-14
0
2.65695e-14
0
2.65695e-14
-1.48068e-09
-1.48071e-09
0
-2.96141e-09
-2.9612e-09
-2.9613e-09
5.3139e-14
0
-2.96141e-09
1.70045e-12
0
-5.92112e-09
0
0
-5.92282e-09
4.25112e-13
6.80179e-12
3.40089e-12
-5.92282e-09
3.40089e-12
3.40089e-12
0
-5.92282e-09
1.70045e-12
-5.92282e-09
1.70045e-12
-5.92112e-09
0
-5.9224e-09
1.06278e-13
0
5.3139e-14
5.3139e-14
-2.96138e-09
-2.96141e-09
-2.96141e-09
2.65695e-14
1.32847e-14
6.64237e-15
0
-1.48069e-09
-1.48071e-09
1.32847e-14
-1.4807e-09
-1.48071e-09
-1.48068e-09
0
-1.48068e-09
0
-1.48068e-09
-1.48071e-09
2.12556e-13
-2.96141e-09
-2.96141e-09
-2.96141e-09
2.12556e-13
-2.9613e-09
0
0
-5.92112e-09
1.70045e-12
1.70045e-12
0
0
8.50224e-13
6.80179e-12
6.80179e-12
0
0
-5.91942e-09
0
-5.91942e-09
0
0
1.70045e-12
0
0
0
8.50224e-13
-2.96138e-09
2.65695e-14
-2.96141e-09
-2.96138e-09
0
-2.96141e-09
-2.96141e-09
0
-1.4807e-09
6.64237e-15
0
-1.48069e-09
-1.48071e-09
-1.4807e-09
0
-1.48071e-09
0
-1.48068e-09
-1.48068e-09
0
-1.48068e-09
-2.96141e-09
0
0
1.06278e-13
-2.9613e-09
0
0
-5.92112e-09
1.70045e-12
0
0
-5.92112e-09
-5.92282e-09
0
-5.91602e-09
-5.92282e-09
0
6.80179e-12
0
6.80179e-12
0
1.70045e-12
1.70045e-12
0
0
-5.92112e-09
-5.92282e-09
-5.92282e-09
5.3139e-14
0
0
0
0
5.3139e-14
5.3139e-14
0
1.32847e-14
1.32847e-14
1.32847e-14
-1.48071e-09
-1.48071e-09
-1.4807e-09
2.07574e-16
-1.48071e-09
0
0
-1.4807e-09
4.15148e-16
-1.48071e-09
-2.96141e-09
0
-2.96141e-09
6.64237e-15
-2.9614e-09
-2.9614e-09
0
0
3.40089e-12
-5.92282e-09
0
3.40089e-12
0
3.40089e-12
1.70045e-12
1.70045e-12
-5.92282e-09
-5.92112e-09
3.40089e-12
0
0
-5.92282e-09
1.06278e-13
-5.92271e-09
0
0
0
0
-2.96141e-09
0
-2.96141e-09
-2.96141e-09
-2.96141e-09
1.66059e-15
0
4.15148e-16
-1.48071e-09
-1.4807e-09
-1.4807e-09
-1.48071e-09
0
8.30296e-16
-1.48071e-09
-1.4807e-09
0
3.32119e-15
0
3.32119e-15
-1.4807e-09
-2.96141e-09
-2.96141e-09
0
-2.96141e-09
-2.96141e-09
1.66059e-15
-2.96141e-09
0
-5.92282e-09
1.70045e-12
1.70045e-12
-5.92282e-09
0
3.40089e-12
1.70045e-12
1.70045e-12
3.40089e-12
0
-5.92282e-09
-5.92282e-09
6.80179e-12
-5.92282e-09
1.06278e-13
1.06278e-13
1.06278e-13
0
-5.92112e-09
0
3.32119e-15
-2.96141e-09
-2.96141e-09
3.32119e-15
6.64237e-15
-2.96141e-09
-2.96141e-09
-1.48071e-09
3.32119e-15
3.32119e-15
0
-1.48071e-09
-1.48071e-09
-1.4807e-09
-1.4807e-09
-1.48071e-09
6.64237e-15
-1.4807e-09
6.64237e-15
-1.48071e-09
0
-2.96141e-09
6.64237e-15
-2.96141e-09
0
-2.96141e-09
0
-2.96141e-09
-5.92197e-09
0
1.70045e-12
0
1.70045e-12
0
3.40089e-12
-5.92282e-09
0
3.40089e-12
0
0
-5.91602e-09
-5.91602e-09
0
1.06278e-13
-5.92271e-09
0
0
1.70045e-12
0
1.32847e-14
2.65695e-14
0
0
2.65695e-14
-2.96141e-09
-2.96136e-09
6.64237e-15
1.32847e-14
-1.48071e-09
-1.48071e-09
-1.48068e-09
0
-1.48071e-09
0
1.32847e-14
-1.48069e-09
-1.4807e-09
-1.4807e-09
6.64237e-15
-1.48071e-09
1.32847e-14
-2.96141e-09
-2.96138e-09
0
-2.96138e-09
-2.96138e-09
0
-5.92282e-09
-5.92282e-09
-5.92282e-09
1.70045e-12
-5.92282e-09
3.40089e-12
-5.91942e-09
3.40089e-12
6.80179e-12
6.80179e-12
6.80179e-12
-5.91602e-09
-5.91602e-09
0
0
-5.92282e-09
0
0
1.70045e-12
1.70045e-12
-5.92112e-09
-2.96136e-09
-2.96136e-09
5.3139e-14
-2.9613e-09
0
-2.96141e-09
1.06278e-13
-1.48071e-09
-1.48071e-09
2.65695e-14
-1.48071e-09
-1.48065e-09
0
-1.48068e-09
-1.48071e-09
0
-1.48071e-09
6.64237e-15
-1.4807e-09
0
-1.48069e-09
-2.96141e-09
-2.96141e-09
0
-2.96141e-09
-2.96141e-09
5.3139e-14
-2.96141e-09
1.70045e-12
0
0
-5.92112e-09
0
-5.91942e-09
0
3.40089e-12
-5.92282e-09
6.80179e-12
0
-5.92282e-09
0
-5.91602e-09
-5.92282e-09
1.70045e-12
0
-5.92282e-09
-5.92282e-09
-5.92112e-09
-5.92112e-09
-2.9613e-09
-2.96141e-09
-2.9613e-09
0
0
0
2.12556e-13
-1.48071e-09
-1.48071e-09
5.3139e-14
0
5.3139e-14
0
-1.48065e-09
0
0
0
-1.48071e-09
-1.48069e-09
-1.48071e-09
0
-2.96141e-09
2.65695e-14
0
-2.96138e-09
2.65695e-14
2.65695e-14
0
0
-5.92282e-09
-5.92282e-09
-5.92112e-09
-5.92112e-09
0
1.70045e-12
-5.92282e-09
-5.91602e-09
0
-5.92282e-09
0
-5.91602e-09
6.80179e-12
-5.92282e-09
0
1.70045e-12
0
0
1.70045e-12
0
0
0
2.12556e-13
-2.96141e-09
0
2.12556e-13
2.12556e-13
0
-1.48065e-09
-1.48071e-09
5.3139e-14
5.3139e-14
-1.48071e-09
5.3139e-14
0
-1.48068e-09
-1.48071e-09
1.32847e-14
0
0
2.65695e-14
0
-2.96141e-09
0
0
0
-2.96141e-09
-2.96136e-09
1.70045e-12
0
-5.92282e-09
0
0
1.70045e-12
1.70045e-12
6.80179e-12
0
6.80179e-12
-5.92282e-09
6.80179e-12
-5.92282e-09
-5.92282e-09
0
-5.92282e-09
0
1.70045e-12
0
1.70045e-12
-5.92282e-09
2.12556e-13
0
-2.9612e-09
-2.96141e-09
2.12556e-13
-2.96141e-09
-2.96141e-09
2.65695e-14
-1.48065e-09
-1.48071e-09
0
5.3139e-14
0
2.65695e-14
0
1.29734e-17
2.59468e-17
-2.96141e-09
-2.96141e-09
0
-1.48071e-09
0
0
5.18935e-17
1.03787e-16
0
2.07574e-16
-2.96141e-09
0
4.25112e-13
0
0
0
-5.92261e-09
0
0
1.70045e-12
-5.92112e-09
0
1.70045e-12
0
0
-5.92282e-09
-5.9224e-09
-5.9224e-09
4.25112e-13
2.12556e-13
0
0
-2.96141e-09
-2.96141e-09
5.18935e-17
-2.96141e-09
1.03787e-16
-2.96141e-09
-2.96141e-09
1.29734e-17
-2.96141e-09
-2.96141e-09
0
-2.96141e-09
1.03787e-16
2.07574e-16
0
1.29734e-17
5.18935e-17
0
0
-1.48071e-09
-1.4807e-09
0
5.18935e-17
-2.96141e-09
-2.96141e-09
0
8.30296e-16
-2.96141e-09
0
0
0
0
2.12556e-13
-5.92261e-09
2.12556e-13
-5.92282e-09
-5.92112e-09
0
-5.92282e-09
0
-5.92282e-09
-5.92112e-09
0
-5.9224e-09
0
0
-5.92282e-09
2.12556e-13
2.12556e-13
-2.96141e-09
-2.96141e-09
5.18935e-17
0
-2.96141e-09
-2.96141e-09
0
6.48669e-18
-2.96141e-09
2.59468e-17
0
4.15148e-16
4.15148e-16
-1.4807e-09
0
0
0
-2.96141e-09
2.07574e-16
0
8.30296e-16
5.18935e-17
1.03787e-16
-2.96141e-09
-2.96141e-09
-2.96141e-09
-2.96141e-09
-2.96141e-09
-5.9224e-09
4.25112e-13
-5.92282e-09
0
2.12556e-13
0
0
1.70045e-12
-5.92112e-09
0
0
0
1.70045e-12
-5.92282e-09
-5.9224e-09
0
-5.92282e-09
0
0
0
-5.92282e-09
0
0
0
0
-2.96141e-09
-2.96141e-09
-2.96141e-09
6.48669e-18
6.48669e-18
0
-2.96141e-09
-1.4807e-09
-1.4807e-09
3.32119e-15
6.48669e-18
2.59468e-17
0
0
2.07574e-16
8.30296e-16
0
-2.96141e-09
2.07574e-16
-2.96141e-09
-2.96141e-09
-2.96141e-09
0
1.32847e-14
4.25112e-13
4.25112e-13
-5.9224e-09
-5.9224e-09
-5.92282e-09
0
2.12556e-13
-5.92282e-09
0
1.70045e-12
-5.92282e-09
1.70045e-12
0
0
0
-5.92282e-09
0
-5.9224e-09
0
0
2.12556e-13
0
5.18935e-17
-2.96141e-09
0
-2.96141e-09
0
-2.96136e-09
0
0
-1.48071e-09
-1.48071e-09
-1.48071e-09
-1.4807e-09
-1.48071e-09
-1.48071e-09
-1.48071e-09
-1.48071e-09
-1.48071e-09
0
1.66059e-15
0
-2.96141e-09
0
-2.96141e-09
-2.96141e-09
-2.96141e-09
0
2.65695e-14
-5.9224e-09
-5.9224e-09
-2.96141e-09
0
-2.9612e-09
0
0
0
1.70045e-12
3.40089e-12
3.40089e-12
3.40089e-12
0
3.40089e-12
0
-2.96141e-09
0
4.25112e-13
4.25112e-13
-5.92261e-09
-5.92282e-09
5.18935e-17
-2.96141e-09
0
-2.96141e-09
0
-2.9613e-09
-2.9613e-09
3.24335e-18
-1.48071e-09
-1.48071e-09
-1.48071e-09
-1.4807e-09
-1.48071e-09
-1.4807e-09
-1.48071e-09
0
-1.48071e-09
-1.48071e-09
0
1.66059e-15
0
-2.96141e-09
0
6.64237e-15
0
0
-2.96141e-09
-2.96141e-09
8.50224e-13
-2.96141e-09
8.50224e-13
-2.96099e-09
0
4.25112e-13
8.50224e-13
-5.92282e-09
-5.92282e-09
-5.92282e-09
-5.92282e-09
3.40089e-12
3.40089e-12
-5.92282e-09
-2.96141e-09
-2.96056e-09
-2.96056e-09
0
0
-5.9224e-09
0
0
-2.96141e-09
-2.96141e-09
-2.96141e-09
-2.96136e-09
-2.9613e-09
-2.96141e-09
-1.48071e-09
1.29734e-17
-1.48071e-09
0
0
-1.48071e-09
-1.48071e-09
6.48669e-18
-1.48071e-09
-1.48071e-09
0
4.15148e-16
1.66059e-15
8.30296e-16
0
0
-2.96141e-09
-2.96138e-09
5.3139e-14
5.3139e-14
-2.96141e-09
-2.96141e-09
0
0
0
8.50224e-13
0
0
0
-5.92282e-09
-5.91942e-09
3.40089e-12
-5.91942e-09
-5.92282e-09
0
-5.92282e-09
-2.96141e-09
-2.96141e-09
4.25112e-13
8.50224e-13
0
0
-2.96141e-09
-2.96141e-09
-2.96141e-09
6.64237e-15
-2.9613e-09
1.06278e-13
0
0
-1.48071e-09
0
-1.48071e-09
-1.4807e-09
3.32119e-15
6.64237e-15
0
0
-1.48071e-09
-1.48071e-09
0
0
0
1.03787e-16
-2.96141e-09
-2.96141e-09
0
-2.96141e-09
-2.96141e-09
-2.96141e-09
-2.96099e-09
4.25112e-13
-2.96141e-09
-2.96141e-09
0
-2.96141e-09
8.50224e-13
3.40089e-12
3.40089e-12
-2.96141e-09
-2.96141e-09
-2.96141e-09
-2.95801e-09
-2.95801e-09
-2.96141e-09
4.25112e-13
-2.96099e-09
-2.96099e-09
-2.96099e-09
-2.96099e-09
0
5.18935e-17
-2.96141e-09
-2.96141e-09
-2.96141e-09
0
6.64237e-15
0
0
6.48669e-18
2.59468e-17
1.03787e-16
-1.48071e-09
1.66059e-15
0
-1.48071e-09
-1.48071e-09
0
-1.48071e-09
0
-1.48071e-09
0
1.03787e-16
0
-2.96141e-09
-2.96141e-09
-2.96141e-09
-2.96141e-09
1.66059e-15
-2.96141e-09
-2.96099e-09
-2.96141e-09
0
-2.96141e-09
-2.96141e-09
0
-2.95971e-09
0
-2.96141e-09
1.70045e-12
1.70045e-12
-2.95971e-09
0
0
0
0
-2.96141e-09
4.25112e-13
-2.96141e-09
4.25112e-13
0
0
4.15148e-16
-2.96141e-09
0
0
0
8.10836e-19
3.24335e-18
0
0
-1.48071e-09
-1.48071e-09
-1.48071e-09
6.33466e-21
-1.48071e-09
0
-1.48071e-09
-1.48071e-09
-1.48071e-09
5.06773e-20
3.24335e-18
0
-2.96141e-09
-2.96141e-09
-2.96141e-09
6.48669e-18
-2.96141e-09
-2.9612e-09
2.12556e-13
-2.9612e-09
-2.96141e-09
0
-2.9612e-09
-2.96141e-09
-2.96141e-09
-2.96141e-09
-2.95971e-09
0
-2.96141e-09
-2.95971e-09
0
-2.96099e-09
4.25112e-13
0
-2.9612e-09
0
-2.9612e-09
-2.96099e-09
-2.96141e-09
0
1.03787e-16
-2.96141e-09
0
0
8.30296e-16
5.06773e-20
2.02709e-19
0
0
0
-1.48071e-09
0
-1.48071e-09
0
6.33466e-21
0
0
0
-1.48071e-09
0
0
3.24335e-18
0
3.24335e-18
-2.96141e-09
0
1.06278e-13
0
-2.9612e-09
-2.9612e-09
-2.96141e-09
2.12556e-13
-2.96141e-09
0
-2.96141e-09
-2.96141e-09
0
-2.96141e-09
-2.95971e-09
0
4.25112e-13
-2.96141e-09
-2.96099e-09
0
-2.96141e-09
-2.96099e-09
0
-2.96141e-09
1.29734e-17
5.18935e-17
8.30296e-16
1.66059e-15
-2.96141e-09
0
0
0
0
0
0
0
0
0
6.33466e-21
0
6.33466e-21
0
3.16733e-21
0
0
0
3.24335e-18
3.24335e-18
0
-2.96141e-09
0
1.06278e-13
-2.9613e-09
-2.96141e-09
0
-2.9612e-09
2.12556e-13
2.12556e-13
-2.96141e-09
0
-2.96141e-09
0
-2.95971e-09
-2.96141e-09
0
-2.96141e-09
0
-2.96099e-09
0
0
0
-2.96141e-09
-2.96141e-09
0
-2.96141e-09
0
-2.96141e-09
0
6.48669e-18
6.33466e-21
1.01355e-19
-1.48071e-09
3.16733e-21
1.58366e-21
0
0
-1.48071e-09
-1.48071e-09
0
0
7.91832e-22
7.91832e-22
0
0
0
-2.96141e-09
-2.96141e-09
-2.96141e-09
0
3.24335e-18
-2.96141e-09
-2.9613e-09
2.12556e-13
2.12556e-13
2.12556e-13
2.12556e-13
2.12556e-13
1.70045e-12
-2.96141e-09
1.70045e-12
-2.95971e-09
-2.96141e-09
-2.96141e-09
-2.96141e-09
0
-2.96099e-09
4.25112e-13
-2.9612e-09
2.12556e-13
-2.96141e-09
-2.96141e-09
-2.96141e-09
0
3.24335e-18
0
-2.96141e-09
0
-2.96141e-09
3.95916e-22
0
0
0
-1.48071e-09
1.26693e-20
-1.48071e-09
-1.48071e-09
0
-1.48071e-09
0
0
-1.48071e-09
-1.48071e-09
8.10836e-19
8.10836e-19
0
0
0
-2.96141e-09
0
1.06278e-13
1.06278e-13
2.12556e-13
0
0
2.12556e-13
-2.9612e-09
0
-2.95971e-09
0
0
0
1.70045e-12
-2.95971e-09
4.25112e-13
4.25112e-13
0
2.12556e-13
0
0
0
0
0
0
1.62167e-18
0
0
1.62167e-18
0
-1.48071e-09
-1.48071e-09
-1.48071e-09
-1.48071e-09
0
0
-1.48071e-09
0
6.48669e-18
0
0
0
0
-2.96141e-09
-2.96141e-09
-2.96141e-09
1.03787e-16
0
-2.96141e-09
-2.96141e-09
1.06278e-13
-2.96141e-09
0
-2.9613e-09
1.06278e-13
0
1.06278e-13
-5.92282e-09
0
0
-5.9224e-09
0
-5.92282e-09
4.25112e-13
-2.96136e-09
-2.96136e-09
-2.9613e-09
1.06278e-13
0
1.06278e-13
0
0
0
0
-2.96141e-09
-2.96141e-09
0
0
-1.48071e-09
-2.96141e-09
1.03787e-16
-2.96141e-09
0
2.59468e-17
-2.96141e-09
-1.4807e-09
0
0
0
0
0
-2.96141e-09
-2.96141e-09
-2.96141e-09
8.30296e-16
-2.96141e-09
-2.96141e-09
1.03787e-16
-2.96141e-09
0
1.06278e-13
-2.9613e-09
-2.9613e-09
-2.96141e-09
2.12556e-13
0
4.25112e-13
4.25112e-13
-5.9224e-09
0
4.25112e-13
-5.92282e-09
4.25112e-13
-2.9613e-09
-2.96141e-09
1.06278e-13
-2.9613e-09
-2.96141e-09
1.06278e-13
-5.92271e-09
1.66059e-15
0
-2.96141e-09
-2.96141e-09
-2.96141e-09
0
-2.96141e-09
0
4.15148e-16
2.07574e-16
1.03787e-16
0
0
-2.96141e-09
-1.4807e-09
-1.4807e-09
1.03787e-16
1.29734e-17
-2.96141e-09
0
1.29734e-17
1.32847e-14
6.64237e-15
0
-2.96141e-09
-2.96141e-09
1.03787e-16
-2.96141e-09
-2.96141e-09
1.06278e-13
-2.9613e-09
0
2.12556e-13
0
0
8.50224e-13
-5.92282e-09
0
-5.92282e-09
0
8.50224e-13
-5.92282e-09
-2.96141e-09
0
-2.9613e-09
0
0
0
-5.92282e-09
0
6.64237e-15
-2.96141e-09
0
-2.96141e-09
-2.96141e-09
-2.96141e-09
-1.4807e-09
-1.48071e-09
-1.48071e-09
0
0
2.59468e-17
1.29734e-17
-1.48071e-09
-1.4807e-09
-1.48071e-09
-1.48071e-09
-1.48071e-09
0
0
-2.96138e-09
0
-2.96138e-09
-2.96141e-09
0
0
-2.96141e-09
1.06278e-13
-2.9613e-09
2.12556e-13
-2.96141e-09
-2.96141e-09
-2.96141e-09
-2.9612e-09
1.70045e-12
0
8.50224e-13
8.50224e-13
-5.92197e-09
0
4.25112e-13
1.06278e-13
1.06278e-13
1.06278e-13
0
-2.9612e-09
2.12556e-13
0
-2.9614e-09
1.32847e-14
-2.96141e-09
-2.96141e-09
-2.96141e-09
8.30296e-16
2.07574e-16
-1.48071e-09
8.30296e-16
0
0
-1.48071e-09
-2.96141e-09
1.29734e-17
3.32119e-15
1.66059e-15
0
-1.48071e-09
-1.48071e-09
0
0
0
5.3139e-14
0
0
3.32119e-15
0
-2.96141e-09
2.12556e-13
-2.9613e-09
-2.96141e-09
-2.96141e-09
2.12556e-13
-2.96141e-09
0
1.70045e-12
0
0
-5.92282e-09
1.70045e-12
0
-5.92282e-09
1.06278e-13
0
-2.96141e-09
-2.9612e-09
-2.9612e-09
0
-2.96141e-09
0
-2.96141e-09
-2.9614e-09
2.65695e-14
-2.9614e-09
0
0
-1.48071e-09
-1.48071e-09
-1.48071e-09
2.07574e-16
-1.48071e-09
0
1.29734e-17
-1.48071e-09
0
4.15148e-16
-1.48071e-09
-1.48071e-09
6.48669e-18
0
-2.96141e-09
-2.9613e-09
-2.96136e-09
0
-2.96141e-09
0
-2.96141e-09
-5.92282e-09
0
0
-2.9612e-09
-2.96099e-09
2.12556e-13
-2.9612e-09
-5.92282e-09
0
-5.92112e-09
-5.92282e-09
0
1.70045e-12
-5.92282e-09
-5.9224e-09
-2.96141e-09
0
0
-2.9612e-09
-2.9612e-09
-2.9612e-09
-2.96141e-09
-2.96141e-09
1.32847e-14
-2.96138e-09
0
0
-2.96141e-09
1.66059e-15
1.66059e-15
-1.48071e-09
0
-1.48071e-09
2.59468e-17
-1.48071e-09
-1.4807e-09
-1.48071e-09
-1.48071e-09
0
-1.48071e-09
-1.48071e-09
-1.48071e-09
-2.96141e-09
1.06278e-13
1.06278e-13
-2.96141e-09
6.64237e-15
2.07574e-16
-2.96141e-09
-5.92112e-09
8.50224e-13
8.50224e-13
-2.96099e-09
-2.96141e-09
4.25112e-13
4.25112e-13
0
3.40089e-12
3.40089e-12
3.40089e-12
3.40089e-12
-5.92282e-09
-5.92197e-09
1.70045e-12
-2.96056e-09
0
-2.96099e-09
0
-2.96141e-09
-2.96141e-09
5.3139e-14
5.3139e-14
0
2.65695e-14
2.65695e-14
0
2.07574e-16
0
-1.4807e-09
4.15148e-16
2.07574e-16
-1.48071e-09
-1.48071e-09
-1.48071e-09
-1.48071e-09
8.30296e-16
0
0
-1.48071e-09
0
1.29734e-17
-2.96141e-09
0
-2.96141e-09
0
0
0
4.15148e-16
4.25112e-13
-2.96099e-09
0
-2.96141e-09
-2.9612e-09
-2.9612e-09
-2.9612e-09
-2.96141e-09
1.70045e-12
-2.96141e-09
-2.95971e-09
-2.95971e-09
-2.96141e-09
1.70045e-12
-2.96099e-09
4.25112e-13
-2.96141e-09
0
0
2.12556e-13
-2.96141e-09
5.3139e-14
-2.96138e-09
-2.9614e-09
0
1.66059e-15
-2.96141e-09
0
0
0
-1.48071e-09
0
2.59468e-17
-1.48071e-09
6.48669e-18
-1.48071e-09
0
0
-1.48071e-09
-1.48071e-09
3.24335e-18
1.29734e-17
-2.96141e-09
0
0
0
1.03787e-16
-2.96141e-09
8.30296e-16
4.25112e-13
0
2.12556e-13
-2.96141e-09
-2.96141e-09
0
-2.96141e-09
-2.96141e-09
0
-2.96141e-09
0
0
-2.96141e-09
-2.96141e-09
-2.96141e-09
-2.96141e-09
0
2.12556e-13
1.06278e-13
-2.96141e-09
0
0
-2.9614e-09
-2.96141e-09
1.66059e-15
0
-2.96141e-09
2.07574e-16
-1.4807e-09
0
2.07574e-16
0
2.59468e-17
-1.48071e-09
3.24335e-18
0
0
5.06773e-20
1.26693e-20
0
-1.48071e-09
-1.48071e-09
0
-2.96141e-09
-2.96141e-09
-2.96141e-09
-2.96141e-09
4.15148e-16
1.66059e-15
-2.9612e-09
-2.96141e-09
-2.96141e-09
-2.96141e-09
-2.9613e-09
1.06278e-13
0
-2.95971e-09
0
0
-2.96056e-09
-2.96056e-09
1.70045e-12
-2.96141e-09
-2.96141e-09
-2.9612e-09
1.06278e-13
1.06278e-13
0
5.3139e-14
0
-2.96141e-09
6.48669e-18
3.24335e-18
-2.96141e-09
-2.96141e-09
-2.96141e-09
0
0
0
-1.48071e-09
-1.48071e-09
0
0
-1.48071e-09
2.53386e-20
-1.48071e-09
0
-1.48071e-09
0
0
8.10836e-19
0
3.24335e-18
0
-2.96141e-09
-2.96141e-09
0
-2.96141e-09
0
-2.96141e-09
1.06278e-13
-2.96141e-09
1.06278e-13
-2.9612e-09
-2.9612e-09
0
-2.96141e-09
-2.96141e-09
-2.96141e-09
-2.96056e-09
-2.96056e-09
8.50224e-13
2.12556e-13
2.12556e-13
-2.96141e-09
-2.96141e-09
0
-2.96141e-09
0
3.24335e-18
-2.96141e-09
-2.96141e-09
-2.96141e-09
0
8.10836e-19
1.62167e-18
3.16733e-21
3.16733e-21
0
-1.48071e-09
0
-1.48071e-09
1.58366e-21
-1.48071e-09
0
1.26693e-20
0
0
0
-1.48071e-09
3.24335e-18
0
0
-2.96141e-09
0
1.62167e-18
-2.96141e-09
-2.96141e-09
-2.96141e-09
1.06278e-13
0
-2.9613e-09
-2.96141e-09
-2.9612e-09
-2.95971e-09
-2.95971e-09
0
8.50224e-13
-2.96141e-09
8.50224e-13
0
-2.96141e-09
0
1.06278e-13
1.06278e-13
0
-2.96136e-09
-2.96141e-09
-2.96141e-09
-2.96141e-09
1.62167e-18
1.62167e-18
-2.96141e-09
-2.96141e-09
0
-1.48071e-09
3.16733e-21
0
0
-1.48071e-09
0
0
0
9.8979e-23
-1.48071e-09
4.94895e-23
-1.48071e-09
4.94895e-23
6.18619e-24
-2.96141e-09
0
1.62167e-18
0
0
1.62167e-18
1.62167e-18
-2.96141e-09
0
0
-2.96141e-09
1.06278e-13
1.06278e-13
2.12556e-13
-2.96141e-09
-2.95971e-09
0
8.50224e-13
8.50224e-13
-2.96056e-09
0
0
0
-2.96141e-09
-2.96136e-09
0
0
-2.96141e-09
0
-2.96141e-09
-2.96141e-09
8.10836e-19
0
4.05418e-19
4.05418e-19
7.91832e-22
0
4.94895e-23
2.47448e-23
6.18619e-24
0
0
-1.48071e-09
-1.48071e-09
-1.48071e-09
-1.48071e-09
-1.48071e-09
-1.48071e-09
-1.48071e-09
1.62167e-18
0
0
4.05418e-19
-2.96141e-09
-2.96141e-09
0
2.12556e-13
2.12556e-13
0
1.06278e-13
-2.96141e-09
-2.9613e-09
1.06278e-13
-2.96141e-09
-2.96056e-09
-2.96141e-09
8.50224e-13
-2.96141e-09
8.50224e-13
-2.96141e-09
-2.96141e-09
1.06278e-13
0
-2.96136e-09
0
2.65695e-14
-2.96141e-09
0
-2.96141e-09
-2.96141e-09
0
0
2.02709e-19
0
1.54655e-24
0
1.54655e-24
-1.48071e-09
-1.48071e-09
0
0
)
;

boundaryField
{
    fuel
    {
        type            calculated;
        value           uniform 0;
    }
    primary_air
    {
        type            calculated;
        value           uniform 0;
    }
    Secondary_air_RHS
    {
        type            calculated;
        value           uniform 0;
    }
    Secondary_air_LHS
    {
        type            calculated;
        value           uniform 0;
    }
    outlet
    {
        type            calculated;
        value           uniform 0;
    }
    stove_body
    {
        type            calculated;
        value           uniform 0;
    }
    frontAndBack
    {
        type            empty;
    }
}


// ************************************************************************* //
