/*--------------------------------*- C++ -*----------------------------------*\
  =========                 |
  \\      /  F ield         | OpenFOAM: The Open Source CFD Toolbox
   \\    /   O peration     | Website:  https://openfoam.org
    \\  /    A nd           | Version:  6
     \\/     M anipulation  |
\*---------------------------------------------------------------------------*/
FoamFile
{
    version     2.0;
    format      ascii;
    class       volScalarField;
    location    "0.015";
    object      Qdot;
}
// * * * * * * * * * * * * * * * * * * * * * * * * * * * * * * * * * * * * * //

dimensions      [1 -1 -3 0 0 0 0];

internalField   nonuniform List<scalar> 
3773
(
3.8333e-05
0
1.26391e-05
0
0
-7.38183e-10
1.26384e-05
0
2.52782e-05
2.52782e-05
0
2.52782e-05
2.52767e-05
7.66659e-05
0
0.000127222
7.66645e-05
7.66659e-05
-1.47637e-09
7.66645e-05
7.66659e-05
5.0555e-05
7.66659e-05
7.66645e-05
0
5.05564e-05
7.66659e-05
0
7.66659e-05
0
0
5.0555e-05
-1.47637e-09
7.66659e-05
7.66659e-05
0.000101944
2.52767e-05
-1.47637e-09
0
0
0.000101944
2.52782e-05
1.26384e-05
0
1.26391e-05
0
1.26391e-05
0
0
0
0
0
0
1.26384e-05
1.26391e-05
0
3.15978e-06
0
0
2.39581e-06
2.39581e-06
0
0
1.2743e-05
0
9.58029e-06
0
3.15978e-06
-2.95273e-09
-2.95273e-09
0
4.78867e-06
4.78867e-06
4.78867e-06
-2.95273e-09
-2.95273e-09
3.15978e-06
0
-2.95273e-09
9.58324e-06
0
-2.95273e-09
9.58029e-06
3.15978e-06
-2.95273e-09
0
0
2.39581e-06
0
0
0
1.91665e-05
0
0
0
1.91665e-05
0
0
1.91665e-05
1.26391e-05
0
-7.38183e-10
0
0
3.18056e-05
0
1.57989e-06
-2.95273e-09
0
1.57989e-06
-2.95273e-09
-2.95273e-09
1.57989e-06
1.97486e-07
3.94972e-07
5.98953e-07
-2.95273e-09
-2.95273e-09
2.39286e-06
0
0
1.49738e-07
9.57903e-08
1.46785e-07
1.49738e-07
2.39581e-06
2.39581e-06
-2.95273e-09
5.98953e-07
5.96e-07
-2.95273e-09
9.93925e-07
3.9757e-06
4.78867e-06
-2.95273e-09
4.79162e-06
0
0
-2.95273e-09
3.15683e-06
0
3.18056e-05
1.26384e-05
1.91665e-05
0
3.18049e-05
1.91657e-05
-7.38183e-10
0
-7.38183e-10
1.91665e-05
1.26391e-05
0
1.26391e-05
3.15978e-06
0
3.9757e-06
1.57694e-06
0
2.39286e-06
7.94845e-06
1.57694e-06
7.19164e-08
4.93715e-08
0
7.48691e-08
1.24241e-07
0
0
-2.95273e-09
0
3.21871e-09
-2.95273e-09
-2.95273e-09
0
3.9757e-06
0
0
2.46858e-08
-2.95273e-09
4.64188e-08
0
4.79162e-06
0
2.39581e-06
1.57694e-06
-2.95273e-09
0
-2.95273e-09
1.91665e-05
0
-7.38183e-10
0
-7.38183e-10
0
1.91657e-05
6.31956e-06
0
3.15978e-06
-1.47637e-09
-1.47637e-09
3.1583e-06
9.58177e-06
-2.95273e-09
7.86992e-07
1.9849e-06
0
0
0
0
2.39581e-06
0
0
1.55301e-08
9.35864e-09
0
1.57989e-06
2.39286e-06
-2.95273e-09
1.92858e-10
0
-2.95273e-09
1.87173e-08
1.57989e-06
-2.95273e-09
9.39015e-09
6.17144e-09
9.35864e-09
0
1.87173e-08
0
4.79162e-06
2.39286e-06
1.19495e-06
0
-2.95273e-09
0
0
9.58177e-06
0
0
-1.47637e-09
3.1583e-06
6.31956e-06
6.31956e-06
-1.47637e-09
0
0
3.18428e-06
7.89944e-07
0
4.79162e-06
0
4.96962e-07
0
-2.95273e-09
1.97486e-07
0
0
-2.95273e-09
2.46858e-08
1.54286e-09
2.33966e-09
0
0
3.9757e-06
-2.95273e-09
0
0
-2.95273e-09
0
1.23429e-08
-2.95273e-09
2.39286e-06
0
0
1.54286e-09
-6.13071e-10
9.35864e-09
0
0
-2.95273e-09
4.96962e-07
0
0
0
4.79162e-06
0
0
0
0
7.89944e-07
2.39433e-06
4.79015e-06
-1.47637e-09
-1.47637e-09
0
-1.47637e-09
0
0
0
0
0
-2.95273e-09
0
0
-2.95273e-09
-2.95273e-09
0
0
0
0
0
-2.95273e-09
-2.95273e-09
0
0
0
-2.95273e-09
0
0
0
0
0
0
0
0
0
-2.95273e-09
0
0
-2.95273e-09
0
0
-2.95273e-09
0
0
0
0
0
0
0
0
1.69546e-12
0
4.23866e-13
-1.47637e-09
8.47731e-13
0
-1.47637e-09
-2.95273e-09
0
-2.95104e-09
-2.95273e-09
0
0
3.39093e-12
0
0
6.78185e-12
6.78185e-12
0
6.78185e-12
-5.90546e-09
0
0
0
2.71274e-11
0
0
0
1.35637e-11
0
-5.90546e-09
0
-5.90546e-09
0
0
0
3.39093e-12
0
0
0
0
6.78185e-12
0
-1.47552e-09
-1.47637e-09
0
4.23866e-13
0
-1.47637e-09
8.47731e-13
1.05966e-13
0
0
0
0
0
0
2.11933e-13
1.05966e-13
0
-2.95273e-09
-2.95273e-09
0
6.78185e-12
0
3.39093e-12
-5.90377e-09
0
0
0
-5.87833e-09
2.71274e-11
2.71274e-11
0
1.35637e-11
-5.90546e-09
0
0
3.39093e-12
0
-5.90207e-09
0
0
6.78185e-12
-2.95273e-09
-2.95268e-09
5.29832e-14
0
-2.95273e-09
8.47731e-13
-2.95273e-09
0
0
0
0
-1.47637e-09
2.64916e-14
-1.47637e-09
0
0
2.64916e-14
0
0
0
-1.47637e-09
0
0
0
0
-2.95273e-09
-2.95273e-09
0
0
0
1.69546e-12
0
0
0
-5.90546e-09
-5.90546e-09
1.35637e-11
0
0
-5.90546e-09
1.35637e-11
0
3.39093e-12
0
-5.90546e-09
0
1.69546e-12
-5.90377e-09
-5.90546e-09
-2.95273e-09
-2.95273e-09
-2.95273e-09
-2.95273e-09
-2.95273e-09
0
0
0
-1.47637e-09
0
2.64916e-14
0
5.29832e-14
-1.47637e-09
0
0
0
0
0
-1.47637e-09
-1.47637e-09
3.39093e-12
-2.95188e-09
4.23866e-13
0
-2.95262e-09
0
0
-5.90546e-09
1.69546e-12
0
0
0
0
-5.90207e-09
0
0
1.35637e-11
0
0
0
0
-5.90546e-09
-5.90207e-09
0
1.69546e-12
-5.90377e-09
0
0
-2.95273e-09
-2.95273e-09
1.05966e-13
-2.95273e-09
2.11933e-13
-2.95273e-09
-2.95252e-09
-1.47637e-09
-1.47637e-09
-1.47637e-09
0
0
0
0
0
0
0
0
0
-1.47636e-09
-1.47637e-09
0
0
0
-2.95273e-09
2.11933e-13
-2.95273e-09
-2.95273e-09
3.39093e-12
1.69546e-12
-5.90546e-09
1.69546e-12
-5.90377e-09
3.39093e-12
0
1.35637e-11
1.35637e-11
0
0
0
0
0
0
0
0
-5.90546e-09
0
0
0
0
-2.95273e-09
-2.95273e-09
1.05966e-13
0
-2.95273e-09
0
0
0
2.64916e-14
0
0
0
6.6229e-15
1.29354e-17
0
0
0
0
0
-1.47637e-09
0
0
0
-2.95273e-09
0
-2.95273e-09
1.05966e-13
0
0
1.69546e-12
0
0
0
0
-5.90546e-09
1.35637e-11
0
0
0
0
-5.90546e-09
0
0
-5.90546e-09
0
0
-5.90546e-09
-5.90207e-09
0
0
-2.95262e-09
0
-2.95273e-09
-2.95273e-09
-2.95273e-09
0
-1.47637e-09
2.64916e-14
2.64916e-14
0
0
-1.47637e-09
0
6.6229e-15
-1.47637e-09
-1.47637e-09
0
-1.47636e-09
0
5.17414e-17
0
0
2.11933e-13
0
0
5.29832e-14
-5.90546e-09
0
1.69546e-12
0
-5.90546e-09
-5.90546e-09
6.78185e-12
-5.90546e-09
-5.90546e-09
0
0
6.78185e-12
0
1.35637e-11
-5.90546e-09
3.39093e-12
-5.90546e-09
-5.90546e-09
0
0
0
-2.95188e-09
-2.95273e-09
2.11933e-13
-2.95231e-09
0
-2.95273e-09
0
-1.47637e-09
0
2.64916e-14
0
-1.47637e-09
0
4.13931e-16
0
0
-1.47636e-09
0
-1.47636e-09
3.31145e-15
0
1.32458e-14
0
2.64916e-14
0
-2.95273e-09
0
-2.95273e-09
-5.90546e-09
0
0
0
0
0
0
6.78185e-12
6.78185e-12
0
6.78185e-12
0
0
0
1.69546e-12
0
0
1.69546e-12
0
-5.90546e-09
0
0
0
-2.95273e-09
-2.95252e-09
4.23866e-13
0
-2.95272e-09
0
1.32458e-14
1.65573e-15
0
-1.47637e-09
0
-1.47636e-09
-1.47637e-09
0
0
-1.47637e-09
0
-1.47637e-09
0
0
-2.95273e-09
0
-2.95273e-09
0
-2.95273e-09
0
1.69546e-12
3.39093e-12
0
0
0
-5.90546e-09
-5.90546e-09
-5.90546e-09
0
0
-5.89868e-09
0
0
0
-5.90536e-09
0
0
0
-5.90546e-09
-5.90546e-09
-5.90546e-09
0
0
-2.95273e-09
-2.95273e-09
-2.95273e-09
0
0
0
0
-1.47637e-09
6.6229e-15
0
3.31145e-15
0
0
-1.47637e-09
0
0
0
0
-1.47636e-09
0
1.05966e-13
0
0
-2.95262e-09
0
-2.95273e-09
0
1.69546e-12
0
0
0
8.47731e-13
0
6.78185e-12
0
-5.90546e-09
3.39093e-12
-5.90207e-09
0
-5.90546e-09
5.29832e-14
0
-5.90546e-09
0
1.69546e-12
-5.90546e-09
1.32458e-14
0
-2.9527e-09
1.05966e-13
0
0
0
-2.95273e-09
0
1.65573e-15
0
-1.47637e-09
0
-1.47637e-09
0
0
-1.47637e-09
-1.47637e-09
0
0
0
0
0
0
0
0
0
-2.95273e-09
0
0
0
-5.90546e-09
0
0
0
0
0
3.39093e-12
0
0
0
0
0
-5.90543e-09
8.47731e-13
8.47731e-13
8.47731e-13
-5.90546e-09
0
-5.90546e-09
1.32458e-14
-2.95268e-09
1.05966e-13
-2.95273e-09
-2.95262e-09
0
1.32458e-14
0
0
-1.47637e-09
-1.47636e-09
6.6229e-15
3.31145e-15
-1.47636e-09
0
0
0
-1.47637e-09
1.32458e-14
0
-1.47637e-09
0
1.05966e-13
0
0
0
-2.95273e-09
-2.95273e-09
-5.90546e-09
-5.90546e-09
8.47731e-13
0
0
0
0
1.69546e-12
3.39093e-12
0
0
0
0
0
0
0
8.47731e-13
0
0
2.11933e-13
0
1.32458e-14
0
2.11933e-13
-2.95262e-09
5.29832e-14
0
2.64916e-14
-1.47636e-09
-1.47637e-09
-1.47637e-09
6.6229e-15
-1.47637e-09
-1.47636e-09
0
0
0
0
6.6229e-15
0
6.6229e-15
-1.47636e-09
-2.95273e-09
0
-2.95273e-09
-2.95273e-09
-2.95273e-09
0
0
0
0
-5.90546e-09
0
0
0
0
0
0
1.69546e-12
-5.90546e-09
0
0
0
1.05966e-13
0
-5.90546e-09
0
0
2.11933e-13
-5.90541e-09
2.64916e-14
0
0
0
0
0
2.64916e-14
0
-1.47637e-09
0
0
0
0
0
0
-1.47637e-09
0
0
0
0
0
0
-2.95273e-09
-2.95272e-09
-2.95273e-09
-2.95268e-09
-2.95273e-09
-2.95273e-09
0
-5.90525e-09
0
-5.90525e-09
4.23866e-13
2.11933e-13
0
0
-5.90377e-09
-5.90546e-09
0
0
0
-5.90504e-09
0
0
1.05966e-13
0
0
0
-5.90541e-09
-2.95273e-09
1.32458e-14
0
0
2.64916e-14
2.64916e-14
1.32458e-14
1.65573e-15
4.13931e-16
0
1.65573e-15
0
-1.47637e-09
0
0
-1.47636e-09
0
6.6229e-15
0
0
0
-2.95273e-09
0
-2.95231e-09
0
-2.95273e-09
-2.95273e-09
-2.95273e-09
0
0
1.69546e-12
1.69546e-12
0
0
-5.90546e-09
-5.90546e-09
0
0
0
0
6.78185e-12
0
3.39093e-12
0
0
1.69546e-12
0
6.78185e-12
6.78185e-12
0
0
4.23866e-13
-2.95252e-09
0
-2.95273e-09
0
0
0
0
0
0
1.32458e-14
0
0
-1.47636e-09
0
6.6229e-15
0
3.31145e-15
0
0
0
0
5.29832e-14
1.05966e-13
0
0
0
0
-5.90546e-09
0
0
0
1.69546e-12
0
0
0
0
-5.90546e-09
6.78185e-12
0
0
-5.90546e-09
1.69546e-12
0
0
6.78185e-12
-5.89868e-09
0
-2.95273e-09
-2.95273e-09
2.11933e-13
-2.95273e-09
0
0
0
-1.47637e-09
0
3.31145e-15
0
-1.47635e-09
0
0
0
0
0
6.6229e-15
0
-1.47637e-09
0
-2.95262e-09
2.11933e-13
-2.95273e-09
0
-2.95273e-09
-2.95273e-09
3.39093e-12
3.39093e-12
-5.90546e-09
0
0
3.39093e-12
0
0
1.35637e-11
0
0
0
0
1.35637e-11
0
0
-5.90546e-09
0
0
0
-5.90546e-09
0
-2.95188e-09
0
-2.95273e-09
0
4.23866e-13
0
0
-1.47637e-09
0
0
-1.47637e-09
0
0
0
-1.47637e-09
-1.47637e-09
-1.47637e-09
0
0
-1.47637e-09
0
0
0
5.29832e-14
0
0
0
-5.90546e-09
-5.90207e-09
1.69546e-12
1.69546e-12
0
0
-5.90546e-09
0
0
-5.90546e-09
6.78185e-12
-5.90546e-09
0
0
-5.90546e-09
-5.90207e-09
0
1.69546e-12
0
-5.90546e-09
0
0
-2.95273e-09
-2.95252e-09
-2.95273e-09
4.23866e-13
0
0
-1.47637e-09
-1.47637e-09
-1.47637e-09
0
0
1.32458e-14
-1.47637e-09
0
-1.47637e-09
6.6229e-15
0
0
0
-1.47637e-09
0
1.05966e-13
-2.95273e-09
5.29832e-14
0
5.29832e-14
0
0
0
1.69546e-12
1.69546e-12
1.69546e-12
0
0
1.35637e-11
1.35637e-11
6.78185e-12
0
-5.89868e-09
6.78185e-12
0
0
0
0
0
3.39093e-12
0
6.78185e-12
0
0
0
0
0
0
-2.95273e-09
0
0
0
-1.47637e-09
1.32458e-14
0
0
0
-1.47637e-09
0
3.31145e-15
0
-1.47637e-09
0
0
1.05966e-13
0
-2.95273e-09
0
-2.95273e-09
-2.95273e-09
0
-5.90546e-09
0
-5.90546e-09
-5.90546e-09
3.39093e-12
0
1.35637e-11
-5.90546e-09
6.78185e-12
6.78185e-12
0
-5.89868e-09
1.35637e-11
0
0
0
-5.90546e-09
0
0
6.78185e-12
-2.95273e-09
0
-2.95273e-09
0
0
-2.95273e-09
0
0
-1.47637e-09
-1.47636e-09
0
0
-1.47637e-09
0
-1.47637e-09
1.65573e-15
3.31145e-15
3.31145e-15
0
3.31145e-15
-1.47637e-09
0
1.05966e-13
0
0
0
-2.95272e-09
0
3.39093e-12
-5.90207e-09
1.69546e-12
0
1.69546e-12
0
0
0
0
6.78185e-12
-5.90546e-09
6.78185e-12
0
0
0
0
0
-5.90546e-09
0
6.78185e-12
3.39093e-12
-2.95273e-09
0
0
0
0
-2.95231e-09
0
0
0
-1.47637e-09
0
0
-1.47636e-09
0
-1.47637e-09
4.13931e-16
8.27863e-16
8.27863e-16
0
-1.47637e-09
0
0
0
6.6229e-15
1.32458e-14
1.32458e-14
-2.95273e-09
-2.95273e-09
1.05966e-13
-5.90546e-09
4.23866e-13
2.11933e-13
0
0
2.11933e-13
-5.90546e-09
0
0
0
0
8.47731e-13
-5.90546e-09
0
0
1.05966e-13
0
0
0
1.05966e-13
-2.95273e-09
0
0
0
0
0
0
0
0
0
-1.47637e-09
1.03483e-16
0
0
0
0
8.27863e-16
0
0
4.13931e-16
2.06966e-16
0
0
-2.95273e-09
0
0
0
0
0
0
2.11933e-13
2.11933e-13
0
2.11933e-13
0
0
0
0
8.47731e-13
8.47731e-13
0
0
-5.90546e-09
1.05966e-13
0
0
-5.90546e-09
2.11933e-13
0
0
-2.95273e-09
-2.95273e-09
0
0
0
0
0
-1.47637e-09
-1.47637e-09
-1.47637e-09
-1.47637e-09
-1.47637e-09
0
4.13931e-16
-1.47637e-09
0
1.65573e-15
-1.47637e-09
0
4.13931e-16
-2.95273e-09
0
0
0
-2.95273e-09
1.32458e-14
0
0
0
0
0
0
0
2.11933e-13
0
0
-5.90546e-09
0
8.47731e-13
-5.90546e-09
0
-5.90546e-09
1.05966e-13
1.05966e-13
-5.90525e-09
0
2.11933e-13
0
-2.95273e-09
-2.95273e-09
0
0
-2.95273e-09
0
0
-1.47637e-09
0
8.27863e-16
-1.47637e-09
-1.47637e-09
-1.47636e-09
0
8.27863e-16
1.65573e-15
-1.47636e-09
0
0
0
-1.47637e-09
4.13931e-16
0
-2.95273e-09
0
0
-2.95272e-09
0
0
-5.90525e-09
0
0
2.11933e-13
2.11933e-13
2.11933e-13
0
0
0
-5.90546e-09
-5.90461e-09
-5.90461e-09
0
0
-5.90546e-09
0
0
2.11933e-13
0
0
0
0
-2.95272e-09
0
0
0
0
0
8.27863e-16
0
8.27863e-16
-1.47636e-09
-1.47637e-09
8.27863e-16
0
0
1.65573e-15
1.65573e-15
-1.47637e-09
0
8.27863e-16
-2.95273e-09
0
-2.95272e-09
0
-2.95273e-09
-2.95273e-09
-2.95273e-09
1.05966e-13
-5.90546e-09
1.05966e-13
0
-5.90525e-09
2.11933e-13
0
0
8.47731e-13
0
0
8.47731e-13
8.47731e-13
0
0
0
-5.90536e-09
0
0
2.11933e-13
2.11933e-13
3.31145e-15
0
0
0
-2.95273e-09
-2.95273e-09
-2.95273e-09
8.27863e-16
-1.47637e-09
8.27863e-16
-1.47637e-09
-1.47637e-09
0
0
-1.47637e-09
0
0
-1.47637e-09
0
8.27863e-16
0
-2.95273e-09
0
-2.95272e-09
0
6.6229e-15
-2.95273e-09
0
0
-5.90536e-09
0
0
0
0
0
-5.90546e-09
0
-5.90546e-09
-5.90546e-09
0
-5.90546e-09
0
0
0
0
0
-5.90546e-09
0
2.11933e-13
6.6229e-15
6.6229e-15
-2.95273e-09
6.6229e-15
0
0
0
0
0
-1.47637e-09
-1.47637e-09
-1.47637e-09
-1.47636e-09
-1.47637e-09
-1.47636e-09
0
0
0
8.27863e-16
-1.47636e-09
-1.47637e-09
-2.95273e-09
0
-2.95273e-09
-2.95273e-09
-2.95273e-09
0
-2.95273e-09
0
0
-5.90546e-09
0
0
-5.90546e-09
-5.90546e-09
0
0
0
2.11933e-13
0
4.23866e-13
4.23866e-13
0
6.6229e-15
0
0
1.05966e-13
0
0
-2.95273e-09
0
0
0
0
0
0
8.27863e-16
0
0
-1.47637e-09
0
0
0
-1.47637e-09
1.29354e-17
1.29354e-17
-1.47637e-09
1.29354e-17
0
-1.47637e-09
0
1.65573e-15
-2.95273e-09
-2.95273e-09
0
0
-2.95273e-09
0
1.05966e-13
0
0
-5.90546e-09
0
4.13931e-16
-5.90546e-09
0
0
0
0
-5.90546e-09
6.6229e-15
5.29832e-14
0
0
0
0
-5.90546e-09
1.03483e-16
-2.95273e-09
0
2.58707e-17
-2.95273e-09
-2.95273e-09
0
0
0
0
0
-1.47637e-09
0
6.46768e-18
0
0
-1.47637e-09
0
0
0
-1.47637e-09
0
0
0
-2.95273e-09
8.27863e-16
0
-2.95273e-09
0
0
0
1.05966e-13
-5.90546e-09
0
4.13931e-16
0
0
0
0
0
0
0
0
-5.90546e-09
5.29832e-14
0
0
0
0
0
0
-2.95273e-09
-2.95273e-09
0
0
-2.95273e-09
-2.95273e-09
1.03483e-16
-1.47637e-09
-1.47637e-09
-1.47637e-09
5.17414e-17
2.58707e-17
-1.47637e-09
0
0
0
-1.47637e-09
0
0
-1.47637e-09
6.6229e-15
0
-2.95273e-09
0
8.27863e-16
0
0
2.11933e-13
0
0
0
0
0
0
-5.90546e-09
2.11933e-13
2.11933e-13
2.11933e-13
0
-5.90546e-09
0
0
1.05966e-13
0
0
-5.90546e-09
0
4.13931e-16
1.65573e-15
0
1.65573e-15
-2.95273e-09
2.06966e-16
2.06966e-16
0
-1.47636e-09
-1.47637e-09
0
-1.47637e-09
-1.47637e-09
0
-1.47637e-09
0
0
0
4.13931e-16
0
0
-1.47637e-09
0
0
0
-2.95273e-09
0
1.65573e-15
8.27863e-16
0
0
0
0
0
0
-5.90546e-09
-5.90546e-09
0
4.23866e-13
0
2.11933e-13
0
-5.90546e-09
-5.90536e-09
0
-5.90546e-09
1.05966e-13
0
0
1.32458e-14
-2.95273e-09
-2.95273e-09
1.65573e-15
0
0
0
0
0
0
0
-1.47637e-09
0
4.13931e-16
-1.47637e-09
0
0
0
0
8.27863e-16
8.27863e-16
0
0
0
0
6.6229e-15
6.6229e-15
-2.95273e-09
-2.95273e-09
0
2.11933e-13
0
0
1.05966e-13
0
-5.90546e-09
0
0
0
-5.90504e-09
2.11933e-13
-5.90546e-09
2.11933e-13
0
2.11933e-13
0
0
1.05966e-13
0
0
1.32458e-14
0
-2.95273e-09
0
0
-2.95273e-09
0
1.65573e-15
0
-1.47637e-09
0
0
0
0
8.27863e-16
0
0
0
0
-1.47637e-09
0
0
0
3.31145e-15
0
-2.95273e-09
0
0
0
0
0
0
0
0
0
-5.90546e-09
0
4.23866e-13
0
0
0
0
2.11933e-13
0
-5.90546e-09
0
-5.90546e-09
0
0
0
-2.95273e-09
-2.95273e-09
0
-2.95273e-09
0
0
8.27863e-16
8.27863e-16
0
0
0
8.27863e-16
4.13931e-16
0
0
-1.47637e-09
0
8.27863e-16
-1.47637e-09
0
0
-2.95273e-09
-2.95273e-09
-2.95273e-09
0
-2.95273e-09
0
-5.90546e-09
0
2.11933e-13
0
0
1.05966e-13
-5.90546e-09
0
-5.90504e-09
-5.90504e-09
-5.90546e-09
0
-5.90546e-09
0
2.11933e-13
-5.90546e-09
0
0
0
0
-5.90546e-09
-2.95272e-09
-2.95273e-09
0
-2.95273e-09
-2.95272e-09
0
0
-1.47637e-09
-1.47637e-09
0
0
0
0
0
0
-1.47637e-09
0
2.58707e-17
0
0
0
-2.95273e-09
0
0
-2.95273e-09
0
-2.95273e-09
0
0
5.17414e-17
0
0
0
1.05966e-13
-5.90546e-09
0
0
-5.90546e-09
0
2.64916e-14
0
1.05966e-13
-5.90546e-09
0
0
0
0
0
0
-2.95273e-09
6.46768e-18
0
0
0
0
0
0
6.46768e-18
1.29354e-17
0
0
0
2.58707e-17
-1.47637e-09
0
1.03483e-16
0
0
-1.47637e-09
1.03483e-16
-2.95273e-09
-2.95273e-09
0
0
0
-2.95273e-09
-2.95273e-09
1.03483e-16
0
0
0
5.29832e-14
1.05966e-13
-5.90546e-09
1.32458e-14
0
0
0
0
0
1.05966e-13
0
0
0
0
1.65573e-15
0
3.31145e-15
-2.95273e-09
0
-2.95273e-09
0
2.06966e-16
0
0
-1.47637e-09
5.17414e-17
0
1.03483e-16
2.06966e-16
0
0
-1.47637e-09
-1.47637e-09
0
0
0
0
0
-2.95273e-09
0
0
0
0
-2.95273e-09
4.13931e-16
2.06966e-16
0
-5.90545e-09
5.29832e-14
0
0
0
0
0
-5.90541e-09
0
0
-5.90546e-09
0
0
0
0
-5.90546e-09
1.32458e-14
-5.90546e-09
0
0
-2.95273e-09
0
-2.95273e-09
8.27863e-16
8.27863e-16
8.27863e-16
-1.47637e-09
2.06966e-16
0
0
0
-1.47636e-09
-1.47637e-09
-1.47637e-09
4.13931e-16
0
-1.47637e-09
2.06966e-16
0
-1.47636e-09
-2.95273e-09
0
-2.95273e-09
0
0
0
0
0
2.64916e-14
5.29832e-14
0
1.05966e-13
-5.90546e-09
1.05966e-13
0
0
0
-5.90541e-09
0
0
2.11933e-13
-5.90546e-09
0
0
0
-5.90546e-09
0
0
0
0
0
1.65573e-15
0
1.65573e-15
0
0
4.13931e-16
0
0
0
0
0
-1.47637e-09
0
4.13931e-16
-1.47637e-09
0
4.13931e-16
-1.47637e-09
0
0
0
-2.95273e-09
0
-2.95273e-09
0
0
0
-5.90546e-09
0
5.29832e-14
0
-5.90546e-09
0
5.29832e-14
-5.90546e-09
0
1.05966e-13
0
2.11933e-13
0
0
0
0
5.29832e-14
0
5.29832e-14
0
0
0
3.31145e-15
1.65573e-15
-2.95273e-09
3.31145e-15
4.13931e-16
0
4.13931e-16
0
0
-1.47637e-09
-1.47636e-09
4.13931e-16
-1.47637e-09
0
-1.47637e-09
8.27863e-16
-1.47637e-09
8.27863e-16
0
0
8.27863e-16
8.27863e-16
0
0
-2.95273e-09
0
-5.90546e-09
2.64916e-14
0
0
0
0
0
-5.90536e-09
0
0
0
0
0
0
0
0
0
0
0
0
0
-2.95273e-09
0
-2.95273e-09
0
3.31145e-15
-2.95273e-09
0
-1.47637e-09
-1.47637e-09
0
0
4.13931e-16
0
0
0
0
8.27863e-16
-1.47637e-09
0
0
1.65573e-15
0
0
1.65573e-15
0
-2.95273e-09
-2.95273e-09
0
0
0
2.64916e-14
2.64916e-14
2.64916e-14
0
-5.90546e-09
-5.90536e-09
0
0
0
-5.90546e-09
2.11933e-13
-5.90546e-09
0
0
0
0
0
0
0
-2.95273e-09
0
-2.95273e-09
3.31145e-15
-2.95273e-09
0
-1.47637e-09
-1.47637e-09
0
0
-1.47637e-09
8.27863e-16
0
0
-2.95273e-09
-2.95273e-09
-2.95273e-09
0
0
4.0423e-19
0
-2.95273e-09
4.0423e-19
0
-2.95273e-09
0
0
0
8.27863e-16
0
-2.95273e-09
0
4.13931e-16
2.06966e-16
-5.90546e-09
3.31145e-15
3.31145e-15
0
0
0
0
-5.90546e-09
8.27863e-16
0
0
4.13931e-16
0
0
-2.95273e-09
1.01057e-19
1.01057e-19
0
0
8.0846e-19
3.23384e-18
0
0
0
-2.95273e-09
8.0846e-19
0
0
0
6.31609e-21
0
-2.95273e-09
0
0
-1.47637e-09
5.05287e-20
0
3.23384e-18
0
-2.95273e-09
0
0
-5.90546e-09
0
1.65573e-15
-2.95273e-09
4.13931e-16
0
2.06966e-16
3.31145e-15
6.6229e-15
0
6.6229e-15
0
-5.90546e-09
-5.90546e-09
0
0
8.27863e-16
8.27863e-16
4.13931e-16
0
2.06966e-16
-2.95273e-09
-2.95273e-09
-2.95273e-09
-2.95273e-09
-2.95273e-09
0
-2.95273e-09
0
5.05287e-20
0
8.0846e-19
3.23384e-18
0
1.29354e-17
0
0
0
0
-1.47637e-09
-1.47637e-09
-1.47637e-09
-2.95273e-09
-2.95273e-09
0
0
5.17414e-17
1.03483e-16
0
0
0
0
0
8.27863e-16
-2.95273e-09
-5.90546e-09
0
0
-5.90546e-09
0
6.6229e-15
0
0
8.27863e-16
1.65573e-15
0
0
0
-5.90546e-09
2.06966e-16
-2.95273e-09
-2.95273e-09
-2.95273e-09
1.61692e-18
-2.95273e-09
-2.95273e-09
-2.95273e-09
0
0
-2.95273e-09
-2.95273e-09
6.46768e-18
0
0
0
-2.95273e-09
-1.47637e-09
0
2.02115e-19
3.23384e-18
-1.47637e-09
0
6.46768e-18
0
1.03483e-16
0
-2.95273e-09
4.13931e-16
0
1.65573e-15
-2.95273e-09
0
8.27863e-16
4.13931e-16
2.06966e-16
0
0
-5.90545e-09
0
0
0
-5.90543e-09
0
0
-2.95273e-09
0
-5.90546e-09
2.06966e-16
-5.90546e-09
-2.95273e-09
0
-2.95273e-09
3.23384e-18
0
0
0
-2.95273e-09
0
4.0423e-19
1.61692e-18
-1.47637e-09
0
-1.47637e-09
0
-1.47637e-09
-1.47637e-09
0
-1.47637e-09
-1.47637e-09
0
0
1.29354e-17
0
0
0
4.13931e-16
-2.95273e-09
-5.90546e-09
-2.95273e-09
0
0
0
0
0
-5.90546e-09
0
0
-5.90546e-09
0
2.64916e-14
0
0
-2.95273e-09
0
-2.95273e-09
-2.95273e-09
0
0
-2.95273e-09
0
0
-2.95273e-09
0
0
-2.95273e-09
-1.47637e-09
0
-1.47637e-09
3.23384e-18
-1.47637e-09
0
5.17414e-17
0
-1.47637e-09
2.52644e-20
-1.47637e-09
0
3.23384e-18
-1.47637e-09
0
0
0
-2.95273e-09
-2.95273e-09
8.27863e-16
0
0
-2.95273e-09
1.65573e-15
0
-2.95273e-09
0
-5.90545e-09
0
0
0
0
-5.90543e-09
5.29832e-14
0
8.27863e-16
1.65573e-15
1.65573e-15
-2.95273e-09
-2.95273e-09
6.6229e-15
1.32458e-14
0
0
0
5.17414e-17
8.27863e-16
-2.95273e-09
0
0
1.01057e-19
0
0
0
0
0
1.57902e-21
0
2.52644e-20
1.01057e-19
0
0
0
0
1.29354e-17
0
0
-2.95273e-09
0
8.27863e-16
-2.95273e-09
-2.95273e-09
-2.95273e-09
-2.95273e-09
6.6229e-15
-2.95273e-09
-2.95272e-09
0
-5.90543e-09
0
-5.90546e-09
0
-5.90546e-09
1.05966e-13
-2.95273e-09
-2.95273e-09
0
3.31145e-15
0
-2.95273e-09
-2.95273e-09
0
-2.95273e-09
0
0
8.27863e-16
0
0
2.52644e-20
1.01057e-19
0
-1.47637e-09
0
-1.47637e-09
0
0
-1.47637e-09
-1.47637e-09
5.05287e-20
2.02115e-19
0
0
0
0
0
0
5.17414e-17
0
0
-2.95273e-09
0
0
-2.95273e-09
3.31145e-15
-2.95273e-09
-2.95273e-09
0
-2.9527e-09
-2.95273e-09
0
-2.9527e-09
-2.95273e-09
-2.95268e-09
0
-2.95273e-09
-2.95273e-09
0
0
0
-2.95272e-09
8.0846e-19
-2.95273e-09
-2.95273e-09
0
0
4.13931e-16
0
0
0
-1.47637e-09
1.61692e-18
0
-1.47637e-09
2.58707e-17
0
1.57902e-21
0
7.89511e-22
1.97378e-22
3.94756e-22
0
0
0
-2.95273e-09
-2.95273e-09
0
2.02115e-19
0
0
-2.95273e-09
8.27863e-16
-2.95273e-09
0
3.31145e-15
0
0
-2.95273e-09
0
0
0
0
-2.95273e-09
8.27863e-16
0
-2.95273e-09
-2.95273e-09
1.65573e-15
-2.95273e-09
0
-2.95273e-09
3.23384e-18
1.29354e-17
5.17414e-17
0
-2.95273e-09
0
0
0
0
1.61692e-18
0
-1.47637e-09
0
0
0
0
-1.47637e-09
0
0
0
0
0
0
6.31609e-21
-2.95273e-09
-2.95273e-09
0
0
-2.95273e-09
0
-2.95273e-09
0
0
1.65573e-15
-2.95273e-09
1.32458e-14
-2.95273e-09
-2.95273e-09
-2.95273e-09
-2.9527e-09
0
0
-2.95273e-09
0
4.13931e-16
0
3.31145e-15
3.31145e-15
-2.95273e-09
-2.95273e-09
0
0
-2.95273e-09
0
5.05287e-20
-1.47637e-09
1.23361e-23
0
-1.47637e-09
0
7.89511e-22
0
0
0
1.54201e-24
0
0
7.89511e-22
-1.47637e-09
0
-2.95273e-09
0
0
0
1.61692e-18
-2.95273e-09
0
8.27863e-16
-2.95273e-09
4.13931e-16
8.27863e-16
0
1.65573e-15
0
0
0
-2.95273e-09
0
0
-2.95273e-09
2.06966e-16
0
2.06966e-16
4.13931e-16
-2.95273e-09
1.65573e-15
-2.95273e-09
-2.95273e-09
3.15805e-21
3.15805e-21
0
-2.95273e-09
0
-2.95273e-09
0
0
-1.47637e-09
2.46722e-23
2.46722e-23
-1.47637e-09
-1.47637e-09
0
-1.47637e-09
0
-1.47637e-09
-1.47637e-09
-1.47637e-09
0
-2.95273e-09
1.26322e-20
-2.95273e-09
0
0
1.26322e-20
2.52644e-20
0
8.27863e-16
-2.95273e-09
0
4.13931e-16
8.27863e-16
0
0
0
1.32458e-14
0
0
1.32458e-14
-2.95272e-09
0
0
0
-2.95273e-09
-2.95273e-09
0
-2.95273e-09
1.57902e-21
0
-2.95273e-09
0
0
0
2.52644e-20
0
6.16806e-24
0
0
0
0
0
1.54201e-24
0
4.8188e-26
3.08403e-24
0
0
0
3.15805e-21
6.31609e-21
0
0
0
6.31609e-21
0
0
0
-2.95273e-09
2.06966e-16
0
0
-2.95273e-09
0
0
0
6.6229e-15
0
0
-2.95272e-09
-2.95273e-09
0
0
0
0
0
1.65573e-15
0
0
0
0
0
0
2.52644e-20
-1.47637e-09
-1.47637e-09
0
0
0
0
0
-1.47637e-09
0
0
0
0
0
-1.47637e-09
0
0
0
0
1.57902e-21
0
0
0
0
0
0
2.06966e-16
-2.95273e-09
0
3.31145e-15
6.6229e-15
6.6229e-15
0
0
0
0
0
-2.95273e-09
0
0
-2.95273e-09
0
0
0
0
0
0
-2.95273e-09
-2.95273e-09
0
1.50587e-27
0
-1.47637e-09
1.2047e-26
0
0
0
-1.47637e-09
0
0
0
0
0
0
-2.95273e-09
0
-2.95273e-09
-2.95273e-09
-2.95273e-09
4.0423e-19
-2.95273e-09
4.13931e-16
0
8.27863e-16
-2.95273e-09
-2.95273e-09
0
0
6.6229e-15
0
0
3.31145e-15
0
-5.90546e-09
-5.90546e-09
-2.95273e-09
0
-2.95273e-09
-2.95273e-09
0
0
0
-2.95273e-09
-2.95273e-09
-2.95273e-09
-2.95273e-09
0
0
5.05287e-20
-1.47637e-09
0
0
0
-2.95273e-09
5.05287e-20
0
-1.47637e-09
-1.47637e-09
-2.95273e-09
5.05287e-20
0
0
1.26322e-20
-2.95273e-09
0
0
-2.95273e-09
0
-2.95273e-09
-2.95273e-09
-2.95273e-09
-2.95273e-09
0
-2.95273e-09
0
0
0
-5.90546e-09
0
0
0
0
0
3.31145e-15
-2.95273e-09
-2.95273e-09
0
0
-2.95273e-09
-2.95273e-09
0
-2.95273e-09
3.23384e-18
0
0
-2.95273e-09
1.01057e-19
0
-1.47637e-09
3.23384e-18
0
0
1.01057e-19
0
0
0
0
1.61692e-18
2.02115e-19
0
0
0
0
-2.95273e-09
5.17414e-17
-2.95273e-09
-2.95273e-09
0
0
8.27863e-16
0
0
-2.95273e-09
-2.95272e-09
-2.95273e-09
0
0
0
0
0
2.64916e-14
0
0
-2.95273e-09
0
-2.95273e-09
3.31145e-15
6.6229e-15
0
1.65573e-15
5.17414e-17
0
-2.95273e-09
0
2.02115e-19
-2.95273e-09
-2.95273e-09
-1.47637e-09
-1.47637e-09
-1.47637e-09
0
-1.47637e-09
-2.95273e-09
0
-1.47637e-09
-1.47637e-09
0
0
0
0
0
0
0
0
0
0
8.0846e-19
4.0423e-19
-2.95273e-09
-2.95273e-09
-2.95273e-09
6.6229e-15
0
6.6229e-15
-2.95273e-09
-5.90546e-09
0
1.05966e-13
-5.90546e-09
0
2.64916e-14
0
-2.95273e-09
0
-2.95273e-09
3.31145e-15
0
0
-2.95273e-09
4.13931e-16
1.03483e-16
0
1.61692e-18
0
2.02115e-19
2.02115e-19
-1.47637e-09
0
-1.47637e-09
0
0
-1.47637e-09
1.26322e-20
0
0
0
-1.47637e-09
0
0
-1.47637e-09
1.65573e-15
0
8.27863e-16
4.13931e-16
0
-2.95273e-09
-2.95273e-09
-2.95273e-09
-2.95273e-09
3.31145e-15
6.6229e-15
-2.95273e-09
0
0
0
0
0
0
0
0
2.64916e-14
2.64916e-14
0
3.31145e-15
3.31145e-15
-2.95273e-09
0
0
-2.95273e-09
0
-2.95273e-09
-2.95273e-09
0
2.02115e-19
-2.95273e-09
-1.47637e-09
0
0
0
-1.47637e-09
-1.47637e-09
1.26322e-20
0
0
-1.47637e-09
0
0
1.26322e-20
-1.47637e-09
-2.95272e-09
3.31145e-15
0
0
0
-2.95273e-09
-2.95273e-09
0
0
-2.95273e-09
-2.95273e-09
0
1.32458e-14
6.6229e-15
-5.90525e-09
0
0
0
-5.90546e-09
0
2.64916e-14
-5.90546e-09
0
-2.95273e-09
0
0
0
0
0
1.65573e-15
-2.95273e-09
0
8.0846e-19
0
0
0
0
3.23384e-18
0
0
-1.47637e-09
0
0
2.58707e-17
-1.47637e-09
2.02115e-19
0
0
6.31609e-21
0
-2.95273e-09
0
0
0
-2.95273e-09
0
-2.95273e-09
-2.95273e-09
0
1.32458e-14
1.32458e-14
-2.95272e-09
0
0
-5.90525e-09
0
2.11933e-13
0
-5.90546e-09
0
0
0
-2.95273e-09
-2.95273e-09
0
1.32458e-14
-2.95273e-09
0
0
0
6.46768e-18
-2.95273e-09
4.0423e-19
0
0
6.46768e-18
-1.47637e-09
0
-1.47637e-09
0
1.26322e-20
0
0
-1.47637e-09
0
0
1.26322e-20
0
-2.95273e-09
0
0
0
1.61692e-18
-2.95273e-09
-2.95273e-09
2.64916e-14
0
0
0
0
-2.95273e-09
-2.95273e-09
0
0
-2.95273e-09
-2.95273e-09
0
-2.95273e-09
0
0
-2.95273e-09
-2.95268e-09
-2.9527e-09
-2.95273e-09
0
-2.95273e-09
1.03483e-16
0
2.58707e-17
-2.95273e-09
3.23384e-18
0
0
0
0
0
-1.47637e-09
0
2.52644e-20
0
1.61692e-18
8.0846e-19
0
0
0
0
-1.47637e-09
0
-2.95273e-09
0
0
0
4.0423e-19
-2.95273e-09
2.64916e-14
0
-2.95272e-09
-2.95272e-09
0
-2.95273e-09
0
0
0
1.05966e-13
0
1.05966e-13
0
-2.95273e-09
2.64916e-14
0
-2.95273e-09
1.32458e-14
0
0
0
0
0
4.0423e-19
4.0423e-19
0
0
0
0
-1.47637e-09
0
1.26322e-20
0
0
0
-1.47637e-09
0
3.15805e-21
0
7.89511e-22
-1.47637e-09
4.93445e-23
4.0423e-19
-2.95273e-09
0
1.01057e-19
0
-2.95273e-09
0
-2.95273e-09
0
-2.95272e-09
0
0
0
-2.95273e-09
1.05966e-13
0
-2.95273e-09
-2.95273e-09
5.29832e-14
0
0
-2.95272e-09
0
0
0
6.6229e-15
6.6229e-15
0
0
0
0
-2.95273e-09
0
0
1.01057e-19
0
0
0
0
0
1.57902e-21
1.57902e-21
-1.47637e-09
0
1.57902e-21
0
-1.47637e-09
2.46722e-23
4.93445e-23
0
0
0
1.01057e-19
0
1.01057e-19
1.01057e-19
-2.95273e-09
-2.95273e-09
-2.95273e-09
-2.95273e-09
3.31145e-15
0
0
0
-2.95273e-09
0
0
0
-2.95268e-09
-2.95273e-09
1.32458e-14
-2.95273e-09
0
0
6.6229e-15
6.6229e-15
-2.95273e-09
2.02115e-19
0
0
0
0
0
0
0
0
0
0
0
0
0
0
-1.47637e-09
0
0
3.94756e-22
-1.47637e-09
0
-2.95273e-09
0
0
0
0
5.05287e-20
0
1.32458e-14
1.32458e-14
0
-2.95273e-09
3.31145e-15
0
0
-2.95273e-09
0
5.29832e-14
5.29832e-14
5.29832e-14
5.29832e-14
0
0
0
0
0
0
6.6229e-15
0
0
0
2.02115e-19
1.01057e-19
0
1.01057e-19
0
0
0
1.57902e-21
-1.47637e-09
0
0
-1.47637e-09
3.94756e-22
-1.47637e-09
1.97378e-22
0
-1.47637e-09
0
1.92752e-25
-2.95273e-09
1.01057e-19
0
-2.95273e-09
2.52644e-20
2.52644e-20
0
0
1.32458e-14
6.6229e-15
3.31145e-15
-2.95273e-09
0
0
0
-2.95273e-09
5.29832e-14
0
0
0
0
0
-2.95272e-09
0
0
3.31145e-15
-2.95272e-09
-2.95273e-09
0
1.01057e-19
0
0
0
0
-2.95273e-09
0
6.16806e-24
0
1.54201e-24
9.86889e-23
3.08403e-24
0
3.85504e-25
-1.47637e-09
-1.47637e-09
-1.47637e-09
0
0
0
-2.95273e-09
5.05287e-20
0
0
1.26322e-20
1.26322e-20
2.52644e-20
0
0
0
0
0
0
0
0
0
0
-2.95273e-09
0
5.29832e-14
-2.95273e-09
0
0
-2.95272e-09
-2.95273e-09
-2.95273e-09
-2.95273e-09
-2.95273e-09
0
0
-2.95273e-09
0
-2.95273e-09
-2.95273e-09
0
0
0
0
0
0
0
4.8188e-26
)
;

boundaryField
{
    fuel
    {
        type            calculated;
        value           uniform 0;
    }
    primary_air
    {
        type            calculated;
        value           uniform 0;
    }
    Secondary_air_RHS
    {
        type            calculated;
        value           uniform 0;
    }
    Secondary_air_LHS
    {
        type            calculated;
        value           uniform 0;
    }
    outlet
    {
        type            calculated;
        value           uniform 0;
    }
    stove_body
    {
        type            calculated;
        value           uniform 0;
    }
    frontAndBack
    {
        type            empty;
    }
}


// ************************************************************************* //
