/*--------------------------------*- C++ -*----------------------------------*\
  =========                 |
  \\      /  F ield         | OpenFOAM: The Open Source CFD Toolbox
   \\    /   O peration     | Website:  https://openfoam.org
    \\  /    A nd           | Version:  6
     \\/     M anipulation  |
\*---------------------------------------------------------------------------*/
FoamFile
{
    version     2.0;
    format      ascii;
    class       volScalarField;
    location    "0.0025";
    object      Qdot;
}
// * * * * * * * * * * * * * * * * * * * * * * * * * * * * * * * * * * * * * //

dimensions      [1 -1 -3 0 0 0 0];

internalField   nonuniform List<scalar> 
3773
(
0
0
-3.76907e-06
-3.76907e-06
3.76907e-06
0
0
0
0
-7.53814e-06
0
-7.53814e-06
0
-7.53814e-06
-2.28623e-05
-2.28623e-05
0
0
2.28623e-05
0
0
0
3.5221e-09
0
0
-2.28623e-05
-2.28623e-05
3.5221e-09
0
2.28623e-05
-2.28623e-05
0
0
0
2.28623e-05
0
0
0
0
0
0
-7.53814e-06
-3.76907e-06
0
0
0
-3.76907e-06
0
0
1.42889e-06
0
0
4.72895e-07
0
0
0
0
0
0
0
0
0
0
3.5221e-09
0
3.5221e-09
0
-7.10925e-07
-7.10925e-07
0
-4.71134e-07
0
3.5221e-09
-3.53702e-07
-3.53702e-07
3.5221e-09
3.5221e-09
-7.14447e-07
0
7.14447e-07
-7.14447e-07
0
-7.14447e-07
0
0
0
0
0
0
-7.14447e-07
0
-1.42889e-06
0
-4.69373e-07
0
-4.71134e-07
-4.71134e-07
0
3.57224e-07
0
-4.4653e-08
0
0
0
0
0
3.5221e-09
0
0
0
0
5.92791e-07
0
-3.5221e-09
0
0
0
-7.36147e-09
0
0
0
0
0
-1.84037e-09
0
0
-2.35567e-07
0
3.5221e-09
3.5221e-09
0
0
2.35567e-07
-2.35567e-07
7.36147e-09
0
0
0
0
-3.57224e-07
-3.57224e-07
0
0
0
0
-5.88917e-08
0
0
0
0
-2.79081e-09
0
0
0
0
0
0
-3.48851e-10
0
0
3.57224e-07
0
0
-2.30046e-10
-3.48851e-10
0
-3.98219e-09
-2.35567e-07
-2.35567e-07
0
0
0
0
3.5221e-09
-2.35567e-07
3.60746e-07
0
0
0
3.5221e-09
3.5221e-09
-5.89268e-07
0
0
0
0
0
0
0
0
0
0
0
-2.79081e-09
-2.79081e-09
0
0
-1.15023e-10
0
8.72128e-11
0
0
0
-5.92791e-07
0
0
0
0
0
0
0
3.5221e-09
0
0
0
-6.97702e-10
-3.57224e-07
-2.32045e-07
3.5221e-09
0
0
0
0
3.5221e-09
-2.35567e-07
3.5221e-09
0
0
0
2.8244e-09
-3.53702e-07
-2.35567e-07
0
0
0
0
-6.97702e-10
0
0
-1.15023e-10
0
0
-8.72128e-11
0
0
0
0
0
0
0
0
0
0
-1.3954e-09
0
0
0
0
0
0
0
0
3.5221e-09
3.5221e-09
-6.97702e-10
-3.57224e-07
-2.39089e-07
0
0
0
0
9.20183e-10
0
3.5221e-09
-1.3954e-09
3.5221e-09
0
0
3.5221e-09
-3.53702e-07
-5.92791e-07
-4.60092e-10
0
0
0
-3.48851e-10
3.5221e-09
0
0
0
0
0
0
0
0
0
0
0
0
0
0
0
0
0
0
0
0
0
0
0
0
0
0
0
0
0
0
0
-3.5221e-09
0
0
3.5221e-09
0
0
0
3.5221e-09
-3.5221e-09
0
0
0
3.5221e-09
0
0
0
0
0
0
0
0
0
1.76105e-09
0
0
1.75903e-09
-2.02239e-12
-2.02239e-12
1.76105e-09
1.76105e-09
1.75903e-09
0
0
3.5221e-09
3.51805e-09
0
3.5221e-09
0
-4.04479e-12
0
3.5221e-09
0
3.5221e-09
3.5221e-09
0
3.5221e-09
-3.5221e-09
0
0
3.5221e-09
0
0
0
0
0
0
0
3.5221e-09
0
-3.5221e-09
-4.04479e-12
0
0
3.5221e-09
3.5221e-09
3.5221e-09
-4.04479e-12
1.76105e-09
1.76105e-09
0
0
1.76105e-09
0
-2.02239e-12
0
0
0
-1.975e-15
0
-1.975e-15
0
3.5221e-09
-3.5221e-09
0
-3.5221e-09
0
0
0
0
3.5221e-09
0
0
0
3.52209e-09
-3.94999e-15
0
0
0
0
0
0
0
0
0
0
3.5221e-09
3.5221e-09
3.52209e-09
0
0
-1.975e-15
-1.975e-15
-3.5221e-09
3.5221e-09
3.5221e-09
-1.975e-15
-9.87498e-16
0
1.76105e-09
1.76105e-09
-9.87498e-16
0
0
0
-1.76105e-09
1.76105e-09
1.76105e-09
0
0
1.76105e-09
0
0
0
3.5221e-09
3.5221e-09
0
0
0
3.5221e-09
0
3.5221e-09
3.5221e-09
3.5221e-09
0
3.5221e-09
3.5221e-09
3.5221e-09
0
-3.85741e-18
3.5221e-09
0
0
3.5221e-09
3.5221e-09
0
-3.85741e-18
-3.85741e-18
3.5221e-09
3.5221e-09
0
0
0
0
0
-1.92871e-18
1.76105e-09
0
1.76105e-09
0
0
0
-9.64353e-19
-1.76105e-09
0
0
1.76105e-09
0
0
-1.76105e-09
3.5221e-09
0
0
3.5221e-09
3.5221e-09
-1.8835e-21
0
3.5221e-09
3.5221e-09
0
0
0
0
0
-3.767e-21
3.5221e-09
0
3.5221e-09
3.5221e-09
0
0
3.5221e-09
0
0
0
0
3.5221e-09
-1.8835e-21
0
3.5221e-09
0
0
-4.70876e-22
-9.41751e-22
-4.70876e-22
0
1.76105e-09
1.76105e-09
0
-1.17719e-22
0
0
0
0
1.76105e-09
0
0
1.76105e-09
1.76105e-09
0
3.5221e-09
0
-3.5221e-09
3.5221e-09
0
0
0
3.5221e-09
0
0
0
-3.5221e-09
3.5221e-09
0
0
0
0
-1.47149e-23
3.5221e-09
0
0
0
3.5221e-09
3.5221e-09
-3.67871e-24
0
3.5221e-09
0
-7.53401e-21
0
3.5221e-09
0
0
0
0
0
1.76105e-09
-2.2992e-25
1.76105e-09
0
1.76105e-09
0
0
1.76105e-09
0
1.76105e-09
0
1.76105e-09
0
0
0
0
3.5221e-09
0
0
3.5221e-09
0
0
3.5221e-09
0
0
-3.5221e-09
0
-3.0136e-20
0
0
0
0
0
3.5221e-09
0
0
0
0
0
3.5221e-09
0
0
-9.41751e-22
3.5221e-09
-1.83936e-24
0
3.5221e-09
1.76105e-09
0
0
0
1.76105e-09
-1.76105e-09
0
0
0
0
-1.76105e-09
-1.76105e-09
1.76105e-09
0
0
0
3.5221e-09
0
0
0
0
0
0
0
3.5221e-09
0
3.5221e-09
0
0
0
0
0
0
0
0
0
0
3.5221e-09
3.5221e-09
-9.19679e-25
3.5221e-09
0
3.5221e-09
0
0
0
-1.79625e-27
0
0
-1.76105e-09
0
0
0
1.76105e-09
0
0
0
1.8835e-21
0
0
0
1.76105e-09
0
0
-3.5221e-09
0
0
0
0
3.5221e-09
0
0
3.5221e-09
0
3.5221e-09
3.5221e-09
0
0
0
0
0
0
0
0
0
0
3.5221e-09
-1.12265e-28
0
0
0
0
0
0
3.5221e-09
3.5221e-09
0
0
0
0
0
0
0
1.76105e-09
0
0
0
0
1.76105e-09
0
1.76105e-09
1.76105e-09
3.5221e-09
0
3.5221e-09
3.5221e-09
-2.80664e-29
3.5221e-09
0
3.5221e-09
3.5221e-09
-8.98124e-28
0
-1.40332e-29
0
0
-7.18499e-27
0
0
-1.09634e-31
0
0
0
-3.5221e-09
3.5221e-09
0
0
0
0
3.5221e-09
0
3.5221e-09
3.5221e-09
-3.42607e-33
0
3.5221e-09
0
-3.5083e-30
0
1.76105e-09
0
0
0
0
0
-8.98124e-28
1.76105e-09
0
1.76105e-09
1.76105e-09
-1.76105e-09
0
0
-3.5221e-09
0
0
3.5221e-09
-3.5221e-09
0
3.5221e-09
3.5221e-09
0
0
0
3.5221e-09
0
-2.80664e-29
0
0
0
-5.61327e-29
0
0
0
-3.5221e-09
3.5221e-09
0
0
-2.80664e-29
0
0
0
0
3.5221e-09
-4.38537e-31
3.5221e-09
1.76105e-09
-2.74086e-32
0
0
-1.76105e-09
0
-4.49062e-28
-1.76105e-09
0
0
0
0
0
0
0
0
0
3.5221e-09
0
0
0
3.5221e-09
3.5221e-09
3.5221e-09
2.09111e-37
3.5221e-09
0
0
0
-8.56518e-34
0
0
0
0
0
3.5221e-09
-1.07065e-34
0
0
3.5221e-09
3.5221e-09
0
0
3.5221e-09
0
0
-3.5221e-09
0
3.5221e-09
-2.74086e-32
0
1.76105e-09
0
0
0
0
1.76105e-09
0
0
1.76105e-09
1.76105e-09
0
0
0
0
3.5221e-09
-2.0421e-40
-3.5221e-09
0
0
0
0
3.5221e-09
0
0
3.5221e-09
0
8.36443e-37
0
0
0
0
-5.22777e-38
0
0
0
-3.5221e-09
3.5221e-09
0
0
0
0
-2.61388e-38
0
0
3.5221e-09
3.5221e-09
3.5221e-09
0
1.76105e-09
0
-1.76105e-09
1.76105e-09
0
1.76105e-09
-1.02105e-40
1.76105e-09
1.76105e-09
0
1.76105e-09
0
0
0
0
3.5221e-09
-1.2464e-44
-1.59539e-42
0
0
0
0
0
-1.2464e-44
0
0
3.5221e-09
0
0
0
0
0
0
0
3.5221e-09
0
0
3.5221e-09
0
0
0
0
3.5221e-09
0
-1.558e-45
0
0
-2.55262e-41
1.76105e-09
0
1.76105e-09
1.76105e-09
1.76105e-09
0
0
0
-9.97118e-44
0
0
-1.76105e-09
0
0
0
0
0
-3.11599e-45
0
0
0
0
0
0
3.5221e-09
0
0
0
-7.78998e-46
0
0
0
0
-1.9475e-46
3.5221e-09
3.5221e-09
-7.78998e-46
0
-6.08592e-48
0
0
3.5221e-09
0
-3.5221e-09
1.2464e-44
-3.5221e-09
0
0
0
0
0
-1.76105e-09
0
0
0
0
0
0
0
0
0
0
0
3.5221e-09
0
0
3.5221e-09
3.5221e-09
0
0
0
3.5221e-09
-1.83936e-24
0
0
0
0
0
0
0
0
0
0
0
0
3.5221e-09
0
0
-5.74799e-26
-7.53401e-21
0
0
0
3.5221e-09
-3.5221e-09
3.5221e-09
0
3.5221e-09
0
0
0
-4.59839e-25
1.76105e-09
0
1.76105e-09
0
1.76105e-09
0
0
1.76105e-09
0
1.76105e-09
0
3.5221e-09
3.5221e-09
0
3.5221e-09
0
0
3.5221e-09
3.5221e-09
0
3.5221e-09
0
0
0
0
0
0
0
0
0
0
3.5221e-09
0
0
0
0
3.5221e-09
0
0
0
0
-1.79625e-27
3.5221e-09
0
0
0
1.76105e-09
0
0
0
1.76105e-09
0
0
0
0
0
0
-1.76105e-09
1.76105e-09
0
0
0
0
0
0
0
3.5221e-09
0
3.5221e-09
-7.18499e-27
-4.49062e-28
3.5221e-09
3.5221e-09
0
0
-3.5925e-27
0
0
0
0
0
0
0
3.5221e-09
3.5221e-09
3.5221e-09
3.5221e-09
0
0
0
3.5221e-09
-2.2992e-25
0
-3.5221e-09
0
1.76105e-09
0
0
0
0
0
0
1.76105e-09
0
0
1.76105e-09
0
0
0
3.5221e-09
0
0
0
0
0
0
0
0
0
-3.5925e-27
3.5221e-09
3.5221e-09
0
0
0
-7.18499e-27
0
0
0
0
3.5221e-09
0
3.5221e-09
3.5221e-09
3.5221e-09
0
0
0
0
3.5221e-09
3.5221e-09
3.5221e-09
0
0
0
0
0
-1.83936e-24
0
1.76105e-09
0
0
1.76105e-09
0
0
1.76105e-09
1.76105e-09
0
0
3.5221e-09
0
0
0
0
0
0
0
0
3.5221e-09
3.5221e-09
3.5221e-09
0
0
0
0
0
0
0
0
3.5221e-09
-3.5221e-09
3.5221e-09
0
3.5221e-09
0
3.5221e-09
3.5221e-09
3.5221e-09
3.5221e-09
0
3.5221e-09
0
1.76105e-09
-1.76105e-09
1.76105e-09
0
1.76105e-09
-1.76105e-09
0
0
1.76105e-09
1.76105e-09
0
1.76105e-09
0
0
0
3.5221e-09
-3.67871e-24
0
3.5221e-09
3.5221e-09
0
3.5221e-09
0
3.5221e-09
0
3.5221e-09
0
0
0
0
0
0
-4.59839e-25
0
0
0
0
0
0
0
0
3.5221e-09
3.5221e-09
0
0
-2.80664e-29
0
0
0
0
0
1.76105e-09
0
0
0
0
0
0
0
0
0
0
0
3.5221e-09
0
0
3.5221e-09
0
0
0
0
0
0
3.5221e-09
3.5221e-09
3.5221e-09
0
0
0
0
0
0
0
0
0
-3.0136e-20
3.5221e-09
0
0
0
0
0
0
0
3.5221e-09
0
3.5221e-09
3.5221e-09
-1.76105e-09
1.76105e-09
0
0
0
1.76105e-09
0
0
-3.04296e-48
0
-1.21718e-47
0
1.76105e-09
0
0
3.5221e-09
3.5221e-09
-7.6074e-49
0
0
0
0
3.5221e-09
0
0
-1.90185e-49
0
3.5221e-09
0
0
0
-9.28638e-53
0
0
0
3.5221e-09
3.5221e-09
0
0
-3.71455e-52
0
0
3.5221e-09
3.5221e-09
0
3.5221e-09
0
3.5221e-09
3.5221e-09
0
1.76105e-09
0
1.76105e-09
0
0
0
0
0
0
7.42911e-52
0
0
0
3.5221e-09
0
0
0
0
0
0
-1.451e-54
0
0
0
0
3.5221e-09
3.5221e-09
0
0
-9.06873e-56
0
0
0
0
-1.1608e-53
0
0
0
0
0
0
-3.5221e-09
0
0
0
0
-3.5221e-09
0
0
0
0
-1.85728e-52
0
0
0
0
0
0
0
0
0
0
-3.5221e-09
0
0
0
0
0
3.5221e-09
0
-1.41699e-57
0
0
0
0
0
0
1.41699e-57
0
0
0
0
0
-7.08495e-58
0
9.06873e-56
0
0
0
0
0
0
-1.451e-54
0
0
0
0
-3.71455e-52
-9.28638e-53
0
1.76105e-09
0
0
0
0
0
1.76105e-09
0
0
0
0
0
0
0
0
3.5221e-09
0
0
0
0
-8.85618e-59
0
0
3.5221e-09
0
0
0
0
0
0
5.66796e-57
0
0
0
2.26718e-56
0
0
0
0
-3.5221e-09
0
0
3.5221e-09
3.5221e-09
0
3.5221e-09
0
0
0
1.76105e-09
1.76105e-09
-4.53437e-56
-1.81375e-55
0
0
0
1.76105e-09
1.76105e-09
0
0
0
0
-3.5221e-09
3.5221e-09
3.5221e-09
0
3.5221e-09
3.5221e-09
0
0
0
0
3.5221e-09
0
0
0
0
0
0
0
1.77124e-58
0
0
0
0
-2.21405e-59
0
-6.91889e-61
0
0
0
0
0
0
0
0
0
0
0
1.76105e-09
0
0
0
0
-3.54247e-58
0
0
0
0
3.5221e-09
3.5221e-09
0
0
3.5221e-09
0
0
0
0
0
0
0
0
3.5221e-09
0
0
0
0
0
2.83398e-57
0
0
0
-7.08495e-58
0
0
0
0
3.5221e-09
3.5221e-09
0
0
3.5221e-09
3.5221e-09
0
0
-3.62749e-55
0
0
-1.76105e-09
0
0
-7.08495e-58
0
1.76105e-09
-4.53437e-56
0
0
0
-3.5221e-09
-4.42809e-59
0
3.5221e-09
0
0
-7.25499e-55
-2.76756e-60
0
0
0
1.13359e-56
3.5221e-09
3.5221e-09
0
-5.53512e-60
0
0
-3.54247e-58
0
-7.08495e-58
0
0
0
0
0
-2.76756e-60
3.5221e-09
-3.5221e-09
0
0
0
0
3.5221e-09
0
0
-1.76105e-09
1.76105e-09
0
0
1.76105e-09
1.76105e-09
0
0
0
0
0
0
0
3.5221e-09
0
0
0
0
0
0
0
0
-2.16215e-62
0
0
0
0
0
0
0
-4.22296e-65
0
0
0
-1.81375e-55
0
2.11148e-65
0
0
0
-5.2787e-66
0
0
0
3.5221e-09
0
3.5221e-09
-3.5221e-09
-2.3216e-53
-1.77124e-58
0
0
0
-1.35135e-63
1.76105e-09
0
-1.13359e-56
0
0
0
0
0
0
0
0
0
-1.10702e-59
3.5221e-09
0
-3.62749e-55
0
0
-1.72972e-61
0
3.5221e-09
0
0
0
0
0
0
0
0
-1.41699e-57
0
0
0
0
3.5221e-09
3.5221e-09
0
0
0
0
0
0
0
-7.25499e-55
0
0
0
0
0
-5.40539e-63
0
0
0
0
0
0
-3.54247e-58
0
0
3.5221e-09
0
-2.21405e-59
0
-2.21405e-59
0
0
0
0
-1.38378e-60
0
0
0
0
-8.44592e-65
0
0
0
-2.16215e-62
0
0
3.5221e-09
3.5221e-09
3.5221e-09
3.5221e-09
0
0
3.5221e-09
0
-1.35135e-63
0
0
0
0
-3.45945e-61
0
0
-2.16215e-62
0
0
0
0
0
0
0
0
0
3.5221e-09
0
0
0
0
0
-1.10702e-59
3.5221e-09
0
3.5221e-09
3.5221e-09
3.5221e-09
3.5221e-09
0
-1.72972e-61
0
0
0
0
0
0
3.5221e-09
0
3.5221e-09
0
0
3.5221e-09
0
0
-3.37837e-64
0
0
0
0
0
0
0
-2.16215e-62
0
0
0
0
0
0
0
-5.66796e-57
0
-2.83398e-57
0
0
0
0
0
0
-5.53512e-60
0
3.5221e-09
0
0
0
3.5221e-09
0
0
0
0
0
0
-3.37837e-64
0
0
0
-6.59837e-67
3.5221e-09
0
0
3.5221e-09
0
0
0
0
0
0
0
0
0
0
0
0
-3.45945e-61
-1.72972e-61
0
0
0
0
0
0
0
0
0
0
0
-7.08495e-58
0
0
0
-3.5221e-09
3.5221e-09
-5.40539e-63
0
3.5221e-09
3.5221e-09
0
3.5221e-09
-6.75673e-64
0
0
0
-1.05574e-65
0
0
3.5221e-09
0
0
0
3.5221e-09
0
-3.5221e-09
0
0
0
0
0
0
0
0
0
0
0
0
0
0
0
0
0
0
0
-1.13359e-56
0
3.5221e-09
0
0
0
0
0
3.5221e-09
3.5221e-09
0
3.5221e-09
0
-2.16215e-62
0
3.5221e-09
0
0
3.5221e-09
0
3.5221e-09
3.5221e-09
0
0
-2.70269e-63
3.5221e-09
0
-3.5221e-09
0
3.5221e-09
3.5221e-09
0
3.5221e-09
0
8.64862e-62
0
-1.77124e-58
0
0
-2.21405e-59
0
-2.76756e-60
0
1.76105e-09
-1.35135e-63
0
0
-5.40539e-63
0
0
3.5221e-09
0
3.5221e-09
0
0
0
0
-1.05574e-65
-1.05574e-65
0
0
-8.44592e-65
0
0
-1.05574e-65
0
0
0
0
0
0
0
0
0
0
0
0
0
0
0
-4.32431e-62
0
3.5221e-09
3.5221e-09
0
0
0
-1.72972e-61
0
0
0
0
-5.40539e-63
-5.40539e-63
0
0
0
0
0
-6.75673e-64
0
-6.75673e-64
0
-1.68918e-64
0
0
0
0
3.5221e-09
0
0
0
2.83398e-57
0
-1.68918e-64
0
-2.63935e-66
0
0
-2.21405e-59
-5.40539e-63
0
3.5221e-09
3.5221e-09
-6.75673e-64
0
-1.13359e-56
0
-1.72972e-61
-1.72972e-61
-8.64862e-62
0
0
0
0
-1.38378e-60
0
0
0
0
0
0
0
0
0
0
0
0
3.5221e-09
0
0
0
0
0
0
0
-8.44592e-65
0
0
0
0
-4.42809e-59
0
0
0
0
0
0
0
-2.16215e-62
3.5221e-09
0
0
3.5221e-09
0
0
-3.45945e-61
0
0
0
0
-8.64862e-62
-2.83398e-57
-5.53512e-60
0
2.76756e-60
-1.38378e-60
0
-8.85618e-59
0
-8.64862e-62
0
0
-4.32431e-62
0
0
-2.83398e-57
0
0
0
0
-1.68918e-64
0
3.5221e-09
0
0
0
0
-2.63935e-66
3.5221e-09
0
-8.44592e-65
0
0
0
0
0
0
3.5221e-09
0
0
3.5221e-09
0
3.5221e-09
3.5221e-09
0
0
3.5221e-09
0
0
0
0
-1.10702e-59
0
0
0
0
0
0
0
0
0
0
0
0
0
-3.37837e-64
0
0
0
0
1.68918e-64
0
3.5221e-09
0
3.5221e-09
0
0
0
0
0
-1.05574e-65
0
0
-3.29919e-67
0
0
0
3.5221e-09
3.5221e-09
0
3.5221e-09
0
0
0
0
0
0
0
0
0
0
0
0
-4.42809e-59
0
0
0
0
0
0
0
-2.76756e-60
0
0
0
0
3.5221e-09
0
0
0
0
0
0
0
-5.2787e-66
0
3.5221e-09
3.5221e-09
0
3.5221e-09
-1.31967e-66
0
0
0
-1.68918e-64
-2.11148e-65
0
0
0
0
0
0
0
0
0
0
3.5221e-09
0
0
0
0
0
0
0
0
1.76105e-09
0
0
0
0
0
-8.85618e-59
-1.77124e-58
0
0
3.5221e-09
0
0
3.5221e-09
0
0
3.5221e-09
0
0
0
0
3.5221e-09
0
3.5221e-09
0
-1.35135e-63
3.5221e-09
0
0
0
3.5221e-09
0
0
0
0
3.5221e-09
0
0
0
0
0
3.5221e-09
0
0
0
-1.41699e-57
-2.83398e-57
0
0
0
1.76105e-09
1.76105e-09
0
0
1.76105e-09
0
0
3.5221e-09
0
3.5221e-09
3.5221e-09
3.5221e-09
0
0
0
-7.50148e-80
0
0
0
0
0
0
0
0
0
0
0
0
-7.50148e-80
-4.80095e-78
0
0
0
0
3.29919e-67
-1.20024e-78
3.84076e-77
0
3.5221e-09
0
3.5221e-09
3.5221e-09
1.76105e-09
-1.5363e-76
0
1.76105e-09
-6.2927e-73
0
0
0
0
1.76105e-09
0
1.76105e-09
0
0
-3.5221e-09
0
3.5221e-09
3.5221e-09
3.5221e-09
0
3.5221e-09
0
0
0
0
0
0
3.5221e-09
0
0
0
0
0
-1.25854e-72
0
3.5221e-09
0
0
0
0
3.5221e-09
0
0
0
-2.45808e-75
0
-3.5221e-09
3.5221e-09
0
0
1.76105e-09
1.76105e-09
1.76105e-09
0
0
0
0
-3.84076e-77
1.76105e-09
0
0
0
-2.63935e-66
0
3.5221e-09
0
0
3.5221e-09
3.5221e-09
0
-7.50148e-80
0
3.5221e-09
0
0
0
3.5221e-09
0
0
3.5221e-09
3.5221e-09
0
0
0
0
3.5221e-09
-6.14521e-76
3.5221e-09
3.5221e-09
-3.22186e-70
0
3.5221e-09
-3.5221e-09
-9.83234e-75
3.5221e-09
0
0
0
1.76105e-09
-4.91617e-75
0
1.76105e-09
0
1.76105e-09
1.76105e-09
0
0
0
9.83234e-75
0
1.76105e-09
0
3.5221e-09
0
0
0
0
0
3.5221e-09
0
0
3.5221e-09
3.5221e-09
3.5221e-09
0
-1.031e-68
0
0
0
3.5221e-09
0
0
-2.06199e-68
3.5221e-09
0
0
-3.5221e-09
0
0
0
3.5221e-09
3.5221e-09
3.5221e-09
0
3.5221e-09
0
0
1.76105e-09
0
0
1.76105e-09
0
-8.24796e-68
0
0
1.76105e-09
1.76105e-09
0
0
0
0
0
0
0
3.5221e-09
0
0
0
0
3.5221e-09
0
3.5221e-09
0
0
3.5221e-09
3.5221e-09
3.5221e-09
0
0
0
0
0
0
3.5221e-09
0
0
0
-3.22186e-70
0
-3.5221e-09
0
3.5221e-09
0
0
3.5221e-09
0
-3.07261e-76
1.76105e-09
-3.14635e-73
0
0
0
0
0
1.76105e-09
1.76105e-09
0
-1.25854e-72
0
0
0
0
-6.14521e-76
0
-1.57317e-73
0
0
0
0
0
0
3.5221e-09
0
0
-7.50148e-80
0
0
0
3.5221e-09
3.5221e-09
3.5221e-09
0
-6.14521e-76
3.5221e-09
3.5221e-09
0
-1.61093e-70
0
3.5221e-09
-9.83234e-75
3.5221e-09
0
0
-5.15498e-69
0
0
0
0
1.76105e-09
0
0
1.76105e-09
0
0
1.76105e-09
0
0
0
0
0
0
0
0
-1.57317e-73
-2.01366e-71
0
-3.5221e-09
0
3.5221e-09
-7.68152e-77
0
1.25854e-72
0
0
3.5221e-09
3.5221e-09
0
0
3.5221e-09
3.5221e-09
3.5221e-09
0
3.5221e-09
3.5221e-09
3.5221e-09
3.5221e-09
0
0
0
0
0
0
-5.15498e-69
0
0
-7.86587e-74
0
0
0
0
0
0
8.80525e-10
8.80525e-10
0
8.80525e-10
0
0
0
-7.32566e-83
0
0
-2.40047e-78
-2.45808e-75
0
0
3.5221e-09
3.5221e-09
3.5221e-09
0
0
0
3.5221e-09
0
3.5221e-09
0
3.5221e-09
3.5221e-09
0
3.5221e-09
0
0
-6.14521e-76
3.5221e-09
0
0
0
1.87537e-80
4.80095e-78
-1.22904e-75
0
-3.14635e-73
-4.02733e-71
0
0
0
0
0
0
0
0
0
0
0
0
-2.40047e-78
0
0
0
0
-3.66283e-83
0
-3.75074e-80
0
0
0
3.5221e-09
3.5221e-09
0
0
3.5221e-09
0
0
3.5221e-09
0
3.5221e-09
3.5221e-09
-3.5221e-09
0
0
0
0
0
0
0
0
0
0
0
0
0
-3.07261e-76
0
0
0
0
0
0
0
-1.36451e-91
0
0
0
0
0
0
0
0
-2.23562e-87
-1.43079e-85
0
0
0
0
3.5221e-09
0
0
3.5221e-09
0
0
-3.66283e-83
-2.34421e-81
3.5221e-09
-3.5221e-09
0
0
3.5221e-09
0
3.5221e-09
0
3.5221e-09
0
0
0
-1.39726e-88
0
0
0
0
0
0
-3.49315e-89
-2.23562e-87
0
0
-7.32566e-83
0
0
0
0
0
0
0
-6.9863e-89
-2.23562e-87
0
0
0
0
0
0
0
0
0
0
4.68842e-81
0
0
0
0
0
0
3.5221e-09
0
-3.5221e-09
-3.5221e-09
0
0
0
0
0
0
0
0
0
0
0
0
2.34421e-81
0
0
0
0
0
0
0
0
0
0
0
0
0
0
0
0
0
0
0
0
0
0
0
0
0
0
0
0
-7.68152e-77
3.5221e-09
0
3.5221e-09
-2.34421e-81
-7.50148e-80
-3.5221e-09
0
0
0
0
0
0
0
0
0
0
0
0
0
0
-9.37685e-81
0
0
0
0
0
-1.78849e-86
0
0
0
0
-8.32832e-96
0
-3.41128e-92
0
0
0
0
0
0
0
0
-2.79452e-88
3.5221e-09
0
0
0
-3.75074e-80
0
0
0
0
0
-4.68842e-81
0
0
0
-5.72317e-85
0
0
0
0
0
0
0
-3.49315e-89
0
-1.43079e-85
0
0
0
5.2052e-97
0
0
0
0
0
0
0
0
0
0
0
0
0
0
0
0
0
-2.23562e-87
-1.43079e-85
0
0
0
-5.72317e-85
0
3.5221e-09
0
3.5221e-09
-2.86159e-85
0
0
0
-3.75074e-80
0
0
0
0
0
0
0
3.5221e-09
0
0
0
2.79452e-88
0
0
0
0
0
0
0
0
0
0
0
1.76105e-09
0
-6.2927e-73
0
1.76105e-09
1.76105e-09
0
0
0
3.5221e-09
0
3.5221e-09
3.5221e-09
0
0
0
0
0
0
0
-8.24796e-68
-8.05465e-71
-9.83234e-75
0
0
0
-6.00118e-79
0
0
0
0
0
0
0
0
0
3.5221e-09
3.5221e-09
3.5221e-09
0
0
0
1.76105e-09
0
1.76105e-09
1.76105e-09
1.76105e-09
0
0
0
0
-5.03416e-72
0
0
0
0
0
0
0
0
0
0
3.5221e-09
0
0
0
3.5221e-09
0
3.5221e-09
0
0
0
0
0
0
0
0
3.5221e-09
0
0
-4.80095e-78
0
0
0
0
0
3.5221e-09
3.5221e-09
3.5221e-09
-3.5221e-09
0
0
0
1.76105e-09
0
1.76105e-09
1.76105e-09
1.76105e-09
-2.63935e-66
1.76105e-09
0
1.76105e-09
1.76105e-09
4.91617e-75
0
0
-4.02733e-71
0
-3.5221e-09
0
0
-3.5221e-09
0
0
0
-1.96647e-74
0
-1.5363e-76
0
0
3.5221e-09
0
0
0
3.5221e-09
0
0
0
0
0
0
0
0
-4.02733e-71
0
-3.5221e-09
0
3.5221e-09
3.5221e-09
1.76105e-09
1.76105e-09
1.76105e-09
0
0
1.76105e-09
0
0
0
1.76105e-09
0
-1.76105e-09
0
1.76105e-09
-2.70269e-63
0
0
3.5221e-09
3.5221e-09
-7.86587e-74
0
0
0
0
3.5221e-09
0
0
0
0
-3.22186e-70
0
3.5221e-09
3.5221e-09
3.5221e-09
-9.60189e-78
0
0
0
3.5221e-09
3.5221e-09
3.5221e-09
3.5221e-09
-3.29919e-67
3.5221e-09
0
0
0
0
0
0
-6.44372e-70
0
1.76105e-09
0
-1.76105e-09
0
-1.72972e-61
1.76105e-09
0
0
0
0
1.76105e-09
0
0
0
0
0
0
3.5221e-09
0
0
0
-3.5221e-09
3.5221e-09
-9.83234e-75
-3.5221e-09
3.5221e-09
0
3.5221e-09
3.5221e-09
0
0
0
0
3.5221e-09
3.5221e-09
3.5221e-09
0
0
0
0
0
0
3.5221e-09
3.5221e-09
0
0
0
0
0
0
1.76105e-09
1.76105e-09
1.76105e-09
0
0
0
0
-1.76105e-09
0
-3.93294e-74
0
0
0
0
0
0
3.5221e-09
0
-3.5221e-09
3.5221e-09
0
0
0
0
3.5221e-09
3.5221e-09
0
3.5221e-09
0
3.5221e-09
0
0
-1.25854e-72
3.5221e-09
3.5221e-09
0
0
3.5221e-09
-1.64959e-67
0
0
0
0
-7.68152e-77
0
0
-6.44372e-70
0
0
-1.76105e-09
0
0
-1.72972e-61
0
-1.28874e-69
-1.61093e-70
0
0
0
0
0
0
-2.01366e-71
0
0
0
0
3.5221e-09
3.5221e-09
0
0
3.5221e-09
3.5221e-09
6.59837e-67
0
3.5221e-09
0
0
0
3.5221e-09
3.5221e-09
0
3.5221e-09
3.5221e-09
-3.5221e-09
0
0
0
0
-7.86587e-74
0
0
7.68152e-77
0
0
0
0
0
0
0
0
0
0
8.80525e-10
8.80525e-10
0
0
0
-2.57749e-69
0
0
0
0
0
0
-3.5221e-09
0
3.5221e-09
0
0
0
0
0
0
3.5221e-09
-1.22904e-75
0
3.5221e-09
0
0
0
0
0
3.5221e-09
0
3.5221e-09
-3.14635e-73
0
0
0
0
0
0
0
0
8.80525e-10
0
-6.00118e-79
8.80525e-10
-3.66283e-83
0
0
0
0
0
0
0
-1.96647e-74
0
0
0
0
-1.17211e-81
0
3.5221e-09
3.5221e-09
-2.51708e-72
-3.93294e-74
0
3.5221e-09
0
0
3.5221e-09
0
3.5221e-09
3.5221e-09
0
0
3.5221e-09
-3.5221e-09
3.5221e-09
3.5221e-09
0
0
-7.32566e-83
0
0
-1.17211e-81
0
0
-7.15397e-86
0
0
0
0
0
0
0
0
0
0
0
0
-9.15708e-84
0
0
-6.14521e-76
0
0
0
0
0
0
0
0
3.5221e-09
3.5221e-09
0
0
0
-3.5221e-09
-3.14635e-73
0
3.5221e-09
-6.00118e-79
-7.50148e-80
0
0
0
-3.5221e-09
3.5221e-09
0
0
3.5221e-09
-3.75074e-80
0
-9.15708e-84
-1.43079e-85
0
0
0
0
0
0
0
0
0
0
0
0
0
-5.58904e-88
0
0
0
0
0
0
0
0
0
-1.39726e-88
0
0
-4.91617e-75
0
0
0
0
0
0
-7.68152e-77
0
3.5221e-09
3.5221e-09
0
0
0
0
0
0
0
0
0
0
0
0
0
0
0
0
0
0
0
0
-3.33133e-95
0
0
0
-3.57698e-86
0
0
0
-5.33012e-94
0
0
0
0
0
-5.58904e-88
0
0
0
0
0
0
-5.86053e-82
0
-1.57317e-73
0
3.5221e-09
0
0
-3.5221e-09
0
0
6.00118e-79
0
0
-2.28927e-84
0
0
-7.32566e-83
0
0
0
0
0
0
-8.94246e-87
-6.9863e-89
0
0
0
0
0
0
-5.58904e-88
0
0
0
0
0
-3.75074e-80
0
-9.15708e-84
-1.43079e-85
0
-3.49315e-89
0
0
-6.14521e-76
0
0
0
0
3.5221e-09
0
3.5221e-09
0
0
0
0
-9.15708e-84
-4.80095e-78
0
0
0
0
0
0
4.57854e-84
0
0
0
0
0
0
0
0
-5.33012e-94
0
0
0
0
0
3.49315e-89
0
1.76105e-09
-2.66506e-94
0
0
0
0
0
0
-2.79452e-88
0
0
0
3.5221e-09
0
0
0
0
0
0
0
0
0
0
3.5221e-09
0
-3.00059e-79
0
-3.66283e-83
0
0
0
0
0
0
0
0
0
0
0
0
0
0
0
0
0
0
)
;

boundaryField
{
    fuel
    {
        type            calculated;
        value           uniform 0;
    }
    primary_air
    {
        type            calculated;
        value           uniform 0;
    }
    Secondary_air_RHS
    {
        type            calculated;
        value           uniform 0;
    }
    Secondary_air_LHS
    {
        type            calculated;
        value           uniform 0;
    }
    outlet
    {
        type            calculated;
        value           uniform 0;
    }
    stove_body
    {
        type            calculated;
        value           uniform 0;
    }
    frontAndBack
    {
        type            empty;
    }
}


// ************************************************************************* //
