/*--------------------------------*- C++ -*----------------------------------*\
  =========                 |
  \\      /  F ield         | OpenFOAM: The Open Source CFD Toolbox
   \\    /   O peration     | Website:  https://openfoam.org
    \\  /    A nd           | Version:  6
     \\/     M anipulation  |
\*---------------------------------------------------------------------------*/
FoamFile
{
    version     2.0;
    format      ascii;
    class       volScalarField;
    location    "0.005";
    object      Qdot;
}
// * * * * * * * * * * * * * * * * * * * * * * * * * * * * * * * * * * * * * //

dimensions      [1 -1 -3 0 0 0 0];

internalField   nonuniform List<scalar> 
3773
(
0
0
0
6.62187e-06
6.62187e-06
0
0
0
1.32437e-05
-1.32437e-05
-1.32437e-05
1.32437e-05
0
1.32437e-05
0
0
0
0
0
0
0
0
0
0
0
0
0
0
0
0
0
0
0
0
0
0
1.32437e-05
1.32437e-05
1.32437e-05
0
1.32437e-05
1.32437e-05
-6.62187e-06
6.62187e-06
0
0
0
0
6.62187e-06
0
0
-2.51042e-06
0
0
0
1.65547e-06
0
0
0
0
0
-1.25521e-06
-8.27733e-07
0
0
2.51042e-06
0
0
2.51042e-06
0
0
-3.09398e-09
0
0
0
-3.09398e-09
0
0
-1.25521e-06
2.51042e-06
0
0
0
0
0
0
1.25521e-06
0
0
0
0
0
0
0
0
0
0
0
0
0
0
0
3.13803e-07
0
0
0
0
0
0
2.58667e-08
0
0
0
0
0
0
-5.17333e-08
0
0
3.09398e-09
-1.96127e-08
9.56065e-09
0
-3.09398e-09
0
-3.09398e-09
0
0
0
0
0
0
0
0
0
0
0
2.58667e-08
0
0
0
2.06933e-07
0
0
3.13803e-07
3.13803e-07
0
0
-3.92253e-08
0
3.92253e-08
3.92253e-08
0
0
6.27605e-07
0
0
0
0
0
0
-6.27605e-07
0
0
0
0
4.90316e-09
6.27605e-07
6.24511e-07
-3.09398e-09
0
0
0
0
3.09398e-09
0
0
0
0
0
3.23333e-09
-6.27605e-07
6.27605e-07
0
0
-2.45158e-09
1.61667e-09
0
0
0
2.58667e-08
0
0
3.92253e-08
0
0
0
-4.90316e-09
2.45158e-09
1.61667e-09
0
0
0
0
0
0
0
0
-4.90316e-09
6.27605e-07
6.27605e-07
0
0
7.66119e-11
0
8.08333e-10
0
0
3.09398e-09
-3.09398e-09
0
0
3.09398e-09
-3.09398e-09
0
0
5.05208e-11
0
0
0
-6.27605e-07
6.27605e-07
0
0
0
0
4.90316e-09
6.27605e-07
0
0
0
0
0
4.90316e-09
0
0
0
0
0
0
0
0
0
0
0
0
0
0
0
0
0
0
0
0
8.08333e-10
0
6.27605e-07
0
0
-3.09398e-09
0
-1.47731e-09
-3.09398e-09
0
-2.45158e-09
0
0
0
0
0
0
0
0
0
0
1.61667e-09
0
0
0
1.01042e-10
1.53224e-10
1.01042e-10
0
0
0
0
0
0
0
0
0
0
0
0
0
0
0
0
0
-3.09398e-09
0
0
0
0
0
0
0
-3.09398e-09
0
-3.09398e-09
0
3.09398e-09
0
0
0
0
-3.09398e-09
0
0
0
0
0
0
0
0
0
0
0
0
0
0
0
0
1.54699e-09
1.54699e-09
0
0
0
-1.54699e-09
1.54699e-09
-3.08688e-09
0
0
3.09398e-09
7.10628e-12
-3.08688e-09
-7.10628e-12
0
0
0
0
0
0
0
0
0
0
0
0
0
0
0
0
0
0
0
0
0
-3.08688e-09
0
7.10628e-12
3.10109e-09
0
-3.09398e-09
-7.10628e-12
0
0
0
0
0
0
0
0
1.54699e-09
-1.54699e-09
0
0
1.54699e-09
0
0
-3.09398e-09
0
-3.09398e-09
0
0
-3.09398e-09
0
0
0
0
0
0
0
0
0
0
0
0
0
0
0
0
0
0
0
0
0
0
3.09398e-09
-3.09398e-09
-3.09398e-09
-3.09398e-09
0
0
1.54699e-09
-1.54699e-09
-1.54699e-09
-1.54699e-09
1.54699e-09
0
-1.54699e-09
1.54699e-09
0
0
0
0
0
0
0
3.09398e-09
0
3.09398e-09
0
3.09398e-09
0
0
0
0
0
0
0
0
0
0
0
0
0
0
0
0
0
0
0
0
0
0
-3.09398e-09
0
0
0
0
-3.09398e-09
0
3.38854e-18
-1.54699e-09
0
8.47134e-19
0
0
-6.77708e-18
6.61824e-21
0
0
0
0
0
-1.54699e-09
0
0
3.09398e-09
3.09398e-09
0
0
-3.09398e-09
0
0
0
0
0
0
0
0
0
0
0
0
0
0
0
0
0
0
0
0
0
0
0
0
3.09398e-09
0
-3.09398e-09
0
0
0
0
0
0
-1.54699e-09
0
-1.54699e-09
0
0
0
0
0
0
0
3.38854e-18
0
-3.09398e-09
0
-3.09398e-09
0
0
0
0
0
0
0
0
0
0
0
0
0
0
0
0
4.33733e-16
0
0
8.67466e-16
0
0
0
3.09398e-09
-3.09398e-09
0
3.09398e-09
-3.09398e-09
0
-1.54699e-09
0
-1.65456e-21
0
0
0
0
6.61824e-21
5.29459e-20
0
0
0
0
0
-3.09398e-09
0
3.09398e-09
-3.09398e-09
-3.09398e-09
0
3.09398e-09
0
0
0
0
0
0
0
4.33733e-16
0
0
0
0
0
0
0
0
0
0
0
0
0
3.09398e-09
0
3.09398e-09
0
-3.09398e-09
-3.09398e-09
-3.09398e-09
0
-1.54699e-09
0
0
0
0
0
-1.54699e-09
0
0
0
0
0
-1.54699e-09
0
8.47134e-19
0
0
0
0
-3.09398e-09
-1.08433e-16
0
0
0
-2.71083e-17
0
0
0
0
0
0
0
0
0
0
1.35542e-17
0
1.35542e-17
0
0
0
0
-3.09398e-09
0
0
0
-3.09398e-09
3.09398e-09
0
-5.29459e-20
0
0
0
0
5.29459e-20
0
0
0
0
0
0
0
-3.09398e-09
-3.09398e-09
0
0
0
0
0
0
0
-8.47134e-19
8.47134e-19
0
0
0
0
0
0
0
0
0
0
0
0
0
0
0
0
0
0
0
0
0
0
0
-3.09398e-09
0
0
0
0
0
0
0
0
0
0
0
0
0
0
3.09398e-09
3.09398e-09
0
0
0
0
0
0
0
0
0
0
0
0
0
1.32365e-20
0
0
0
0
0
8.2728e-22
0
-2.6473e-20
0
0
0
0
0
0
0
0
0
0
0
0
0
0
0
0
0
0
-1.54699e-09
0
0
0
0
0
0
0
0
0
0
0
-3.09398e-09
-3.09398e-09
0
0
0
0
-1.65456e-21
0
0
0
0
0
0
0
0
0
8.2728e-22
0
0
0
1.65456e-21
0
0
0
1.65456e-21
0
0
5.1705e-23
8.2728e-22
0
0
1.00986e-25
0
0
0
0
0
5.1705e-23
0
0
0
0
0
0
0
0
0
0
0
0
0
0
1.32365e-20
0
0
0
0
0
0
0
0
0
0
0
0
0
0
0
0
0
0
0
0
0
0
0
0
0
0
0
-1.00986e-25
0
-2.01973e-25
0
0
-8.0789e-25
0
0
0
0
4.03945e-25
0
0
-3.09398e-09
0
0
0
0
0
0
0
0
0
0
0
0
0
0
0
0
0
0
0
0
4.1364e-22
0
0
0
0
0
0
3.09398e-09
-1.29262e-23
0
8.0789e-25
0
-3.09398e-09
0
0
0
-2.52466e-26
0
-8.0789e-25
-6.46312e-24
0
0
0
0
0
0
0
0
0
0
0
0
0
0
-3.09398e-09
0
0
0
0
0
2.58525e-23
0
0
6.61824e-21
0
0
0
0
0
0
0
0
0
0
0
0
0
0
0
0
1.61578e-24
0
6.46312e-24
0
0
1.26233e-26
0
0
0
0
0
0
0
0
0
0
0
0
0
0
0
0
0
3.09398e-09
0
0
0
0
0
0
0
0
0
0
0
0
0
0
0
0
0
0
0
0
0
0
0
0
0
0
0
0
0
0
0
0
0
0
0
0
-2.11784e-19
0
0
0
0
0
0
-3.09398e-09
0
0
0
-3.09398e-09
0
0
4.23567e-19
0
0
0
0
0
0
0
0
0
0
0
0
0
0
0
0
0
0
0
3.09398e-09
0
0
0
0
0
-3.09398e-09
0
0
0
0
-1.54699e-09
0
0
0
0
0
0
0
0
0
0
-3.09398e-09
0
4.23567e-19
0
-3.09398e-09
0
0
0
0
1.35542e-17
0
0
0
0
0
0
0
0
0
0
0
0
0
0
0
0
0
0
0
0
2.11784e-19
0
0
0
0
0
0
3.30912e-21
0
0
0
0
0
0
0
0
0
0
-3.09398e-09
3.09398e-09
0
0
-3.09398e-09
0
0
0
0
0
0
0
0
0
0
0
0
0
0
0
0
0
0
0
6.77708e-18
0
0
0
-3.09398e-09
0
0
2.11784e-19
0
-3.09398e-09
-3.09398e-09
0
0
0
0
0
-1.54699e-09
0
0
0
0
0
0
0
0
0
-3.09398e-09
0
0
3.09398e-09
0
0
0
0
1.35542e-17
0
0
0
0
0
0
0
0
0
0
0
0
0
0
6.77708e-18
0
0
0
0
-3.09398e-09
1.05892e-19
0
0
0
-3.09398e-09
0
0
0
0
0
0
0
0
0
0
0
0
0
0
-3.09398e-09
0
0
0
-3.09398e-09
0
3.09398e-09
0
0
0
0
0
0
0
0
0
0
0
0
0
0
0
0
0
6.77708e-18
0
0
0
3.09398e-09
0
0
0
0
0
0
0
0
0
0
0
0
0
0
0
0
0
0
0
0
0
0
0
0
0
0
-3.09398e-09
0
0
0
0
0
0
0
0
0
0
2.71083e-17
2.71083e-17
0
0
0
0
0
0
0
0
0
0
-3.09398e-09
0
0
0
3.09398e-09
-3.09398e-09
0
-1.54699e-09
0
8.2728e-22
0
0
0
0
0
0
-1.54699e-09
0
0
0
0
0
0
0
0
0
3.09398e-09
0
0
0
0
0
0
0
0
0
0
0
0
0
0
0
0
0
0
0
0
0
3.09398e-09
0
0
0
0
0
0
0
0
0
0
0
0
0
0
0
0
0
0
0
0
0
0
0
0
0
0
-3.09398e-09
0
0
0
0
0
0
0
0
0
0
0
0
0
0
0
0
0
0
0
0
0
0
0
2.01973e-25
0
0
0
0
-1.26233e-26
0
0
0
0
6.31164e-27
0
0
0
1.26233e-26
0
0
0
0
0
0
0
0
0
0
0
0
0
0
0
0
3.23156e-24
0
0
0
0
0
0
0
0
0
0
0
0
0
0
0
0
0
0
0
0
0
0
0
0
0
0
0
0
0
0
0
0
0
0
0
0
0
0
0
0
0
0
0
0
0
0
0
0
0
0
0
0
0
0
0
0
0
0
0
0
0
5.04931e-26
0
0
0
0
0
0
0
0
0
0
0
0
0
0
-5.04931e-26
0
0
0
0
0
0
0
0
0
0
2.01973e-25
0
0
0
0
0
0
0
0
0
0
0
0
0
1.26233e-26
0
0
0
0
0
0
0
0
0
0
0
3.23156e-24
0
0
0
4.03945e-25
0
0
0
0
0
0
0
0
0
0
0
0
0
0
0
0
0
0
0
0
0
0
0
0
0
0
0
0
0
0
5.1705e-23
0
0
0
0
0
0
0
-3.23156e-24
0
0
-1.00986e-25
0
0
0
0
0
0
4.03945e-25
0
0
0
1.00986e-25
0
0
0
0
0
-2.52466e-26
0
0
0
0
0
0
0
0
-3.09398e-09
0
0
0
0
0
0
0
1.00986e-25
0
0
0
0
0
0
0
0
0
0
0
0
0
0
0
0
0
0
0
0
0
0
0
0
0
0
0
1.00986e-25
0
0
0
0
0
0
0
0
0
1.26233e-26
0
0
0
0
0
0
0
0
0
0
0
0
0
0
0
0
0
0
1.26233e-26
6.31164e-27
0
0
0
0
0
0
0
0
0
0
4.03945e-25
0
0
0
0
0
0
0
-2.52466e-26
-1.54699e-09
0
2.52466e-26
0
0
0
-1.97239e-28
0
0
0
0
0
0
0
9.86194e-29
0
0
6.46312e-24
-3.09398e-09
7.88955e-28
0
3.09398e-09
0
3.15582e-27
0
0
4.03945e-25
0
0
0
3.09398e-09
3.94478e-28
0
-3.09398e-09
-3.09398e-09
-3.09398e-09
0
-1.57791e-27
0
0
0
0
0
0
0
0
0
0
0
0
0
0
0
0
0
0
0
0
0
0
3.94478e-28
0
0
0
0
0
0
-7.88955e-28
3.09398e-09
-3.09398e-09
0
-3.09398e-09
3.09398e-09
3.23156e-24
0
0
0
0
0
0
0
3.09398e-09
3.09398e-09
0
0
-3.09398e-09
0
0
0
-3.09398e-09
0
0
0
0
0
9.86194e-29
0
0
0
0
0
0
0
0
0
0
0
0
0
0
-3.15582e-27
0
0
0
0
0
3.09398e-09
0
3.09398e-09
0
-3.09398e-09
0
0
0
0
0
0
0
0
0
-3.09398e-09
0
-3.09398e-09
-3.09398e-09
0
3.09398e-09
9.86194e-29
0
0
0
0
0
0
0
0
0
0
7.88955e-28
0
0
0
3.15582e-27
0
0
0
0
0
0
0
0
0
0
0
0
0
3.09398e-09
0
0
0
-3.09398e-09
3.09398e-09
0
0
0
0
0
0
0
-3.09398e-09
0
0
0
-3.09398e-09
3.09398e-09
3.09398e-09
0
0
0
0
0
0
0
0
3.15582e-27
0
0
0
0
0
0
0
0
0
0
0
0
0
0
0
0
0
0
0
0
-3.23156e-24
3.09398e-09
-3.09398e-09
2.01973e-25
0
-3.09398e-09
0
0
0
0
0
0
0
0
0
-3.09398e-09
0
6.31164e-27
3.09398e-09
3.09398e-09
0
0
0
0
0
0
0
-2.52466e-26
0
0
0
0
-1.54699e-09
0
5.04931e-26
0
0
0
0
0
0
0
1.61578e-24
-3.09398e-09
-8.0789e-25
0
0
0
0
0
0
0
3.09398e-09
-3.09398e-09
3.09398e-09
0
0
0
0
0
0
0
0
0
0
0
0
0
0
0
0
0
0
0
0
0
0
0
0
0
0
0
0
-1.26233e-26
0
-2.52466e-26
0
0
0
0
0
0
0
0
0
0
0
0
0
0
0
0
-3.09398e-09
0
0
0
0
0
0
0
0
2.52466e-26
0
0
0
0
0
0
0
2.52466e-26
0
0
0
0
0
0
0
0
0
0
0
0
0
1.54699e-09
0
-4.93097e-29
4.93097e-29
0
0
0
0
0
0
9.86194e-29
9.86194e-29
0
-3.09398e-09
0
0
3.09398e-09
-3.09398e-09
0
-3.09398e-09
0
-3.23156e-24
0
0
0
0
0
-3.09398e-09
0
-3.09398e-09
0
3.09398e-09
0
0
0
0
0
0
0
0
0
-1.54699e-09
0
0
0
0
0
0
-1.54699e-09
0
0
0
0
0
0
0
0
0
0
0
0
0
0
-3.09398e-09
-3.09398e-09
-6.31164e-27
0
0
0
6.46312e-24
0
0
0
0
-1.0341e-22
2.0682e-22
-3.09398e-09
0
0
-2.52466e-26
-3.09398e-09
3.09398e-09
0
0
0
0
0
0
0
0
0
0
0
0
0
0
7.88955e-28
0
7.88955e-28
-1.57791e-27
0
1.57791e-27
0
0
0
0
0
0
0
0
0
3.09398e-09
0
0
0
-3.09398e-09
3.09398e-09
0
-1.29262e-23
0
0
0
0
0
0
3.09398e-09
0
-3.09398e-09
0
3.09398e-09
3.09398e-09
0
0
0
0
0
0
0
0
0
0
0
0
0
0
0
0
0
0
0
0
0
-6.31164e-27
0
0
0
0
0
0
0
-6.31164e-27
-3.09398e-09
-3.09398e-09
-3.09398e-09
0
0
0
0
2.58525e-23
0
0
0
0
0
0
0
-3.09398e-09
0
0
3.09398e-09
0
0
0
0
0
0
0
0
0
0
0
0
0
0
0
-1.54699e-09
0
0
0
0
0
0
-1.26233e-26
0
0
0
0
0
0
0
0
0
3.09398e-09
0
0
0
0
0
0
0
0
0
0
-3.09398e-09
0
3.09398e-09
0
-3.09398e-09
-3.09398e-09
0
0
0
0
-4.03945e-25
0
0
0
6.31164e-27
0
-2.52466e-26
0
0
0
0
0
0
0
1.26233e-26
0
0
0
0
0
0
0
0
0
0
0
0
0
0
0
0
0
1.29262e-23
0
1.29262e-23
0
0
0
0
0
3.09398e-09
0
0
0
1.29262e-23
0
0
0
0
0
0
0
0
-1.26233e-26
0
5.04931e-26
0
1.00986e-25
0
0
0
0
0
0
0
0
0
0
0
0
0
0
0
0
-3.09398e-09
0
0
0
8.0789e-25
0
0
0
0
0
0
0
0
0
0
0
3.09398e-09
0
0
0
0
4.03945e-25
0
8.0789e-25
0
0
0
0
0
0
0
0
0
0
0
0
3.76203e-34
0
0
0
0
-1.92616e-31
3.85232e-31
0
-3.09398e-09
-3.09398e-09
0
0
0
0
0
3.09398e-09
3.09398e-09
0
-2.52466e-26
0
0
0
-3.09398e-09
0
3.09398e-09
1.61578e-24
0
3.09398e-09
0
0
0
0
0
3.09398e-09
3.85232e-31
0
0
0
0
0
0
0
0
0
0
0
0
0
0
0
1.20385e-32
9.6308e-32
0
0
0
-3.09398e-09
0
0
-6.16371e-30
2.46549e-29
3.09398e-09
-1.97239e-28
5.04931e-26
3.09398e-09
0
-3.09398e-09
-3.09398e-09
0
-3.09398e-09
4.03945e-25
0
0
0
0
0
0
3.09398e-09
3.09398e-09
-2.01973e-25
0
-3.09398e-09
0
0
3.85232e-31
-3.09398e-09
0
-9.86194e-29
3.94478e-28
0
0
0
0
0
0
-1.54699e-09
-1.54699e-09
0
0
7.52407e-34
0
0
-1.54699e-09
0
0
-3.09398e-09
0
3.09398e-09
0
0
0
1.57791e-27
0
0
0
0
-3.09398e-09
2.52466e-26
0
0
0
-3.09398e-09
0
-6.46312e-24
0
0
-3.09398e-09
-3.09398e-09
3.09398e-09
0
0
0
1.00986e-25
0
1.54093e-30
0
0
0
0
0
0
0
1.54699e-09
1.54699e-09
-1.54699e-09
-1.54699e-09
0
0
0
0
1.54699e-09
1.54699e-09
1.54699e-09
0
0
0
0
0
0
1.57791e-27
0
0
0
3.09398e-09
0
3.09398e-09
0
0
0
-3.09398e-09
-3.09398e-09
0
-3.09398e-09
0
0
3.09398e-09
0
0
-3.09398e-09
-2.01973e-25
-3.09398e-09
0
-3.09398e-09
-3.09398e-09
0
0
0
0
0
-1.54699e-09
1.54699e-09
0
1.54699e-09
0
0
0
1.54699e-09
0
-1.54699e-09
-1.54699e-09
1.54699e-09
1.54699e-09
1.54699e-09
3.09398e-09
-3.09398e-09
0
0
0
0
0
0
0
-3.09398e-09
-3.09398e-09
0
3.09398e-09
-3.09398e-09
8.0789e-25
0
-3.09398e-09
0
-3.09398e-09
0
0
0
-3.09398e-09
-3.09398e-09
-3.09398e-09
0
0
-5.04931e-26
0
0
0
0
0
0
0
0
-1.54699e-09
0
1.54699e-09
0
0
0
0
0
0
-1.54699e-09
0
-1.54699e-09
0
-3.09398e-09
-3.09398e-09
0
0
0
0
0
0
0
-3.09398e-09
0
0
0
0
3.09398e-09
0
3.09398e-09
0
0
0
0
-3.09398e-09
3.09398e-09
0
-3.09398e-09
-3.09398e-09
0
0
0
0
0
0
0
0
0
-1.54699e-09
-1.54699e-09
-1.54699e-09
0
0
-7.88955e-28
0
0
1.54699e-09
-1.54699e-09
0
0
6.16371e-30
0
0
7.70464e-31
0
0
0
0
-3.09398e-09
-1.00986e-25
-3.09398e-09
0
0
0
-3.09398e-09
3.09398e-09
-3.09398e-09
0
-3.09398e-09
0
-3.09398e-09
-3.09398e-09
0
0
-3.09398e-09
0
0
0
0
-1.61578e-24
7.70464e-31
0
0
0
0
2.01973e-25
0
-1.54699e-09
-1.54699e-09
0
0
0
0
0
0
0
0
0
0
3.08186e-30
0
0
3.85232e-31
0
0
0
-3.09398e-09
0
0
0
0
-3.09398e-09
-3.09398e-09
0
1.00986e-25
-3.09398e-09
-3.09398e-09
0
-3.09398e-09
-3.09398e-09
0
-3.09398e-09
-3.09398e-09
3.09398e-09
1.00986e-25
-3.09398e-09
0
0
0
-3.09398e-09
0
0
3.94478e-28
3.15582e-27
0
0
0
0
0
0
0
0
0
0
0
0
0
0
0
0
0
0
0
0
0
0
0
0
0
0
0
0
2.52466e-26
0
-3.09398e-09
3.09398e-09
0
-3.09398e-09
0
-3.09398e-09
0
0
0
0
0
-5.04931e-26
0
0
0
1.92616e-31
1.92616e-31
0
0
0
7.70464e-31
0
0
0
1.50481e-33
0
0
0
0
0
0
0
0
-9.40508e-35
0
0
4.8154e-32
0
0
0
0
0
0
0
0
0
0
0
0
0
0
0
0
0
0
0
0
0
0
0
0
0
0
0
0
0
0
0
0
0
0
0
0
0
0
0
0
1.46954e-36
0
0
0
0
0
0
0
0
0
0
0
0
0
0
0
0
0
0
0
0
0
0
0
0
-1.00986e-25
0
0
1.26233e-26
0
6.31164e-27
0
0
0
0
0
0
0
0
0
0
9.6308e-32
0
0
0
0
0
0
0
0
0
1.46954e-36
0
0
0
0
0
0
0
0
0
0
0
0
3.15582e-27
0
0
0
0
-3.15582e-27
0
0
-1.00986e-25
0
0
0
0
0
0
0
0
3.15582e-27
6.31164e-27
0
0
0
0
0
0
0
0
0
0
3.67386e-37
0
0
0
9.40508e-35
0
2.29616e-38
0
0
0
0
0
0
0
0
0
0
0
0
0
0
-7.88955e-28
0
0
0
1.57791e-27
5.04931e-26
0
0
0
0
0
0
0
0
0
0
0
-1.57791e-27
0
0
0
-6.01925e-33
0
0
0
0
0
0
0
0
0
0
0
0
0
0
0
0
0
0
0
0
0
0
0
0
0
0
0
0
0
0
0
7.88955e-28
2.52466e-26
0
0
0
0
0
0
1.57791e-27
0
0
0
0
0
0
6.01925e-33
0
0
0
0
0
0
0
0
0
0
5.74041e-39
0
0
-1.54699e-09
0
0
0
0
0
0
0
0
0
0
0
3.09398e-09
-4.8154e-32
3.09398e-09
-3.09398e-09
0
0
0
0
0
-3.09398e-09
3.09398e-09
-3.09398e-09
-3.09398e-09
0
0
0
0
0
3.15582e-27
0
0
0
3.09398e-09
0
-3.09398e-09
3.09398e-09
0
0
0
-3.09398e-09
1.54699e-09
0
0
0
3.76203e-34
0
0
0
0
-1.54699e-09
0
0
0
0
0
-1.97239e-28
-4.93097e-29
3.09398e-09
-3.09398e-09
0
-3.09398e-09
0
-3.09398e-09
0
0
0
0
0
-3.09398e-09
0
0
0
0
0
0
-3.09398e-09
0
-3.09398e-09
-3.09398e-09
-3.09398e-09
6.31164e-27
-3.09398e-09
0
0
-3.09398e-09
3.09398e-09
0
0
0
-1.54699e-09
0
0
0
0
0
0
0
0
0
0
0
0
0
0
0
0
0
0
0
-3.09398e-09
6.31164e-27
0
0
-3.09398e-09
3.09398e-09
0
3.09398e-09
0
-3.09398e-09
-3.09398e-09
1.00986e-25
0
0
0
-3.09398e-09
-3.09398e-09
0
0
3.09398e-09
0
-3.09398e-09
0
0
0
0
3.09398e-09
0
-3.09398e-09
0
-1.54699e-09
-1.54699e-09
-1.54699e-09
0
0
0
0
0
-1.54699e-09
1.54699e-09
0
-1.54699e-09
0
2.52466e-26
0
0
0
0
0
-3.09398e-09
-3.09398e-09
0
0
0
0
3.09398e-09
0
0
3.09398e-09
0
-3.09398e-09
3.09398e-09
-3.09398e-09
0
3.09398e-09
-3.09398e-09
3.09398e-09
6.31164e-27
-3.09398e-09
0
0
0
-3.09398e-09
0
0
3.09398e-09
0
0
0
7.70464e-31
-1.54699e-09
0
-1.54699e-09
1.88102e-34
0
0
0
0
1.54699e-09
-1.54699e-09
-1.54699e-09
0
0
0
0
0
0
0
0
0
-3.09398e-09
-3.09398e-09
0
0
3.09398e-09
3.09398e-09
0
0
0
0
-3.09398e-09
0
0
0
-3.09398e-09
-3.09398e-09
3.09398e-09
0
0
0
0
0
0
0
0
-3.09398e-09
0
0
0
0
0
0
0
0
0
0
0
0
0
1.50481e-33
-1.54699e-09
0
0
0
0
0
0
0
0
0
0
-3.09398e-09
0
-3.09398e-09
0
0
0
0
0
0
-3.09398e-09
3.09398e-09
0
0
0
-3.09398e-09
0
0
0
0
0
0
0
0
0
-3.09398e-09
0
0
0
1.54699e-09
0
-1.54699e-09
-1.54699e-09
0
0
0
0
0
0
-1.54699e-09
2.01973e-25
0
2.52466e-26
0
0
0
0
0
-3.09398e-09
0
3.09398e-09
0
-3.09398e-09
-3.09398e-09
0
-3.09398e-09
0
-3.09398e-09
0
0
-3.09398e-09
3.09398e-09
0
0
-3.09398e-09
-3.09398e-09
-3.09398e-09
3.09398e-09
0
0
0
0
0
0
0
0
0
-1.54699e-09
0
0
0
0
0
0
-2.4077e-32
0
3.00963e-33
0
0
0
0
0
0
0
0
0
0
2.01973e-25
-3.09398e-09
0
-3.09398e-09
-3.09398e-09
0
-3.09398e-09
0
0
0
0
3.09398e-09
3.09398e-09
0
-3.09398e-09
0
0
-3.09398e-09
0
0
0
0
0
0
0
0
0
0
0
0
0
0
0
0
0
0
0
-3.76203e-34
0
0
0
0
0
0
0
0
0
0
0
0
0
0
-3.15582e-27
0
0
0
5.04931e-26
0
0
0
0
0
0
0
0
0
1.57791e-27
0
0
0
0
0
0
0
0
0
0
0
0
0
0
0
0
0
-2.35127e-35
0
0
0
0
0
0
0
4.8154e-32
0
0
0
0
5.04931e-26
0
0
0
0
0
0
-3.09398e-09
0
0
0
0
0
0
0
1.97239e-28
0
0
0
0
0
0
0
0
0
0
0
0
0
3.67386e-37
0
0
0
0
0
0
0
0
0
0
0
0
0
0
0
0
0
0
0
0
0
0
0
0
0
0
0
0
-3.09398e-09
0
0
0
0
0
0
0
0
0
0
0
0
0
0
0
0
0
-3.00963e-33
0
0
0
0
1.83693e-37
0
0
0
0
0
0
0
0
0
0
0
0
0
0
0
0
0
0
0
0
0
0
3.94478e-28
0
0
0
6.31164e-27
0
0
0
0
0
0
0
0
0
0
0
0
0
0
0
0
0
0
0
-3.67386e-37
0
0
0
0
0
0
0
0
0
0
0
0
0
0
0
0
0
0
-3.15582e-27
0
0
0
9.86194e-29
0
0
0
-3.15582e-27
0
0
0
0
0
0
0
0
0
-4.93097e-29
0
0
0
0
0
0
0
0
0
0
0
0
0
0
-1.4351e-39
0
0
0
0
0
0
0
0
6.01925e-33
0
0
0
0
0
0
0
0
0
0
0
0
0
0
0
0
1.57791e-27
0
0
1.57791e-27
0
0
0
0
0
0
0
0
0
0
0
0
0
0
0
0
0
0
0
0
0
)
;

boundaryField
{
    fuel
    {
        type            calculated;
        value           uniform 0;
    }
    primary_air
    {
        type            calculated;
        value           uniform 0;
    }
    Secondary_air_RHS
    {
        type            calculated;
        value           uniform 0;
    }
    Secondary_air_LHS
    {
        type            calculated;
        value           uniform 0;
    }
    outlet
    {
        type            calculated;
        value           uniform 0;
    }
    stove_body
    {
        type            calculated;
        value           uniform 0;
    }
    frontAndBack
    {
        type            empty;
    }
}


// ************************************************************************* //
