/*--------------------------------*- C++ -*----------------------------------*\
  =========                 |
  \\      /  F ield         | OpenFOAM: The Open Source CFD Toolbox
   \\    /   O peration     | Website:  https://openfoam.org
    \\  /    A nd           | Version:  6
     \\/     M anipulation  |
\*---------------------------------------------------------------------------*/
FoamFile
{
    version     2.0;
    format      ascii;
    class       faceList;
    location    "constant/polyMesh";
    object      faces;
}
// * * * * * * * * * * * * * * * * * * * * * * * * * * * * * * * * * * * * * //


1107
(
4(1 5 21 17)
4(4 20 21 5)
4(16 17 21 20)
4(2 6 22 18)
4(5 21 22 6)
4(17 18 22 21)
4(6 22 23 7)
4(18 19 23 22)
4(5 9 25 21)
4(8 24 25 9)
4(20 21 25 24)
4(6 10 26 22)
4(9 25 26 10)
4(21 22 26 25)
4(10 26 27 11)
4(22 23 27 26)
4(9 13 29 25)
4(24 25 29 28)
4(10 14 30 26)
4(25 26 30 29)
4(26 27 31 30)
4(17 21 37 33)
4(20 36 37 21)
4(32 33 37 36)
4(18 22 38 34)
4(21 37 38 22)
4(33 34 38 37)
4(22 38 39 23)
4(34 35 39 38)
4(21 25 41 37)
4(24 40 41 25)
4(36 37 41 40)
4(22 26 42 38)
4(25 41 42 26)
4(37 38 42 41)
4(26 42 43 27)
4(38 39 43 42)
4(25 29 45 41)
4(40 41 45 44)
4(26 30 46 42)
4(41 42 46 45)
4(42 43 47 46)
4(33 37 53 49)
4(36 52 53 37)
4(34 38 54 50)
4(37 53 54 38)
4(38 54 55 39)
4(37 41 57 53)
4(40 56 57 41)
4(38 42 58 54)
4(41 57 58 42)
4(42 58 59 43)
4(41 45 61 57)
4(42 46 62 58)
4(65 69 85 81)
4(68 84 85 69)
4(80 81 85 84)
4(66 70 86 82)
4(69 85 86 70)
4(81 82 86 85)
4(70 86 87 71)
4(82 83 87 86)
4(69 73 89 85)
4(72 88 89 73)
4(84 85 89 88)
4(70 74 90 86)
4(73 89 90 74)
4(85 86 90 89)
4(74 90 91 75)
4(86 87 91 90)
4(73 77 93 89)
4(88 89 93 92)
4(74 78 94 90)
4(89 90 94 93)
4(90 91 95 94)
4(81 85 101 97)
4(84 100 101 85)
4(96 97 101 100)
4(82 86 102 98)
4(85 101 102 86)
4(97 98 102 101)
4(86 102 103 87)
4(98 99 103 102)
4(85 89 105 101)
4(88 104 105 89)
4(100 101 105 104)
4(86 90 106 102)
4(89 105 106 90)
4(101 102 106 105)
4(90 106 107 91)
4(102 103 107 106)
4(89 93 109 105)
4(104 105 109 108)
4(90 94 110 106)
4(105 106 110 109)
4(106 107 111 110)
4(97 101 117 113)
4(100 116 117 101)
4(112 113 117 116)
4(98 102 118 114)
4(101 117 118 102)
4(113 114 118 117)
4(102 118 119 103)
4(114 115 119 118)
4(101 105 121 117)
4(104 120 121 105)
4(116 117 121 120)
4(102 106 122 118)
4(105 121 122 106)
4(117 118 122 121)
4(106 122 123 107)
4(118 119 123 122)
4(105 109 125 121)
4(120 121 125 124)
4(106 110 126 122)
4(121 122 126 125)
4(122 123 127 126)
4(129 133 149 145)
4(132 148 149 133)
4(144 145 149 148)
4(128 132 133 129)
4(130 134 150 146)
4(133 149 150 134)
4(145 146 150 149)
4(129 133 134 130)
4(134 150 151 135)
4(146 147 151 150)
4(130 134 135 131)
4(133 137 153 149)
4(136 152 153 137)
4(148 149 153 152)
4(132 136 137 133)
4(134 138 154 150)
4(137 153 154 138)
4(149 150 154 153)
4(133 137 138 134)
4(138 154 155 139)
4(150 151 155 154)
4(134 138 139 135)
4(137 141 157 153)
4(152 153 157 156)
4(136 140 141 137)
4(138 142 158 154)
4(153 154 158 157)
4(137 141 142 138)
4(154 155 159 158)
4(138 142 143 139)
4(145 149 165 161)
4(148 164 165 149)
4(160 161 165 164)
4(146 150 166 162)
4(149 165 166 150)
4(161 162 166 165)
4(150 166 167 151)
4(162 163 167 166)
4(149 153 169 165)
4(152 168 169 153)
4(164 165 169 168)
4(150 154 170 166)
4(153 169 170 154)
4(165 166 170 169)
4(154 170 171 155)
4(166 167 171 170)
4(153 157 173 169)
4(168 169 173 172)
4(154 158 174 170)
4(169 170 174 173)
4(170 171 175 174)
4(161 165 181 177)
4(164 180 181 165)
4(176 177 181 180)
4(162 166 182 178)
4(165 181 182 166)
4(177 178 182 181)
4(166 182 183 167)
4(178 179 183 182)
4(165 169 185 181)
4(168 184 185 169)
4(180 181 185 184)
4(166 170 186 182)
4(169 185 186 170)
4(181 182 186 185)
4(170 186 187 171)
4(182 183 187 186)
4(169 173 189 185)
4(184 185 189 188)
4(170 174 190 186)
4(185 186 190 189)
4(186 187 191 190)
4(113 117 197 193)
4(116 196 197 117)
4(192 193 197 196)
4(114 118 198 194)
4(117 197 198 118)
4(193 194 198 197)
4(118 198 199 119)
4(194 195 199 198)
4(117 121 201 197)
4(120 200 201 121)
4(196 197 201 200)
4(118 122 202 198)
4(121 201 202 122)
4(197 198 202 201)
4(122 202 203 123)
4(198 199 203 202)
4(121 125 205 201)
4(200 201 205 204)
4(122 126 206 202)
4(201 202 206 205)
4(202 203 207 206)
4(193 197 213 209)
4(196 212 213 197)
4(208 209 213 212)
4(194 198 214 210)
4(197 213 214 198)
4(209 210 214 213)
4(198 214 215 199)
4(210 211 215 214)
4(197 201 217 213)
4(200 216 217 201)
4(212 213 217 216)
4(198 202 218 214)
4(201 217 218 202)
4(213 214 218 217)
4(202 218 219 203)
4(214 215 219 218)
4(201 205 221 217)
4(216 217 221 220)
4(202 206 222 218)
4(217 218 222 221)
4(218 219 223 222)
4(209 213 133 129)
4(212 132 133 213)
4(210 214 134 130)
4(213 133 134 214)
4(214 134 135 215)
4(213 217 137 133)
4(216 136 137 217)
4(214 218 138 134)
4(217 137 138 218)
4(218 138 139 219)
4(217 221 141 137)
4(218 222 142 138)
4(177 181 229 225)
4(180 228 229 181)
4(224 225 229 228)
4(176 224 228 180)
4(178 182 230 226)
4(181 229 230 182)
4(225 226 230 229)
4(182 230 231 183)
4(226 227 231 230)
4(179 183 231 227)
4(181 185 233 229)
4(184 232 233 185)
4(228 229 233 232)
4(180 228 232 184)
4(182 186 234 230)
4(185 233 234 186)
4(229 230 234 233)
4(186 234 235 187)
4(230 231 235 234)
4(183 187 235 231)
4(185 189 237 233)
4(232 233 237 236)
4(184 232 236 188)
4(186 190 238 234)
4(233 234 238 237)
4(234 235 239 238)
4(187 191 239 235)
4(225 229 245 241)
4(228 244 245 229)
4(240 241 245 244)
4(224 240 244 228)
4(226 230 246 242)
4(229 245 246 230)
4(241 242 246 245)
4(230 246 247 231)
4(242 243 247 246)
4(227 231 247 243)
4(229 233 249 245)
4(232 248 249 233)
4(244 245 249 248)
4(228 244 248 232)
4(230 234 250 246)
4(233 249 250 234)
4(245 246 250 249)
4(234 250 251 235)
4(246 247 251 250)
4(231 235 251 247)
4(233 237 253 249)
4(248 249 253 252)
4(232 248 252 236)
4(234 238 254 250)
4(249 250 254 253)
4(250 251 255 254)
4(235 239 255 251)
4(241 245 261 257)
4(244 260 261 245)
4(240 256 260 244)
4(242 246 262 258)
4(245 261 262 246)
4(246 262 263 247)
4(243 247 263 259)
4(245 249 265 261)
4(248 264 265 249)
4(244 260 264 248)
4(246 250 266 262)
4(249 265 266 250)
4(250 266 267 251)
4(247 251 267 263)
4(249 253 269 265)
4(248 264 268 252)
4(250 254 270 266)
4(251 255 271 267)
4(272 275 287 284)
4(183 231 287 275)
4(227 284 287 231)
4(273 276 288 285)
4(275 287 288 276)
4(284 285 288 287)
4(276 288 289 277)
4(285 286 289 288)
4(274 277 289 286)
4(275 278 290 287)
4(187 235 290 278)
4(231 287 290 235)
4(276 279 291 288)
4(278 290 291 279)
4(287 288 291 290)
4(279 291 292 280)
4(288 289 292 291)
4(277 280 292 289)
4(278 281 293 290)
4(235 290 293 239)
4(279 282 294 291)
4(290 291 294 293)
4(291 292 295 294)
4(280 283 295 292)
4(284 287 299 296)
4(231 247 299 287)
4(243 296 299 247)
4(285 288 300 297)
4(287 299 300 288)
4(296 297 300 299)
4(288 300 301 289)
4(297 298 301 300)
4(286 289 301 298)
4(287 290 302 299)
4(235 251 302 290)
4(247 299 302 251)
4(288 291 303 300)
4(290 302 303 291)
4(299 300 303 302)
4(291 303 304 292)
4(300 301 304 303)
4(289 292 304 301)
4(290 293 305 302)
4(251 302 305 255)
4(291 294 306 303)
4(302 303 306 305)
4(303 304 307 306)
4(292 295 307 304)
4(296 299 311 308)
4(247 263 311 299)
4(297 300 312 309)
4(299 311 312 300)
4(300 312 313 301)
4(298 301 313 310)
4(299 302 314 311)
4(251 267 314 302)
4(300 303 315 312)
4(302 314 315 303)
4(303 315 316 304)
4(301 304 316 313)
4(302 305 317 314)
4(303 306 318 315)
4(304 307 319 316)
4(321 324 336 333)
4(323 335 336 324)
4(332 333 336 335)
4(320 332 335 323)
4(322 325 337 334)
4(324 336 337 325)
4(333 334 337 336)
4(325 337 228 180)
4(334 224 228 337)
4(324 327 339 336)
4(326 338 339 327)
4(335 336 339 338)
4(323 335 338 326)
4(325 328 340 337)
4(327 339 340 328)
4(336 337 340 339)
4(328 340 232 184)
4(337 228 232 340)
4(327 330 342 339)
4(338 339 342 341)
4(326 338 341 329)
4(328 331 343 340)
4(339 340 343 342)
4(340 232 236 343)
4(333 336 348 345)
4(335 347 348 336)
4(344 345 348 347)
4(332 344 347 335)
4(334 337 349 346)
4(336 348 349 337)
4(345 346 349 348)
4(337 349 244 228)
4(346 240 244 349)
4(336 339 351 348)
4(338 350 351 339)
4(347 348 351 350)
4(335 347 350 338)
4(337 340 352 349)
4(339 351 352 340)
4(348 349 352 351)
4(340 352 248 232)
4(349 244 248 352)
4(339 342 354 351)
4(350 351 354 353)
4(338 350 353 341)
4(340 343 355 352)
4(351 352 355 354)
4(352 248 252 355)
4(345 348 360 357)
4(347 359 360 348)
4(344 356 359 347)
4(346 349 361 358)
4(348 360 361 349)
4(349 361 260 244)
4(348 351 363 360)
4(350 362 363 351)
4(347 359 362 350)
4(349 352 364 361)
4(351 363 364 352)
4(352 364 264 248)
4(351 354 366 363)
4(350 362 365 353)
4(352 355 367 364)
4(369 372 384 381)
4(371 383 384 372)
4(380 381 384 383)
4(370 373 385 382)
4(372 384 385 373)
4(381 382 385 384)
4(373 385 335 323)
4(382 332 335 385)
4(372 375 387 384)
4(374 386 387 375)
4(383 384 387 386)
4(373 376 388 385)
4(375 387 388 376)
4(384 385 388 387)
4(376 388 338 326)
4(385 335 338 388)
4(375 378 390 387)
4(386 387 390 389)
4(376 379 391 388)
4(387 388 391 390)
4(388 338 341 391)
4(381 384 396 393)
4(383 395 396 384)
4(392 393 396 395)
4(382 385 397 394)
4(384 396 397 385)
4(393 394 397 396)
4(385 397 347 335)
4(394 344 347 397)
4(384 387 399 396)
4(386 398 399 387)
4(395 396 399 398)
4(385 388 400 397)
4(387 399 400 388)
4(396 397 400 399)
4(388 400 350 338)
4(397 347 350 400)
4(387 390 402 399)
4(398 399 402 401)
4(388 391 403 400)
4(399 400 403 402)
4(400 350 353 403)
4(393 396 408 405)
4(395 407 408 396)
4(404 405 408 407)
4(394 397 409 406)
4(396 408 409 397)
4(405 406 409 408)
4(397 409 359 347)
4(406 356 359 409)
4(396 399 411 408)
4(398 410 411 399)
4(407 408 411 410)
4(397 400 412 409)
4(399 411 412 400)
4(408 409 412 411)
4(400 412 362 350)
4(409 359 362 412)
4(399 402 414 411)
4(410 411 414 413)
4(400 403 415 412)
4(411 412 415 414)
4(412 362 365 415)
4(405 408 421 417)
4(407 420 421 408)
4(416 417 421 420)
4(406 409 422 418)
4(408 421 422 409)
4(417 418 422 421)
4(409 422 423 359)
4(418 419 423 422)
4(408 411 425 421)
4(410 424 425 411)
4(420 421 425 424)
4(409 412 426 422)
4(411 425 426 412)
4(421 422 426 425)
4(412 426 427 362)
4(422 423 427 426)
4(411 414 429 425)
4(424 425 429 428)
4(412 415 430 426)
4(425 426 430 429)
4(426 427 431 430)
4(417 421 437 433)
4(420 436 437 421)
4(432 433 437 436)
4(418 422 438 434)
4(421 437 438 422)
4(433 434 438 437)
4(422 438 439 423)
4(434 435 439 438)
4(421 425 441 437)
4(424 440 441 425)
4(436 437 441 440)
4(422 426 442 438)
4(425 441 442 426)
4(437 438 442 441)
4(426 442 443 427)
4(438 439 443 442)
4(425 429 445 441)
4(440 441 445 444)
4(426 430 446 442)
4(441 442 446 445)
4(442 443 447 446)
4(433 437 453 449)
4(436 452 453 437)
4(434 438 454 450)
4(437 453 454 438)
4(438 454 455 439)
4(437 441 457 453)
4(440 456 457 441)
4(438 442 458 454)
4(441 457 458 442)
4(442 458 459 443)
4(441 445 461 457)
4(442 446 462 458)
4(464 467 479 476)
4(277 289 479 467)
4(286 476 479 289)
4(465 468 480 477)
4(467 479 480 468)
4(476 477 480 479)
4(468 480 481 469)
4(477 478 481 480)
4(467 470 482 479)
4(280 292 482 470)
4(289 479 482 292)
4(468 471 483 480)
4(470 482 483 471)
4(479 480 483 482)
4(471 483 484 472)
4(480 481 484 483)
4(470 473 485 482)
4(292 482 485 295)
4(471 474 486 483)
4(482 483 486 485)
4(483 484 487 486)
4(476 479 491 488)
4(289 301 491 479)
4(298 488 491 301)
4(477 480 492 489)
4(479 491 492 480)
4(488 489 492 491)
4(480 492 493 481)
4(489 490 493 492)
4(479 482 494 491)
4(292 304 494 482)
4(301 491 494 304)
4(480 483 495 492)
4(482 494 495 483)
4(491 492 495 494)
4(483 495 496 484)
4(492 493 496 495)
4(482 485 497 494)
4(304 494 497 307)
4(483 486 498 495)
4(494 495 498 497)
4(495 496 499 498)
4(488 491 503 500)
4(301 313 503 491)
4(310 500 503 313)
4(489 492 504 501)
4(491 503 504 492)
4(500 501 504 503)
4(492 504 505 493)
4(501 502 505 504)
4(491 494 506 503)
4(304 316 506 494)
4(313 503 506 316)
4(492 495 507 504)
4(494 506 507 495)
4(503 504 507 506)
4(495 507 508 496)
4(504 505 508 507)
4(494 497 509 506)
4(316 506 509 319)
4(495 498 510 507)
4(506 507 510 509)
4(507 508 511 510)
4(500 503 517 513)
4(313 516 517 503)
4(512 513 517 516)
4(501 504 518 514)
4(503 517 518 504)
4(513 514 518 517)
4(504 518 519 505)
4(514 515 519 518)
4(503 506 521 517)
4(316 520 521 506)
4(516 517 521 520)
4(504 507 522 518)
4(506 521 522 507)
4(517 518 522 521)
4(507 522 523 508)
4(518 519 523 522)
4(506 509 525 521)
4(520 521 525 524)
4(507 510 526 522)
4(521 522 526 525)
4(522 523 527 526)
4(513 517 533 529)
4(516 532 533 517)
4(528 529 533 532)
4(514 518 534 530)
4(517 533 534 518)
4(529 530 534 533)
4(518 534 535 519)
4(530 531 535 534)
4(517 521 537 533)
4(520 536 537 521)
4(532 533 537 536)
4(518 522 538 534)
4(521 537 538 522)
4(533 534 538 537)
4(522 538 539 523)
4(534 535 539 538)
4(521 525 541 537)
4(536 537 541 540)
4(522 526 542 538)
4(537 538 542 541)
4(538 539 543 542)
4(529 533 549 545)
4(532 548 549 533)
4(530 534 550 546)
4(533 549 550 534)
4(534 550 551 535)
4(533 537 553 549)
4(536 552 553 537)
4(534 538 554 550)
4(537 553 554 538)
4(538 554 555 539)
4(537 541 557 553)
4(538 542 558 554)
4(48 49 53 52)
4(52 53 57 56)
4(56 57 61 60)
4(49 50 54 53)
4(53 54 58 57)
4(57 58 62 61)
4(50 51 55 54)
4(54 55 59 58)
4(58 59 63 62)
4(0 4 5 1)
4(4 8 9 5)
4(8 12 13 9)
4(1 5 6 2)
4(5 9 10 6)
4(9 13 14 10)
4(2 6 7 3)
4(6 10 11 7)
4(10 14 15 11)
4(0 16 20 4)
4(4 20 24 8)
4(8 24 28 12)
4(16 32 36 20)
4(20 36 40 24)
4(24 40 44 28)
4(32 48 52 36)
4(36 52 56 40)
4(40 56 60 44)
4(3 7 23 19)
4(7 11 27 23)
4(11 15 31 27)
4(19 23 39 35)
4(23 27 43 39)
4(27 31 47 43)
4(35 39 55 51)
4(39 43 59 55)
4(43 47 63 59)
4(64 68 69 65)
4(68 72 73 69)
4(72 76 77 73)
4(65 69 70 66)
4(69 73 74 70)
4(73 77 78 74)
4(66 70 71 67)
4(70 74 75 71)
4(74 78 79 75)
4(115 119 199 195)
4(119 123 203 199)
4(123 127 207 203)
4(195 199 215 211)
4(199 203 219 215)
4(203 207 223 219)
4(211 215 135 131)
4(215 219 139 135)
4(219 223 143 139)
4(112 192 196 116)
4(116 196 200 120)
4(120 200 204 124)
4(192 208 212 196)
4(196 212 216 200)
4(200 216 220 204)
4(208 128 132 212)
4(212 132 136 216)
4(216 136 140 220)
4(544 545 549 548)
4(548 549 553 552)
4(552 553 557 556)
4(545 546 550 549)
4(549 550 554 553)
4(553 554 558 557)
4(546 547 551 550)
4(550 551 555 554)
4(554 555 559 558)
4(448 449 453 452)
4(452 453 457 456)
4(456 457 461 460)
4(449 450 454 453)
4(453 454 458 457)
4(457 458 462 461)
4(450 451 455 454)
4(454 455 459 458)
4(458 459 463 462)
4(64 80 84 68)
4(68 84 88 72)
4(72 88 92 76)
4(80 96 100 84)
4(84 100 104 88)
4(88 104 108 92)
4(96 112 116 100)
4(100 116 120 104)
4(104 120 124 108)
4(67 71 87 83)
4(71 75 91 87)
4(75 79 95 91)
4(83 87 103 99)
4(87 91 107 103)
4(91 95 111 107)
4(99 103 119 115)
4(103 107 123 119)
4(107 111 127 123)
4(128 144 148 132)
4(132 148 152 136)
4(136 152 156 140)
4(144 160 164 148)
4(148 164 168 152)
4(152 168 172 156)
4(160 176 180 164)
4(164 180 184 168)
4(168 184 188 172)
4(131 135 151 147)
4(135 139 155 151)
4(139 143 159 155)
4(147 151 167 163)
4(151 155 171 167)
4(155 159 175 171)
4(163 167 183 179)
4(167 171 187 183)
4(171 175 191 187)
4(256 257 261 260)
4(260 261 265 264)
4(264 265 269 268)
4(257 258 262 261)
4(261 262 266 265)
4(265 266 270 269)
4(258 259 263 262)
4(262 263 267 266)
4(266 267 271 270)
4(356 357 360 359)
4(359 360 363 362)
4(362 363 366 365)
4(357 358 361 360)
4(360 361 364 363)
4(363 364 367 366)
4(358 256 260 361)
4(361 260 264 364)
4(364 264 268 367)
4(320 323 324 321)
4(323 326 327 324)
4(326 329 330 327)
4(321 324 325 322)
4(324 327 328 325)
4(327 330 331 328)
4(322 325 180 176)
4(325 328 184 180)
4(328 331 188 184)
4(259 308 311 263)
4(263 311 314 267)
4(267 314 317 271)
4(308 309 312 311)
4(311 312 315 314)
4(314 315 318 317)
4(309 310 313 312)
4(312 313 316 315)
4(315 316 319 318)
4(179 183 275 272)
4(183 187 278 275)
4(187 191 281 278)
4(272 275 276 273)
4(275 278 279 276)
4(278 281 282 279)
4(273 276 277 274)
4(276 279 280 277)
4(279 282 283 280)
4(356 359 423 419)
4(359 362 427 423)
4(362 365 431 427)
4(419 423 439 435)
4(423 427 443 439)
4(427 431 447 443)
4(435 439 455 451)
4(439 443 459 455)
4(443 447 463 459)
4(404 416 420 407)
4(407 420 424 410)
4(410 424 428 413)
4(416 432 436 420)
4(420 436 440 424)
4(424 440 444 428)
4(432 448 452 436)
4(436 452 456 440)
4(440 456 460 444)
4(368 371 372 369)
4(371 374 375 372)
4(374 377 378 375)
4(369 372 373 370)
4(372 375 376 373)
4(375 378 379 376)
4(370 373 323 320)
4(373 376 326 323)
4(376 379 329 326)
4(310 512 516 313)
4(313 516 520 316)
4(316 520 524 319)
4(512 528 532 516)
4(516 532 536 520)
4(520 536 540 524)
4(528 544 548 532)
4(532 548 552 536)
4(536 552 556 540)
4(502 505 519 515)
4(505 508 523 519)
4(508 511 527 523)
4(515 519 535 531)
4(519 523 539 535)
4(523 527 543 539)
4(531 535 551 547)
4(535 539 555 551)
4(539 543 559 555)
4(274 277 467 464)
4(277 280 470 467)
4(280 283 473 470)
4(464 467 468 465)
4(467 470 471 468)
4(470 473 474 471)
4(465 468 469 466)
4(468 471 472 469)
4(471 474 475 472)
4(466 469 481 478)
4(469 472 484 481)
4(472 475 487 484)
4(478 481 493 490)
4(481 484 496 493)
4(484 487 499 496)
4(490 493 505 502)
4(493 496 508 505)
4(496 499 511 508)
4(368 380 383 371)
4(371 383 386 374)
4(374 386 389 377)
4(380 392 395 383)
4(383 395 398 386)
4(386 398 401 389)
4(392 404 407 395)
4(395 407 410 398)
4(398 410 413 401)
4(0 1 17 16)
4(16 17 33 32)
4(32 33 49 48)
4(1 2 18 17)
4(17 18 34 33)
4(33 34 50 49)
4(2 3 19 18)
4(18 19 35 34)
4(34 35 51 50)
4(12 28 29 13)
4(28 44 45 29)
4(44 60 61 45)
4(13 29 30 14)
4(29 45 46 30)
4(45 61 62 46)
4(14 30 31 15)
4(30 46 47 31)
4(46 62 63 47)
4(64 65 81 80)
4(80 81 97 96)
4(96 97 113 112)
4(65 66 82 81)
4(81 82 98 97)
4(97 98 114 113)
4(66 67 83 82)
4(82 83 99 98)
4(98 99 115 114)
4(76 92 93 77)
4(92 108 109 93)
4(108 124 125 109)
4(77 93 94 78)
4(93 109 110 94)
4(109 125 126 110)
4(78 94 95 79)
4(94 110 111 95)
4(110 126 127 111)
4(112 113 193 192)
4(192 193 209 208)
4(208 209 129 128)
4(113 114 194 193)
4(193 194 210 209)
4(209 210 130 129)
4(114 115 195 194)
4(194 195 211 210)
4(210 211 131 130)
4(124 204 205 125)
4(204 220 221 205)
4(220 140 141 221)
4(125 205 206 126)
4(205 221 222 206)
4(221 141 142 222)
4(126 206 207 127)
4(206 222 223 207)
4(222 142 143 223)
4(128 129 145 144)
4(144 145 161 160)
4(160 161 177 176)
4(129 130 146 145)
4(145 146 162 161)
4(161 162 178 177)
4(130 131 147 146)
4(146 147 163 162)
4(162 163 179 178)
4(140 156 157 141)
4(156 172 173 157)
4(172 188 189 173)
4(141 157 158 142)
4(157 173 174 158)
4(173 189 190 174)
4(142 158 159 143)
4(158 174 175 159)
4(174 190 191 175)
4(176 177 225 224)
4(224 225 241 240)
4(240 241 257 256)
4(177 178 226 225)
4(225 226 242 241)
4(241 242 258 257)
4(178 179 227 226)
4(226 227 243 242)
4(242 243 259 258)
4(188 236 237 189)
4(236 252 253 237)
4(252 268 269 253)
4(189 237 238 190)
4(237 253 254 238)
4(253 269 270 254)
4(190 238 239 191)
4(238 254 255 239)
4(254 270 271 255)
4(320 321 333 332)
4(332 333 345 344)
4(344 345 357 356)
4(321 322 334 333)
4(333 334 346 345)
4(345 346 358 357)
4(322 176 224 334)
4(334 224 240 346)
4(346 240 256 358)
4(329 341 342 330)
4(341 353 354 342)
4(353 365 366 354)
4(330 342 343 331)
4(342 354 355 343)
4(354 366 367 355)
4(331 343 236 188)
4(343 355 252 236)
4(355 367 268 252)
4(191 239 293 281)
4(239 255 305 293)
4(255 271 317 305)
4(281 293 294 282)
4(293 305 306 294)
4(305 317 318 306)
4(282 294 295 283)
4(294 306 307 295)
4(306 318 319 307)
4(179 272 284 227)
4(227 284 296 243)
4(243 296 308 259)
4(272 273 285 284)
4(284 285 297 296)
4(296 297 309 308)
4(273 274 286 285)
4(285 286 298 297)
4(297 298 310 309)
4(368 369 381 380)
4(380 381 393 392)
4(392 393 405 404)
4(369 370 382 381)
4(381 382 394 393)
4(393 394 406 405)
4(370 320 332 382)
4(382 332 344 394)
4(394 344 356 406)
4(404 405 417 416)
4(416 417 433 432)
4(432 433 449 448)
4(405 406 418 417)
4(417 418 434 433)
4(433 434 450 449)
4(406 356 419 418)
4(418 419 435 434)
4(434 435 451 450)
4(377 389 390 378)
4(389 401 402 390)
4(401 413 414 402)
4(378 390 391 379)
4(390 402 403 391)
4(402 414 415 403)
4(379 391 341 329)
4(391 403 353 341)
4(403 415 365 353)
4(413 428 429 414)
4(428 444 445 429)
4(444 460 461 445)
4(414 429 430 415)
4(429 445 446 430)
4(445 461 462 446)
4(415 430 431 365)
4(430 446 447 431)
4(446 462 463 447)
4(274 464 476 286)
4(286 476 488 298)
4(298 488 500 310)
4(464 465 477 476)
4(476 477 489 488)
4(488 489 501 500)
4(465 466 478 477)
4(477 478 490 489)
4(489 490 502 501)
4(310 500 513 512)
4(512 513 529 528)
4(528 529 545 544)
4(500 501 514 513)
4(513 514 530 529)
4(529 530 546 545)
4(501 502 515 514)
4(514 515 531 530)
4(530 531 547 546)
4(283 295 485 473)
4(295 307 497 485)
4(307 319 509 497)
4(473 485 486 474)
4(485 497 498 486)
4(497 509 510 498)
4(474 486 487 475)
4(486 498 499 487)
4(498 510 511 499)
4(319 524 525 509)
4(524 540 541 525)
4(540 556 557 541)
4(509 525 526 510)
4(525 541 542 526)
4(541 557 558 542)
4(510 526 527 511)
4(526 542 543 527)
4(542 558 559 543)
)


// ************************************************************************* //
