/*--------------------------------*- C++ -*----------------------------------*\
  =========                 |
  \\      /  F ield         | OpenFOAM: The Open Source CFD Toolbox
   \\    /   O peration     | Website:  https://openfoam.org
    \\  /    A nd           | Version:  6
     \\/     M anipulation  |
\*---------------------------------------------------------------------------*/
FoamFile
{
    version     2.0;
    format      ascii;
    class       volScalarField;
    location    "0.0075";
    object      N2;
}
// * * * * * * * * * * * * * * * * * * * * * * * * * * * * * * * * * * * * * //

dimensions      [0 0 0 0 0 0 0];

internalField   nonuniform List<scalar> 
3773
(
0.691291
0.701131
0.701163
0.700843
0.700531
0.699276
0.689275
0.759001
0.762807
0.759985
0.761366
0.764859
0.764068
0.761136
0.735122
0.748509
0.74847
0.748483
0.748449
0.748394
0.7353
0.735431
0.740567
0.739882
0.739558
0.739688
0.741459
0.736088
0.735025
0.739496
0.748381
0.748413
0.748426
0.748411
0.735338
0.76129
0.765292
0.762895
0.763989
0.765212
0.763701
0.761184
0.689674
0.698554
0.698193
0.699004
0.699977
0.699242
0.688754
0.889838
0.906494
0.907741
0.906941
0.903665
0.901309
0.887243
0.987189
0.991276
0.989992
0.990732
0.99202
0.991541
0.987902
0.983002
0.979875
0.978197
0.979236
0.979699
0.975362
0.983443
0.986742
0.99256
0.991841
0.991547
0.991737
0.993424
0.987995
0.983272
0.988255
0.978099
0.978958
0.980219
0.977685
0.983638
0.987889
0.993122
0.991059
0.991948
0.992261
0.991356
0.987969
0.885128
0.898185
0.900048
0.900899
0.903094
0.902954
0.886056
0.966003
0.981546
0.98245
0.981975
0.978369
0.975762
0.964356
0.992943
0.999174
0.999157
0.999208
0.999019
0.998812
0.99292
0.99471
0.999039
0.998383
0.998618
0.998697
0.998875
0.994568
0.99515
0.999752
0.999851
0.999851
0.999864
0.999813
0.995221
0.994466
0.999306
0.998848
0.998644
0.998808
0.998424
0.994466
0.992952
0.998788
0.998979
0.998843
0.999177
0.998993
0.992959
0.963152
0.974612
0.976864
0.976103
0.979118
0.978073
0.963552
0.986957
0.995611
0.996031
0.995841
0.996334
0.996147
0.986433
0.993983
0.999808
0.999906
0.999912
0.999859
0.999801
0.993954
0.995115
0.999933
0.999894
0.999921
0.99994
0.999948
0.995106
0.995341
0.999983
0.999996
0.999997
0.999997
0.999955
0.995338
0.995099
0.999973
0.999938
0.999958
0.999942
0.999905
0.995114
0.993958
0.999814
0.999857
0.999911
0.999872
0.999804
0.993963
0.986153
0.995896
0.995988
0.996771
0.995919
0.995984
0.986178
0.990404
0.999172
0.99935
0.999315
0.999544
0.999624
0.990251
0.994118
0.999862
0.999986
0.999986
0.999983
0.999924
0.994104
0.995132
0.999964
0.999997
0.999998
0.999997
0.999986
0.995132
0.995352
0.999992
1
1
1
0.999969
0.995342
0.99513
0.999984
0.999997
0.999998
0.999998
0.99999
0.995139
0.994105
0.999934
0.999981
0.99999
0.999982
0.999919
0.994107
0.990122
0.999558
0.999488
0.999482
0.99941
0.999389
0.990159
0.990723
0.999933
0.999932
0.999928
0.999943
0.999949
0.990683
0.994215
0.999903
0.999999
0.999999
0.999999
0.999937
0.994205
0.995169
0.999955
1
1
1
0.999988
0.995169
0.995398
0.999995
1
1
1
0.99997
0.995373
0.995168
0.999973
1
1
1
0.999992
0.995174
0.99421
0.999954
0.999999
0.999999
0.999999
0.999955
0.994211
0.990554
0.99995
0.999934
0.999947
0.999928
0.999913
0.990576
1
1
1
1
1
1
1
1
1
1
1
1
1
1
1
1
1
1
1
1
1
1
1
1
1
1
1
1
1
1
1
1
1
1
1
1
1
1
1
1
1
1
1
1
1
1
1
1
1
0.998461
0.999454
0.999529
0.999545
0.99946
0.999377
0.998521
0.996981
0.998761
0.99919
0.999287
0.999189
0.998808
0.997148
0.993649
0.994653
0.995128
0.995288
0.995128
0.994765
0.993843
0.991254
0.991288
0.990896
0.990669
0.990841
0.991243
0.991282
0.99367
0.993974
0.994692
0.99499
0.994756
0.994085
0.993946
0.995988
0.998216
0.998885
0.999016
0.998869
0.998287
0.996107
0.998229
0.999391
0.999462
0.999431
0.999399
0.99935
0.998213
0.998951
0.999999
1
1
1
0.999999
0.999036
0.997709
0.999825
0.999998
0.999999
0.999999
0.999914
0.997835
0.996422
0.99723
0.997905
0.997965
0.99788
0.997305
0.996281
0.99569
0.996001
0.995951
0.995997
0.995925
0.995998
0.995757
0.99638
0.997615
0.997904
0.998219
0.998178
0.997875
0.996657
0.997806
0.99987
0.999999
0.999999
0.999999
0.999943
0.998359
0.998684
0.999993
0.999999
1
1
1
0.999466
0.999607
0.999998
1
1
1
0.999997
0.999526
0.999064
0.999915
0.999997
0.999997
0.999999
0.999996
0.998981
0.998224
0.998883
0.99912
0.999176
0.999135
0.998962
0.998092
0.997956
0.998221
0.998368
0.99839
0.998377
0.998259
0.997769
0.998628
0.999137
0.999178
0.999317
0.99933
0.999279
0.998949
0.99913
0.999996
1
1
0.999999
0.999961
0.999387
0.999537
0.999978
0.999999
1
1
1
0.999935
0.999905
0.999998
1
1
0.999999
0.999993
0.999884
0.999672
0.999966
0.999999
0.999994
0.999997
0.999964
0.999574
0.999484
0.999575
0.99967
0.999686
0.999661
0.99952
0.999331
0.99904
0.999026
0.99922
0.999096
0.999262
0.999127
0.999112
0.999567
0.999708
0.999712
0.99974
0.999772
0.999769
0.999724
0.999726
0.999975
1
0.999999
1
0.999999
0.999941
0.999915
0.999986
0.999999
1
1
1
1
1
1
1
1
0.999999
1
0.999994
0.999977
0.999999
1
0.999997
0.999994
0.999988
0.999901
0.999876
0.999901
0.999903
0.999887
0.999879
0.999876
0.99983
0.999576
0.999604
0.999588
0.999514
0.999602
0.999607
0.999643
0.999883
0.999913
0.999908
0.99991
0.999931
0.999941
0.999931
0.99998
0.999998
0.999999
0.999999
1
1
0.999999
1
1
1
1
1
1
1
1
1
1
1
1
1
1
1
1
0.999999
0.999998
0.999999
1
0.999998
0.999971
0.999977
0.999971
0.999966
0.999961
0.999965
0.999958
0.999785
0.999783
0.999814
0.999783
0.999818
0.999825
0.999823
0.999967
0.99997
0.99997
0.999969
0.999978
0.999984
0.999984
1
1
1
0.999999
1
1
1
1
1
1
1
1
1
1
1
1
1
1
1
1
1
1
1
0.999999
0.999999
1
1
1
0.999985
0.999992
0.99999
0.999986
0.999989
0.99999
0.999984
0.999872
0.999916
0.999937
0.99993
0.999943
0.999906
0.999898
0.999986
0.999992
0.999992
0.999988
0.99999
0.999989
0.999989
1
1
1
1
1
1
1
1
1
1
1
1
1
1
1
1
1
1
1
1
1
1
1
1
1
1
1
1
1
0.999999
0.999998
0.999998
0.999999
1
1
1
0.999982
0.999981
0.999979
0.999985
0.999991
1
1
0.999999
0.999998
0.999998
0.999998
0.999999
1
1
1
1
1
1
1
1
1
1
1
1
1
1
1
1
1
1
1
1
1
1
1
1
1
1
1
1
1
1
1
1
1
1
1
1
1
0.999997
0.999996
0.999995
0.999997
0.999998
1
1
1
1
1
1
1
1
1
1
1
1
1
1
1
1
1
1
1
1
1
1
1
1
1
1
1
1
1
1
1
1
1
1
1
1
1
1
1
1
1
1
1
1
0.999999
0.999999
0.999999
0.999999
1
1
1
1
1
1
1
1
1
1
1
1
1
1
1
1
1
1
1
1
1
1
1
1
1
1
1
1
1
1
1
1
1
1
1
1
1
1
1
1
1
1
1
1
1
1
1
1
1
1
1
1
1
1
1
1
1
1
1
1
1
1
1
1
1
1
1
1
1
1
1
1
1
1
1
1
1
1
1
1
1
1
1
1
1
1
1
1
1
1
1
1
1
1
1
1
1
1
1
1
1
1
1
1
1
1
1
1
1
1
1
1
1
1
1
1
1
1
1
1
1
1
1
1
1
1
1
1
1
1
1
1
1
1
1
1
1
1
1
1
1
1
1
1
1
1
1
1
1
1
1
1
1
1
1
1
1
1
1
1
1
1
1
1
1
1
1
1
1
1
1
1
1
1
1
1
1
1
1
1
1
1
1
1
1
1
1
1
1
1
1
1
1
1
1
1
1
1
1
1
1
1
1
1
1
1
1
1
1
1
1
1
1
1
1
1
1
1
1
1
1
1
1
1
1
1
1
0.999999
0.999999
1
1
1
1
1
0.999995
0.999995
0.999994
0.999991
0.999998
1
1
0.999941
0.999942
0.999937
0.99995
0.99992
1
1
0.999993
0.999993
0.999996
0.999994
0.999991
1
1
1
1
1
0.999999
0.999999
1
1
1
1
1
1
1
1
1
1
1
1
1
1
1
1
1
0.999999
1
1
1
1
1
0.999995
0.999995
0.999994
0.999991
0.999998
1
1
0.999944
0.999946
0.99994
0.999951
0.999923
1
1
0.999993
0.999993
0.999996
0.999995
0.999993
1
1
1
1
1
1
1
1
1
1
1
1
1
1
1
1
1
1
1
1
1
1
1
1
1
1
1
1
1
1
0.999995
0.999996
0.999994
0.999992
0.999998
1
1
0.999947
0.999948
0.999943
0.999954
0.999927
1
1
0.999994
0.999994
0.999996
0.999996
0.999994
1
1
1
1
1
1
1
1
1
1
1
1
1
1
1
1
1
1
1
1
1
1
1
1
1
1
1
1
1
1
0.999996
0.999996
0.999995
0.999992
0.999998
1
1
0.999949
0.99995
0.999948
0.999958
0.999933
1
1
0.999995
0.999995
0.999996
0.999996
0.999996
1
1
1
1
1
1
1
1
1
1
1
1
1
1
1
1
1
1
1
1
1
1
1
1
1
1
1
1
1
1
0.999996
0.999996
0.999995
0.999993
0.999998
1
1
0.999952
0.999953
0.999951
0.99996
0.999943
1
1
0.999995
0.999995
0.999996
0.999996
0.999997
1
1
1
1
1
1
1
1
1
1
1
1
1
1
1
1
1
1
1
1
1
1
1
1
1
1
1
1
1
1
0.999995
0.999996
0.999995
0.999995
0.999998
1
1
0.999953
0.999956
0.999954
0.999963
0.999955
1
1
0.999996
0.999995
0.999996
0.999996
0.999997
1
1
1
1
1
1
1
1
1
1
1
1
1
1
1
1
1
1
1
1
1
1
1
1
1
1
1
1
1
1
0.999996
0.999996
0.999995
0.999996
0.999998
1
1
0.999954
0.999958
0.999958
0.999966
0.999967
1
1
0.999996
0.999996
0.999996
0.999997
0.999997
1
1
1
1
1
1
1
1
1
1
1
1
1
1
1
1
1
1
1
1
1
1
1
1
1
1
1
1
1
1
1
1
1
1
1
1
1
1
1
1
1
1
1
1
1
1
1
1
1
1
1
1
1
1
1
1
1
1
1
1
1
1
1
1
1
1
1
1
1
1
1
1
1
1
1
1
1
1
1
1
1
1
1
1
1
1
1
1
1
1
1
1
1
1
1
1
1
1
1
1
1
1
1
1
1
1
1
1
1
1
1
1
1
1
1
1
1
1
1
1
1
1
1
1
1
1
1
1
1
1
1
1
1
1
1
1
1
1
1
1
1
1
1
1
1
1
1
1
1
1
1
1
1
1
1
1
1
1
1
1
1
1
1
1
1
1
1
1
1
1
1
1
1
1
1
1
1
1
1
1
1
1
1
1
1
1
1
1
1
1
1
1
1
1
1
1
1
1
1
1
1
1
1
1
1
1
1
1
1
1
1
1
1
1
1
1
1
1
1
1
1
1
1
1
1
1
1
1
1
1
1
1
1
1
1
1
1
1
1
1
1
1
1
1
1
1
1
1
1
1
1
1
1
1
1
1
1
1
1
1
1
1
1
1
1
1
1
1
1
1
1
1
1
1
1
1
1
1
1
1
1
1
1
1
1
1
1
1
1
1
1
1
1
1
1
1
1
1
1
1
1
1
1
1
1
1
1
1
1
1
1
1
1
1
1
1
1
1
1
1
1
1
1
1
1
1
1
1
1
1
1
1
1
1
1
1
1
1
1
1
1
1
1
1
1
1
1
1
1
1
1
1
1
1
1
1
1
1
1
1
1
1
1
1
1
1
1
1
1
1
1
1
1
1
1
1
1
1
1
1
1
1
1
1
1
1
1
1
1
1
1
1
1
1
1
1
1
1
1
1
1
1
1
1
1
1
1
1
1
1
1
1
1
1
1
1
1
1
1
1
1
1
1
1
1
1
1
1
1
1
1
1
1
1
1
1
1
1
1
1
1
1
1
1
1
1
1
1
1
1
1
1
1
1
1
1
1
1
1
1
1
1
1
1
1
1
1
1
1
1
1
1
1
1
1
1
1
1
1
1
1
1
1
1
1
1
1
1
1
1
1
1
1
1
1
1
1
1
1
1
1
1
1
1
1
1
1
1
1
1
1
1
1
1
1
1
1
1
1
1
1
1
1
1
1
1
1
1
1
1
1
1
1
1
1
1
1
1
1
1
1
1
1
1
1
1
1
1
1
1
1
1
1
1
1
1
1
1
1
1
1
1
1
1
1
1
1
1
1
1
1
1
1
1
1
1
1
1
1
1
1
1
1
1
1
1
1
1
1
1
1
1
1
1
1
1
1
1
1
1
1
1
1
1
1
1
1
1
1
1
1
1
1
1
1
1
1
1
1
1
1
1
1
1
1
1
1
1
1
1
1
1
1
1
1
1
1
1
1
1
1
1
1
1
1
1
1
1
1
1
1
1
1
1
1
1
1
1
1
1
1
1
1
1
1
1
1
1
1
1
1
1
1
1
1
1
1
1
1
1
1
1
1
1
1
1
1
1
1
1
1
1
1
1
1
1
1
1
1
1
1
1
1
1
1
1
1
1
1
1
1
1
1
1
1
1
1
1
1
1
1
1
1
1
1
1
1
1
1
1
1
1
1
1
1
1
1
1
1
1
1
1
1
1
1
1
1
1
1
1
1
1
1
1
1
1
1
1
1
1
1
1
1
1
1
1
1
1
1
1
1
1
1
1
1
1
1
1
1
1
1
1
1
1
1
1
1
1
1
1
1
1
1
1
1
1
1
1
1
1
1
1
1
1
1
1
1
1
1
1
1
1
1
1
1
1
1
1
1
1
1
1
1
1
1
1
1
1
1
1
1
1
1
1
1
1
1
1
1
1
1
1
1
1
1
1
1
1
1
1
1
1
1
1
1
1
1
1
1
1
1
1
1
1
1
1
1
1
1
1
1
1
1
1
1
1
1
1
1
1
1
1
1
1
1
1
1
1
1
1
1
1
1
1
1
1
1
1
1
1
1
1
1
1
1
1
1
1
1
1
1
1
1
1
1
1
1
1
1
1
1
1
1
1
1
1
1
1
1
1
1
1
1
1
1
1
1
1
1
1
1
1
1
1
1
1
1
1
1
1
1
1
1
1
1
1
1
1
1
1
1
1
1
1
1
1
1
1
1
1
1
1
1
1
1
1
1
1
1
1
1
1
1
1
1
1
1
1
1
1
1
1
1
1
1
1
1
1
1
1
1
1
1
1
1
1
1
1
1
1
1
1
1
1
1
1
1
1
1
1
1
1
1
1
1
1
1
1
1
1
1
1
1
1
1
1
1
1
1
1
1
1
1
1
1
1
1
1
1
1
1
1
1
1
1
1
1
1
1
1
1
1
1
1
1
1
1
1
1
1
1
1
1
1
1
1
1
1
1
1
1
1
1
1
1
1
1
1
1
1
1
1
1
1
1
1
1
1
1
1
1
1
1
1
1
1
1
1
1
1
1
1
1
1
1
1
1
1
1
1
1
1
1
1
1
1
1
1
1
1
1
1
1
1
1
1
1
1
1
1
1
1
1
1
1
1
1
1
1
1
1
1
1
1
1
1
1
1
1
1
1
1
1
1
1
1
1
1
1
1
1
1
1
1
1
1
1
1
1
1
1
1
1
1
1
1
1
1
1
1
1
1
1
1
1
1
1
1
1
1
1
1
1
1
1
1
1
1
1
1
1
1
1
1
1
1
1
1
1
1
1
1
1
1
1
1
1
1
1
1
1
1
1
1
1
1
1
1
1
1
1
1
1
1
1
1
1
1
1
1
1
1
1
1
1
1
1
1
1
1
1
1
1
1
1
1
1
1
1
1
1
1
1
1
1
1
1
1
1
1
1
1
1
1
1
1
1
1
1
1
1
1
1
1
1
1
1
1
1
1
1
1
1
1
1
1
1
1
1
1
1
1
1
1
1
1
1
1
1
1
1
1
1
1
1
1
1
1
1
1
1
1
1
1
1
1
1
1
1
1
1
1
1
1
1
1
1
1
1
1
1
1
1
1
1
1
1
1
1
1
1
1
1
1
1
1
1
1
1
1
1
1
1
1
1
1
1
1
1
1
1
1
1
1
1
1
1
1
1
1
1
1
1
1
1
1
1
1
1
1
1
1
1
1
1
1
1
1
1
1
1
1
1
1
1
1
1
1
1
1
1
1
1
1
1
1
1
1
1
1
1
1
1
1
1
1
1
1
1
1
1
1
1
1
1
1
1
1
1
1
1
1
1
1
1
1
1
1
1
1
1
1
1
1
1
1
1
1
1
1
1
1
1
1
1
1
1
1
1
1
1
1
1
1
1
1
1
1
1
1
1
1
1
1
1
1
1
1
1
1
1
1
1
1
1
1
1
1
1
1
1
1
1
1
1
1
1
1
1
1
1
1
1
1
1
1
1
1
1
1
1
1
1
1
1
1
1
1
1
1
1
1
1
1
1
1
1
1
1
1
1
1
1
1
1
1
1
1
1
1
1
1
1
1
1
1
1
1
1
1
1
1
1
1
1
1
1
1
1
1
1
1
1
1
1
1
1
1
1
1
1
1
1
1
1
1
1
1
1
1
1
1
1
1
1
1
1
1
1
1
1
1
1
1
1
1
1
1
1
1
1
1
1
1
1
1
1
1
1
1
1
1
1
1
1
1
1
1
1
1
1
1
1
1
1
1
1
1
1
1
1
1
1
1
1
1
1
1
1
1
1
1
1
1
1
1
1
1
1
1
1
1
1
1
1
1
1
1
1
1
1
1
1
1
1
1
1
1
1
1
1
1
1
1
1
1
1
1
1
1
1
1
1
1
1
1
1
1
1
1
1
1
1
1
1
1
1
1
1
1
1
1
1
1
1
1
1
1
1
1
1
1
1
1
1
1
1
1
1
1
1
1
1
1
1
1
1
1
1
1
1
1
1
1
1
1
1
1
1
1
1
1
1
1
1
1
1
1
1
1
1
1
1
1
1
1
1
1
1
1
1
1
1
1
1
1
1
1
1
1
1
1
1
1
1
1
1
1
1
1
1
1
1
1
1
1
1
1
1
1
1
1
1
1
1
1
1
1
1
1
1
1
1
1
1
1
1
1
1
1
1
1
1
1
1
1
1
1
1
1
1
1
1
1
1
1
1
1
1
1
1
1
1
1
1
1
1
1
1
1
1
1
1
1
1
1
1
1
1
1
1
1
1
1
1
1
1
1
1
1
1
1
1
1
1
1
1
1
1
1
1
1
1
1
1
1
1
1
1
1
1
1
1
1
1
1
1
1
1
1
1
1
1
1
1
1
1
1
1
1
1
1
1
1
1
1
1
1
1
1
1
1
1
1
1
1
1
1
1
1
1
1
1
1
1
1
1
1
1
1
1
1
1
1
1
1
1
1
1
1
1
1
1
1
1
1
1
1
1
1
1
1
1
1
1
1
1
1
1
1
1
1
1
1
1
1
1
1
1
1
1
1
1
1
1
1
1
1
1
1
1
1
1
1
1
1
1
1
1
1
1
1
1
1
1
1
1
1
1
1
1
1
1
1
1
1
1
1
1
1
1
1
1
1
1
1
1
1
1
1
1
1
1
1
1
1
1
1
1
1
1
1
1
1
1
1
1
1
1
1
1
1
1
1
1
1
1
1
1
1
1
1
1
1
1
1
1
1
1
1
1
1
1
1
1
1
1
1
1
1
1
1
1
1
1
1
1
1
1
1
1
1
1
1
1
1
1
1
1
1
1
1
1
1
1
1
1
1
1
1
1
1
1
1
1
1
1
1
1
1
1
1
1
1
1
1
1
1
1
1
1
1
1
1
1
1
1
1
1
1
1
1
1
1
1
1
1
1
1
1
1
1
1
1
1
1
1
1
1
1
1
1
1
1
1
1
1
1
1
1
1
1
1
1
1
1
1
1
1
1
1
1
1
1
1
1
1
1
1
1
1
1
1
1
1
1
1
1
1
1
1
1
1
1
1
1
1
1
1
1
1
1
1
1
1
1
1
1
1
1
1
1
1
1
1
1
1
1
1
1
1
1
1
1
1
1
1
1
1
1
1
1
1
1
1
1
1
1
1
1
1
1
1
1
1
1
1
1
1
1
1
1
1
1
1
1
1
1
1
1
1
1
1
1
1
1
1
1
1
1
1
1
1
1
1
1
1
1
1
1
1
1
1
1
1
1
1
1
1
1
1
1
1
1
1
1
1
1
1
1
1
1
1
1
1
1
1
1
1
1
1
1
1
1
1
1
1
1
1
1
1
1
1
1
1
1
1
1
1
1
1
1
1
1
1
1
1
1
1
1
1
1
1
1
1
1
1
1
1
1
1
1
1
1
1
1
1
1
1
1
1
1
1
1
1
1
1
1
1
1
1
1
1
1
1
1
1
1
1
1
1
1
1
1
1
1
1
1
1
1
1
1
1
1
1
1
)
;

boundaryField
{
    fuel
    {
        type            fixedValue;
        value           uniform 0;
    }
    primary_air
    {
        type            fixedValue;
        value           uniform 0.77;
    }
    Secondary_air_RHS
    {
        type            fixedValue;
        value           uniform 0.77;
    }
    Secondary_air_LHS
    {
        type            fixedValue;
        value           uniform 0.77;
    }
    outlet
    {
        type            inletOutlet;
        inletValue      uniform 0;
        value           nonuniform List<scalar> 
98
(
1
1
1
1
1
1
1
1
1
1
1
1
1
1
1
1
1
1
1
1
1
1
1
1
1
1
1
1
1
1
1
1
1
1
1
1
1
1
1
1
1
1
1
1
1
1
1
1
1
1
1
1
1
1
1
1
1
1
1
1
1
1
1
1
1
1
1
1
1
1
1
1
1
1
1
1
1
1
1
1
1
1
1
1
1
1
1
1
1
1
1
1
1
1
1
1
1
1
)
;
    }
    stove_body
    {
        type            fixedValue;
        value           uniform 0;
    }
    frontAndBack
    {
        type            empty;
    }
}


// ************************************************************************* //
