/*--------------------------------*- C++ -*----------------------------------*\
  =========                 |
  \\      /  F ield         | OpenFOAM: The Open Source CFD Toolbox
   \\    /   O peration     | Website:  https://openfoam.org
    \\  /    A nd           | Version:  6
     \\/     M anipulation  |
\*---------------------------------------------------------------------------*/
FoamFile
{
    version     2.0;
    format      ascii;
    class       volScalarField;
    location    "0.01";
    object      Qdot;
}
// * * * * * * * * * * * * * * * * * * * * * * * * * * * * * * * * * * * * * //

dimensions      [1 -1 -3 0 0 0 0];

internalField   nonuniform List<scalar> 
3773
(
-1.43668e-05
1.43676e-05
0
-1.43676e-05
0
-1.43676e-05
0
-4.35754e-05
1.67827e-09
-4.35754e-05
-4.35737e-05
1.67827e-09
1.67827e-09
0
1.67827e-09
0
1.67827e-09
-8.71508e-05
1.67827e-09
0
0
0
-8.71508e-05
0
0
-8.71508e-05
0
0
-8.71525e-05
0
1.67827e-09
0
1.67827e-09
1.67827e-09
1.67827e-09
-4.35754e-05
0
0
1.67827e-09
-4.35754e-05
0
0
0
1.43676e-05
0
-1.43676e-05
0
0
0
8.39137e-10
8.39137e-10
0
0
0
8.39137e-10
0
0
-8.97978e-07
3.35655e-09
0
0
3.35655e-09
0
3.35655e-09
0
0
-3.59191e-06
3.35655e-09
-3.59191e-06
0
0
-2.72346e-06
-2.72346e-06
0
0
3.35655e-09
0
0
-5.44693e-06
0
-3.59191e-06
-9.03884e-06
0
3.35655e-09
-1.79596e-06
0
0
0
0
0
-4.51942e-06
0
0
-8.39137e-10
0
0
-2.17877e-05
0
0
0
0
-3.59191e-06
0
0
0
0
-8.97978e-07
0
-4.48989e-07
0
0
2.72346e-06
-3.35655e-09
0
0
3.35655e-09
-2.24494e-07
0
0
3.35655e-09
0
0
-8.51082e-08
0
0
-1.36173e-06
-8.94621e-07
0
3.35655e-09
-2.24494e-07
-3.37076e-07
0
-3.35655e-09
0
0
3.35655e-09
3.35655e-09
-1.36173e-06
0
0
0
0
-3.59191e-06
0
0
1.67827e-09
0
0
-2.72346e-06
-2.72179e-06
0
0
-2.72346e-06
-1.79596e-06
0
0
0
-1.12247e-07
0
1.15938e-07
0
1.36173e-06
-1.40309e-08
0
1.40309e-08
0
2.46336e-08
0
-1.35838e-06
0
0
3.35655e-09
6.96915e-10
3.35655e-09
3.35655e-09
4.63754e-07
-7.01545e-09
0
0
3.35655e-09
3.35655e-09
-8.97978e-07
0
-3.40433e-07
0
0
3.35655e-09
0
0
0
0
0
0
0
0
0
0
0
-2.24494e-07
-2.24494e-07
-3.40433e-07
-2.24494e-07
0
0
0
0
3.14184e-08
0
3.35655e-09
-8.97978e-07
-1.36509e-06
0
3.35655e-09
2.02673e-09
0
3.35655e-09
3.35655e-09
0
0
0
0
0
0
-2.25635e-06
0
3.35655e-09
2.47962e-09
0
2.91808e-09
-5.31926e-09
0
0
0
0
0
-3.91976e-08
0
0
-8.97978e-07
-2.24494e-07
0
0
0
-2.24494e-07
-8.97978e-07
1.36173e-06
0
0
-2.80618e-08
0
-2.80618e-08
0
0
-1.40309e-08
0
0
0
-2.12771e-08
0
0
0
0
0
0
3.35655e-09
0
0
0
0
-3.35655e-09
0
-7.28198e-09
-1.35838e-06
0
0
3.35655e-09
3.35655e-09
3.35655e-09
0
3.35655e-09
0
0
0
-5.31926e-09
-5.31926e-09
-7.01545e-09
-8.97978e-07
-1.36173e-06
-2.80618e-08
2.80618e-08
0
0
0
0
0
0
0
0
1.67827e-09
0
0
0
0
0
0
0
0
0
0
0
-3.35655e-09
3.35655e-09
0
0
0
0
3.35655e-09
0
0
0
0
3.35655e-09
0
-3.35655e-09
3.35655e-09
0
-3.35655e-09
3.35655e-09
3.35655e-09
0
0
3.35655e-09
0
0
0
3.35655e-09
0
0
0
1.67827e-09
0
0
0
0
0
0
1.67827e-09
0
0
0
-3.85467e-12
3.35655e-09
0
0
0
3.35655e-09
0
0
0
0
0
0
0
0
0
0
0
0
0
-3.08374e-11
0
0
0
0
0
0
0
0
0
0
0
0
3.35462e-09
-3.35655e-09
0
0
4.81834e-13
-4.81834e-13
4.81834e-13
0
-9.63668e-13
0
0
0
-3.76433e-15
0
0
0
-7.52865e-15
0
-1.50573e-14
0
3.35655e-09
0
3.35655e-09
3.35655e-09
0
0
0
3.85467e-12
3.85467e-12
0
0
0
6.69768e-09
0
0
-1.54187e-11
0
-1.54187e-11
7.70934e-12
0
0
0
0
-7.70934e-12
0
3.35655e-09
0
0
0
3.35655e-09
0
3.35655e-09
0
0
0
0
0
1.67827e-09
0
0
1.67827e-09
0
0
0
0
0
-9.63668e-13
3.35655e-09
3.35655e-09
0
3.35655e-09
3.35655e-09
3.35655e-09
7.70934e-12
0
0
0
0
-3.85467e-12
0
0
0
0
0
0
0
0
0
0
0
0
0
0
0
0
0
3.35655e-09
0
0
1.20458e-13
-9.63668e-13
0
0
0
0
0
0
4.81834e-13
0
0
0
0
0
-3.76433e-15
0
0
0
-3.35658e-09
-6.02292e-14
0
0
0
6.7131e-09
0
0
0
0
0
0
0
-7.70934e-12
0
0
0
-7.70934e-12
0
0
-3.85467e-12
-1.92734e-12
0
0
0
0
0
-2.40917e-13
0
0
0
3.35655e-09
0
0
0
0
0
0
0
0
0
0
0
0
0
0
0
0
0
0
0
-3.35655e-09
0
0
0
0
0
6.7131e-09
0
0
0
0
0
0
-3.85467e-12
0
0
0
-3.85467e-12
1.92734e-12
0
0
0
0
0
-4.81834e-13
0
0
-6.02292e-14
-2.40917e-13
0
3.35655e-09
0
1.67827e-09
0
-3.76433e-15
1.67827e-09
0
0
0
0
0
0
0
0
0
0
3.35655e-09
0
0
-3.35661e-09
0
-3.35655e-09
0
0
0
0
0
-1.92734e-12
0
0
0
0
0
0
0
-3.85467e-12
0
6.7131e-09
0
0
0
0
0
3.35655e-09
3.35655e-09
0
3.35652e-09
3.35655e-09
0
0
-4.70541e-16
0
0
0
0
0
0
0
0
0
0
0
0
0
3.35655e-09
0
-1.50573e-14
3.35655e-09
0
0
-1.50573e-14
0
0
0
2.40917e-13
0
0
0
6.7131e-09
0
6.7131e-09
0
0
0
0
-1.92734e-12
0
0
0
0
0
0
3.35654e-09
-1.50573e-14
0
0
3.35655e-09
3.35655e-09
0
0
-3.76433e-15
0
0
0
0
0
0
1.67827e-09
0
-7.3522e-18
0
0
-9.19025e-19
0
0
0
0
0
3.35655e-09
3.35655e-09
0
0
0
0
0
0
0
0
0
0
0
0
0
0
0
0
-1.20458e-13
-2.40917e-13
0
0
0
3.35655e-09
0
0
0
3.35655e-09
3.35655e-09
0
0
0
0
-4.70541e-16
0
0
0
0
0
0
0
7.3522e-18
-3.6761e-18
-9.19025e-19
3.35655e-09
0
0
0
0
0
0
0
0
-6.02292e-14
0
0
0
1.83805e-18
0
0
0
0
-2.40917e-13
-2.40917e-13
0
0
0
0
0
-3.01146e-14
0
1.83805e-18
3.35655e-09
3.35655e-09
3.35655e-09
3.35655e-09
0
0
-7.3522e-18
-7.3522e-18
-1.17635e-16
0
0
0
0
1.67827e-09
-3.6761e-18
0
0
0
0
0
0
0
0
3.35655e-09
0
0
0
0
0
0
0
0
0
0
0
0
-2.40917e-13
0
0
0
0
-1.50573e-14
0
0
0
0
0
0
-1.83805e-18
-2.3527e-16
3.35655e-09
3.35655e-09
0
0
3.35655e-09
-3.6761e-18
1.67827e-09
-1.17635e-16
0
0
0
-3.6761e-18
-9.19025e-19
0
0
0
-1.47044e-17
0
0
0
0
-3.35655e-09
0
0
0
3.35655e-09
3.35655e-09
0
0
0
0
0
-1.88216e-15
7.3522e-18
0
1.20458e-13
0
0
0
0
0
0
0
0
0
0
0
0
0
0
-9.41082e-16
0
3.35655e-09
3.35655e-09
0
0
0
0
0
0
0
0
0
0
0
1.67827e-09
0
0
0
0
0
3.35655e-09
0
0
0
0
-4.70541e-16
0
0
0
0
0
-1.47044e-17
0
6.7131e-09
0
0
0
0
0
0
0
-3.76433e-15
0
0
0
-1.47044e-17
3.35655e-09
3.35655e-09
0
3.35655e-09
3.35655e-09
3.35655e-09
-3.35655e-09
0
0
0
0
0
-9.19025e-19
1.67827e-09
0
-1.47044e-17
0
0
0
0
0
0
3.35655e-09
0
3.35655e-09
1.17635e-16
3.35655e-09
0
0
0
0
0
0
0
-1.47044e-17
-3.76433e-15
-3.01146e-14
0
0
0
0
0
0
9.41082e-16
-9.41082e-16
6.71309e-09
0
0
0
-5.88176e-17
-1.17635e-16
0
3.35655e-09
-2.94088e-17
0
0
0
0
-1.83805e-18
0
0
0
0
0
-9.19025e-19
0
0
0
-9.19025e-19
0
0
0
3.35655e-09
0
0
-3.35655e-09
3.35655e-09
0
0
-4.70541e-16
0
0
0
0
0
0
0
0
0
0
-4.70541e-16
0
0
0
0
0
0
0
0
3.35655e-09
0
0
0
0
0
0
0
0
-9.19025e-19
0
0
0
0
1.67827e-09
0
0
0
2.3527e-16
0
0
0
0
-3.01146e-14
0
0
3.35655e-09
0
0
-1.20458e-13
-4.81834e-13
0
0
0
0
0
0
-1.92734e-12
0
0
0
-9.63668e-13
0
0
-4.81834e-13
6.7131e-09
-9.63668e-13
0
0
3.35655e-09
3.35655e-09
0
-6.02292e-14
0
0
0
0
0
0
0
-4.70541e-16
0
0
0
0
0
0
0
0
-3.35655e-09
3.35653e-09
0
0
0
0
0
0
0
0
0
0
0
0
0
0
0
0
0
0
-1.92734e-12
0
0
0
-4.81834e-13
6.7131e-09
0
0
3.35655e-09
3.35655e-09
-3.01146e-14
-3.35655e-09
0
0
3.35655e-09
0
0
0
0
0
0
0
0
0
0
0
-2.3527e-16
0
0
3.35655e-09
0
-1.50573e-14
0
3.35653e-09
3.35655e-09
0
0
0
0
0
0
0
0
0
0
0
0
0
-1.92734e-12
0
0
0
0
-4.81834e-13
0
0
0
3.35655e-09
3.35655e-09
3.35652e-09
-6.02292e-14
0
0
0
0
0
0
0
0
0
0
0
0
0
0
0
0
0
0
0
0
0
0
0
0
0
0
0
0
0
0
0
0
0
0
0
0
0
0
0
0
0
0
0
0
6.7131e-09
0
0
0
0
3.35655e-09
-1.50573e-14
0
0
0
0
0
0
0
0
0
0
-9.41082e-16
0
0
0
0
0
3.35655e-09
-1.50573e-14
0
0
0
3.35655e-09
0
-2.40917e-13
0
6.7131e-09
-2.40917e-13
-1.20458e-13
0
-1.92734e-12
0
0
0
0
0
0
0
0
0
0
0
0
0
0
0
-3.01146e-14
3.35655e-09
3.35652e-09
0
0
0
0
-1.88216e-15
-1.88216e-15
0
-1.17635e-16
0
0
0
0
0
1.67827e-09
0
0
0
0
0
-3.35655e-09
-3.35655e-09
0
3.35655e-09
0
0
0
0
0
0
0
0
0
-9.63668e-13
0
0
0
0
0
0
0
0
0
0
0
0
0
3.35652e-09
0
0
0
0
0
1.67827e-09
-1.88216e-15
0
0
0
0
1.67827e-09
1.88216e-15
0
0
0
0
0
3.35655e-09
3.35655e-09
0
0
-7.52865e-15
-3.76433e-15
0
0
0
-1.20458e-13
0
0
0
0
0
0
0
0
0
0
0
0
-4.81834e-13
-2.40917e-13
0
0
0
0
0
3.35655e-09
0
0
0
-3.76433e-15
3.35655e-09
0
0
0
0
1.67827e-09
-3.6761e-18
0
0
0
0
0
0
0
-1.14878e-19
3.35655e-09
-3.35655e-09
0
0
-2.94088e-17
0
0
0
0
0
0
0
9.41082e-16
0
0
0
0
0
0
0
0
0
0
0
0
6.7131e-09
0
-4.70541e-16
0
-3.35655e-09
0
0
3.35655e-09
3.35655e-09
0
1.67827e-09
0
0
0
1.67827e-09
0
0
0
-9.19025e-19
0
0
0
0
1.67827e-09
3.35655e-09
3.35655e-09
-1.47044e-17
0
0
0
-3.6761e-18
-2.94088e-17
0
-2.3527e-16
0
0
0
0
0
0
0
0
0
0
0
0
0
0
0
0
-9.41082e-16
0
3.35655e-09
0
0
0
0
3.35655e-09
3.35655e-09
0
1.67827e-09
0
0
1.67827e-09
0
0
0
0
0
0
0
-9.19025e-19
0
0
0
-1.47044e-17
0
0
0
3.35655e-09
0
0
4.70541e-16
0
0
0
0
0
0
0
-7.52865e-15
-7.52865e-15
0
0
0
-4.70541e-16
0
0
0
0
0
3.35655e-09
3.35655e-09
0
0
0
0
-3.35655e-09
0
0
0
-1.83805e-18
1.67827e-09
0
1.67827e-09
0
0
0
0
1.67827e-09
1.67827e-09
0
3.35655e-09
0
3.35655e-09
3.35655e-09
0
0
0
0
-4.70541e-16
0
0
0
0
-4.70541e-16
-4.70541e-16
0
0
0
0
0
0
0
0
-4.70541e-16
0
0
0
-4.70541e-16
0
3.35655e-09
-1.47044e-17
1.47044e-17
3.35655e-09
3.35655e-09
-1.47044e-17
0
0
0
0
0
0
0
0
0
-9.19025e-19
0
0
0
0
3.35655e-09
0
3.35655e-09
3.35655e-09
3.35655e-09
7.3522e-18
0
0
0
-2.3527e-16
0
0
-4.70541e-16
0
0
-1.88216e-15
-1.88216e-15
0
0
0
0
0
-2.3527e-16
2.3527e-16
0
0
6.7131e-09
0
0
3.35655e-09
-7.3522e-18
3.35655e-09
3.35655e-09
0
3.35655e-09
-9.19025e-19
0
0
0
0
0
0
-9.19025e-19
0
0
0
0
0
0
0
3.35655e-09
-1.83805e-18
0
0
1.83805e-18
0
0
0
0
0
0
0
0
0
0
6.7131e-09
0
0
-1.88216e-15
0
0
0
0
0
0
0
0
0
3.35655e-09
0
0
3.35655e-09
0
0
0
0
-2.29756e-19
0
0
0
0
-4.59513e-19
0
0
0
0
0
1.67827e-09
3.35655e-09
3.35655e-09
0
0
0
0
3.35655e-09
0
0
0
0
0
1.17635e-16
0
0
0
-2.3527e-16
0
0
0
0
-2.94088e-17
0
0
0
0
0
0
0
3.35655e-09
3.35655e-09
3.35655e-09
0
0
-3.35655e-09
0
0
-2.29756e-19
0
0
0
1.67827e-09
0
0
0
1.67827e-09
0
1.67827e-09
1.67827e-09
3.35655e-09
3.35655e-09
3.35655e-09
3.35655e-09
0
0
0
-1.17635e-16
-5.88176e-17
0
0
0
0
3.35655e-09
0
-1.17635e-16
0
-2.94088e-17
0
0
-1.83805e-18
0
0
0
0
0
0
0
0
0
0
-4.59513e-19
0
0
0
-1.43598e-20
1.67827e-09
0
0
1.67827e-09
1.67827e-09
-1.79497e-21
-2.87195e-20
-7.17988e-21
0
0
0
0
0
3.35655e-09
3.35655e-09
3.35655e-09
3.35655e-09
3.35655e-09
0
0
0
0
0
-1.83805e-18
0
0
0
0
0
0
0
-2.94088e-17
0
0
0
0
-2.3527e-16
0
0
0
0
0
0
0
3.35655e-09
0
0
0
-5.74391e-20
1.67827e-09
0
0
0
1.67827e-09
-1.67827e-09
0
0
0
1.43598e-20
0
0
0
-3.6761e-18
3.35655e-09
3.35655e-09
-3.35655e-09
0
3.35655e-09
0
0
0
0
0
-1.47044e-17
0
-5.74391e-20
0
-2.3527e-16
0
0
0
0
0
0
0
0
0
0
0
0
-3.35655e-09
0
3.35655e-09
-7.3522e-18
0
0
-3.35655e-09
1.67827e-09
0
0
0
-1.43598e-20
0
0
0
0
-1.14878e-19
0
0
-5.74391e-20
0
3.35655e-09
0
-1.83805e-18
0
0
0
3.35655e-09
0
0
0
0
0
0
-3.6761e-18
0
-4.70541e-16
0
0
0
0
0
-4.70541e-16
0
0
-2.3527e-16
0
0
0
3.35655e-09
0
0
0
0
0
3.35655e-09
0
0
0
1.67827e-09
0
-2.87195e-20
0
0
-1.14878e-19
0
1.14878e-19
0
0
1.67827e-09
0
0
0
0
0
0
0
0
0
0
-1.17635e-16
5.88176e-17
0
0
0
0
0
0
0
0
0
0
0
0
0
0
0
0
7.3522e-18
3.35655e-09
-7.3522e-18
0
3.35655e-09
3.35655e-09
0
0
0
0
0
0
0
0
0
0
0
0
1.67827e-09
0
0
0
0
0
-1.83805e-18
0
0
-4.59513e-19
0
0
0
0
0
0
0
0
0
0
0
0
0
-2.3527e-16
0
0
0
0
0
0
0
3.35655e-09
3.35655e-09
0
0
0
-1.83805e-18
-1.83805e-18
0
1.67827e-09
-1.14878e-19
0
0
0
0
0
0
-2.87195e-20
0
0
2.87195e-20
0
0
0
3.35655e-09
0
0
0
0
0
0
0
0
-1.17635e-16
0
5.88176e-17
0
0
0
0
0
0
-2.3527e-16
0
0
0
-1.17635e-16
0
0
0
0
0
3.35655e-09
3.35655e-09
0
0
-4.59513e-19
0
0
0
0
0
0
0
1.67827e-09
1.67827e-09
0
0
1.43598e-20
0
1.67827e-09
3.35655e-09
0
3.35655e-09
3.35655e-09
0
0
3.35655e-09
0
0
0
0
0
0
0
0
0
0
0
0
0
0
6.7131e-09
0
0
0
0
1.14878e-19
0
0
-7.17988e-21
-1.43598e-20
0
-2.87195e-20
-3.35655e-09
0
0
-3.58994e-21
0
1.67827e-09
1.67827e-09
0
0
0
0
0
0
0
0
0
3.35655e-09
3.35655e-09
0
3.35655e-09
0
3.35655e-09
0
0
0
0
0
0
0
0
0
0
-1.14878e-19
0
0
0
0
0
0
0
-4.59513e-19
-9.19025e-19
0
6.7131e-09
0
-1.14878e-19
0
3.35655e-09
-2.29756e-19
0
0
0
-1.67827e-09
0
0
0
1.67827e-09
1.67827e-09
1.67827e-09
-1.67827e-09
0
-2.29756e-19
0
0
0
0
0
0
0
-3.35655e-09
0
3.35655e-09
-5.74391e-20
0
0
0
0
0
0
-1.83805e-18
0
0
0
-2.94088e-17
0
0
0
0
0
0
0
0
0
0
0
3.35655e-09
0
0
1.83805e-18
0
1.67827e-09
0
0
0
-2.29756e-19
1.67827e-09
0
0
0
0
0
4.59513e-19
0
0
0
0
3.35655e-09
0
0
0
0
0
0
0
0
0
0
0
0
0
0
2.94088e-17
0
0
0
0
0
0
0
0
-2.94088e-17
-5.88176e-17
-9.19025e-19
0
0
0
0
0
0
0
0
0
0
0
1.67827e-09
0
0
-4.59513e-19
-4.59513e-19
0
0
0
0
3.35655e-09
-9.19025e-19
0
0
3.35655e-09
3.35655e-09
0
-3.6761e-18
0
0
0
-1.47044e-17
0
0
0
0
0
-5.88176e-17
0
0
0
0
0
0
0
0
0
0
3.35655e-09
3.35655e-09
3.35655e-09
-3.6761e-18
0
3.35655e-09
3.35655e-09
0
0
0
0
0
0
0
-2.29756e-19
0
0
0
0
0
0
0
0
3.35655e-09
3.35655e-09
-3.35655e-09
-1.83805e-18
3.35655e-09
0
0
-1.47044e-17
0
0
-2.94088e-17
0
0
0
0
0
0
0
-2.3527e-16
0
0
0
-7.3522e-18
0
0
0
-3.35655e-09
0
0
0
0
0
3.35655e-09
1.67827e-09
1.67827e-09
0
0
0
0
0
0
0
0
0
0
0
0
3.35655e-09
0
0
3.35655e-09
0
3.35655e-09
0
0
0
-7.3522e-18
0
0
0
0
0
0
0
0
0
0
-1.17635e-16
0
0
1.83805e-18
-1.83805e-18
0
0
0
0
3.35655e-09
0
-9.19025e-19
3.35655e-09
0
0
0
1.67827e-09
0
0
1.67827e-09
0
0
0
0
0
-2.80464e-23
0
0
-4.48743e-22
3.35655e-09
0
3.35655e-09
0
0
3.35655e-09
-3.35655e-09
-1.40232e-23
0
0
0
0
0
0
-5.60928e-23
0
0
0
0
0
0
0
-1.40232e-23
0
0
0
-5.60928e-23
0
0
3.35655e-09
3.35655e-09
0
3.35655e-09
0
3.35655e-09
0
0
1.7529e-24
0
0
0
0
3.5058e-24
0
0
0
0
0
0
-3.5058e-24
0
0
3.35655e-09
0
0
0
0
0
0
-1.12186e-22
0
0
0
0
0
0
0
6.7131e-09
0
0
0
0
0
0
0
0
0
0
3.35655e-09
0
0
0
3.35655e-09
0
0
0
0
-2.80464e-23
0
0
0
0
0
5.60928e-23
0
0
0
0
0
3.35655e-09
3.35655e-09
0
0
3.35655e-09
0
0
0
6.7131e-09
0
0
3.58994e-21
-1.43598e-20
0
0
-1.14878e-19
0
0
-4.59513e-19
0
0
0
0
0
-8.97486e-22
0
0
0
-4.38225e-25
3.35655e-09
0
3.35655e-09
0
3.35655e-09
0
0
0
0
0
1.67827e-09
0
-3.5058e-24
0
0
1.67827e-09
1.67827e-09
0
0
-3.35655e-09
0
0
0
3.35655e-09
0
0
0
0
0
0
0
0
0
0
0
0
-4.59513e-19
0
0
0
0
-7.17988e-21
0
0
0
0
0
-2.19113e-25
0
-3.35655e-09
3.35655e-09
0
0
3.35655e-09
0
0
0
0
1.67827e-09
1.67827e-09
0
1.67827e-09
-1.40232e-23
1.67827e-09
0
0
-8.97486e-22
0
0
0
-3.35655e-09
0
-5.74391e-20
0
0
0
0
0
0
0
0
0
0
0
0
0
0
0
0
0
0
0
-1.43598e-20
6.7131e-09
0
0
0
-8.76451e-25
0
0
0
3.35655e-09
-9.19025e-19
0
0
-1.67827e-09
0
0
0
1.67827e-09
1.67827e-09
1.67827e-09
1.67827e-09
-2.24371e-22
1.67827e-09
0
0
-5.60928e-23
3.35655e-09
0
0
0
0
-4.59513e-19
0
0
2.87195e-20
0
0
0
0
0
0
0
0
0
1.47044e-17
0
0
0
0
-2.87195e-20
-2.29756e-19
0
0
0
0
0
-2.24371e-22
3.35655e-09
0
0
0
0
1.67827e-09
0
0
0
-1.43598e-20
0
1.67827e-09
1.67827e-09
-2.24371e-22
-4.48743e-22
1.67827e-09
0
3.35655e-09
0
3.35655e-09
0
3.35655e-09
0
0
3.35655e-09
3.35655e-09
0
0
0
3.6761e-18
0
0
0
0
0
0
0
0
0
0
3.35655e-09
0
0
0
0
-4.38225e-25
0
0
0
0
3.35655e-09
0
0
1.67827e-09
-7.01161e-24
0
0
1.67827e-09
0
0
0
0
0
-4.48743e-22
0
0
3.35655e-09
0
0
0
-5.74391e-20
0
0
0
-5.74391e-20
0
3.35655e-09
0
0
0
-9.19025e-19
0
0
0
0
0
0
3.35655e-09
0
-5.74391e-20
3.35655e-09
0
3.35655e-09
0
-4.38225e-25
0
0
0
0
3.35655e-09
0
0
0
0
2.80464e-23
-1.12186e-22
0
-1.43598e-20
0
0
0
0
1.67827e-09
0
0
0
0
0
0
-7.17988e-21
0
0
0
3.35655e-09
3.35655e-09
0
0
0
0
3.35655e-09
0
0
0
3.35655e-09
0
0
-3.35655e-09
0
0
0
3.35655e-09
0
0
0
0
0
0
0
0
0
0
0
0
0
-1.09556e-25
0
0
0
0
0
0
0
0
0
-1.09556e-25
0
-2.19113e-25
0
0
0
0
3.35655e-09
3.35655e-09
0
0
-2.29756e-19
0
0
-4.59513e-19
-3.35655e-09
0
0
3.35655e-09
3.35655e-09
-3.6761e-18
0
-7.17988e-21
0
-2.87195e-20
0
3.35655e-09
3.35655e-09
0
0
0
0
0
0
0
0
0
0
0
0
0
0
-2.13977e-28
0
-4.27954e-28
0
0
3.42364e-27
0
0
3.35655e-09
3.35655e-09
0
0
0
-1.7529e-24
0
3.35655e-09
0
0
0
0
0
3.35655e-09
0
0
-3.35655e-09
0
0
0
0
0
0
3.35655e-09
0
0
-2.29756e-19
0
0
0
0
-8.76451e-25
0
0
0
0
0
0
0
0
0
0
0
0
0
-1.71182e-27
0
-3.42364e-27
0
0
-1.09556e-25
0
0
-8.76451e-25
0
3.35655e-09
0
-7.17988e-21
0
0
0
0
0
0
9.19025e-19
3.35655e-09
3.35655e-09
0
0
3.35655e-09
0
-2.87195e-20
0
0
0
0
-2.19113e-25
-4.38225e-25
0
3.35655e-09
0
0
-1.7529e-24
-4.27954e-28
0
0
0
0
-1.71182e-27
0
0
0
-1.06989e-28
0
0
0
0
0
0
-5.47782e-26
-1.09556e-25
0
0
0
0
0
0
0
0
0
0
0
3.35655e-09
0
0
-9.19025e-19
0
0
3.35655e-09
0
0
0
0
0
0
0
0
0
0
0
0
0
-5.34943e-29
0
0
0
-1.06989e-28
0
0
-1.30601e-32
0
0
0
0
0
0
0
0
0
3.35655e-09
0
0
0
0
0
-3.58994e-21
0
-5.74391e-20
0
-5.74391e-20
0
3.35655e-09
4.59513e-19
0
0
0
0
0
0
0
0
-2.87195e-20
-5.74391e-20
0
0
0
0
0
0
0
0
0
0
0
0
0
1.67827e-09
0
0
0
-5.60928e-23
0
0
0
0
0
3.35655e-09
3.35655e-09
3.35655e-09
3.35655e-09
0
0
0
0
0
3.35655e-09
0
3.35655e-09
0
0
0
0
0
0
0
-2.29756e-19
0
0
-3.35655e-09
3.35655e-09
0
0
0
3.35655e-09
3.35655e-09
-3.35655e-09
-3.35655e-09
3.35655e-09
3.35655e-09
0
-4.48743e-22
0
0
-2.80464e-23
-1.40232e-23
0
-3.5058e-24
0
-1.67827e-09
0
-1.12186e-22
0
0
0
3.35655e-09
0
0
0
3.35655e-09
0
3.35655e-09
0
0
-3.35655e-09
0
3.35655e-09
3.35655e-09
0
0
0
0
-3.6761e-18
0
0
0
0
0
0
3.35655e-09
0
0
0
0
-4.48743e-22
0
0
0
3.35655e-09
0
0
1.67827e-09
0
0
0
0
0
1.67827e-09
0
0
0
1.67827e-09
0
0
-3.35655e-09
-1.79497e-21
0
0
0
3.35655e-09
0
0
0
0
0
0
0
2.29756e-19
-2.94088e-17
0
0
0
-7.3522e-18
3.6761e-18
0
0
0
-2.29756e-19
0
3.35655e-09
3.35655e-09
0
0
0
-8.97486e-22
3.35655e-09
0
0
-2.80464e-23
0
0
1.67827e-09
0
0
-7.01161e-24
0
0
0
-1.67827e-09
1.67827e-09
-1.67827e-09
0
0
-2.87195e-20
0
0
0
3.35655e-09
3.35655e-09
3.35655e-09
3.35655e-09
-4.59513e-19
3.35655e-09
3.35655e-09
-1.83805e-18
-3.35655e-09
0
0
0
0
0
0
0
0
3.35655e-09
0
0
0
0
-9.19025e-19
0
3.35655e-09
0
3.35655e-09
0
0
5.60928e-23
0
1.67827e-09
1.67827e-09
1.67827e-09
0
1.67827e-09
1.67827e-09
0
0
-3.58994e-21
0
0
0
0
1.67827e-09
3.35655e-09
0
0
0
0
3.35655e-09
0
3.35655e-09
0
3.35655e-09
0
-3.35655e-09
0
3.35655e-09
0
0
0
0
0
0
-7.3522e-18
0
0
3.35655e-09
3.35655e-09
3.35655e-09
0
3.35655e-09
0
-5.74391e-20
0
0
0
0
0
0
0
0
0
0
-7.01161e-24
0
-1.43598e-20
-3.58994e-21
-1.67827e-09
0
0
0
0
0
0
0
0
0
0
0
0
3.35655e-09
0
0
-3.35655e-09
3.35655e-09
3.35655e-09
0
0
0
0
0
0
0
0
0
-3.35655e-09
-3.35655e-09
0
3.35655e-09
0
-1.83805e-18
0
3.35655e-09
0
0
-1.12186e-22
-3.35655e-09
0
0
-1.67827e-09
0
1.67827e-09
1.67827e-09
0
0
0
-1.79497e-21
0
0
0
-7.01161e-24
0
0
-2.29756e-19
0
0
0
3.35655e-09
0
0
0
-3.35655e-09
0
3.35655e-09
-3.6761e-18
0
0
0
0
0
-5.88176e-17
0
0
0
-5.88176e-17
0
3.35655e-09
0
3.35655e-09
0
3.35655e-09
0
0
3.35655e-09
0
0
0
0
0
0
-1.67827e-09
0
1.67827e-09
0
-3.58994e-21
1.67827e-09
0
0
0
0
3.35655e-09
0
0
3.35655e-09
0
0
-2.24371e-22
3.35655e-09
3.35655e-09
3.35655e-09
3.35655e-09
3.35655e-09
0
3.35655e-09
0
0
0
3.35655e-09
-5.88176e-17
3.35655e-09
3.35655e-09
0
0
0
0
-3.6761e-18
3.35655e-09
0
0
3.35655e-09
-3.58994e-21
0
-4.48743e-22
0
0
0
0
0
-2.24371e-22
1.67827e-09
0
0
-5.60928e-23
0
-5.60928e-23
0
-2.80464e-23
0
0
0
0
0
0
-1.79497e-21
0
0
0
0
0
0
0
-1.83805e-18
0
0
0
-3.35655e-09
3.35655e-09
0
0
3.35655e-09
0
0
0
0
0
0
0
0
-7.17988e-21
0
0
0
0
0
0
0
1.67827e-09
0
0
0
-3.5058e-24
-5.60928e-23
0
0
0
0
0
0
1.43598e-20
3.35655e-09
-7.17988e-21
0
0
0
-5.60928e-23
-3.6761e-18
-3.6761e-18
0
0
0
0
0
0
-2.94088e-17
0
0
3.35655e-09
0
0
-7.3522e-18
-7.3522e-18
0
0
0
0
0
0
-7.17988e-21
0
0
0
1.12186e-22
-4.48743e-22
0
0
0
0
0
0
0
0
0
0
0
0
0
0
0
0
0
0
-4.48743e-22
0
0
0
0
0
0
0
0
0
3.35655e-09
0
-2.94088e-17
0
0
0
0
0
0
0
0
0
0
1.83805e-18
-1.43598e-20
0
0
0
0
0
0
1.67827e-09
1.40232e-23
0
3.5058e-24
0
0
0
0
0
0
0
0
0
0
0
0
0
0
0
0
0
0
0
-1.83805e-18
0
0
-9.19025e-19
0
0
0
0
0
0
0
0
0
0
0
0
0
0
0
0
-2.80464e-23
0
0
0
0
0
0
0
0
-3.5058e-24
0
0
0
0
0
0
1.36945e-26
0
0
0
0
0
0
0
-3.5058e-24
-3.5058e-24
-3.5058e-24
0
3.35655e-09
0
0
0
0
0
0
0
0
0
3.35655e-09
0
0
0
-1.83805e-18
0
0
0
0
0
-1.40232e-23
0
0
0
0
0
0
0
0
0
0
0
0
0
0
0
0
0
0
0
0
0
0
0
0
-1.7529e-24
0
0
0
0
0
0
0
0
0
0
0
0
-7.3522e-18
-7.3522e-18
-7.3522e-18
0
0
0
0
3.35655e-09
0
0
0
0
0
-7.01161e-24
0
0
0
0
0
-2.67472e-29
0
-6.68679e-30
0
0
-1.33736e-29
)
;

boundaryField
{
    fuel
    {
        type            calculated;
        value           uniform 0;
    }
    primary_air
    {
        type            calculated;
        value           uniform 0;
    }
    Secondary_air_RHS
    {
        type            calculated;
        value           uniform 0;
    }
    Secondary_air_LHS
    {
        type            calculated;
        value           uniform 0;
    }
    outlet
    {
        type            calculated;
        value           uniform 0;
    }
    stove_body
    {
        type            calculated;
        value           uniform 0;
    }
    frontAndBack
    {
        type            empty;
    }
}


// ************************************************************************* //
