/*--------------------------------*- C++ -*----------------------------------*\
  =========                 |
  \\      /  F ield         | OpenFOAM: The Open Source CFD Toolbox
   \\    /   O peration     | Website:  https://openfoam.org
    \\  /    A nd           | Version:  6
     \\/     M anipulation  |
\*---------------------------------------------------------------------------*/
FoamFile
{
    version     2.0;
    format      ascii;
    class       volScalarField;
    location    "0.01";
    object      N2;
}
// * * * * * * * * * * * * * * * * * * * * * * * * * * * * * * * * * * * * * //

dimensions      [0 0 0 0 0 0 0];

internalField   nonuniform List<scalar> 
3773
(
0.596605
0.597413
0.594947
0.595576
0.598282
0.597395
0.598532
0.707163
0.714746
0.70871
0.711012
0.715423
0.713089
0.709166
0.65535
0.671342
0.671403
0.671344
0.671262
0.671254
0.655757
0.654767
0.661296
0.661952
0.660168
0.659846
0.662484
0.655709
0.655172
0.660976
0.671296
0.671253
0.671226
0.671276
0.655903
0.708936
0.713621
0.710715
0.71286
0.715436
0.712348
0.709134
0.599352
0.60499
0.596771
0.596224
0.598615
0.59715
0.599826
0.769931
0.790792
0.791456
0.791397
0.790695
0.78978
0.769494
0.983535
0.990031
0.988302
0.989311
0.990233
0.989653
0.984038
0.977298
0.973053
0.966493
0.970996
0.972526
0.96644
0.977895
0.980958
0.988616
0.988951
0.987288
0.987022
0.989464
0.982506
0.977363
0.984227
0.970204
0.971045
0.973833
0.969477
0.978213
0.984037
0.991071
0.98907
0.989983
0.990457
0.989819
0.984171
0.768216
0.780303
0.786913
0.79041
0.789735
0.789706
0.767564
0.893348
0.914687
0.919996
0.9178
0.913456
0.91017
0.891963
0.986897
0.995834
0.996371
0.995967
0.995736
0.99536
0.986826
0.992972
0.998629
0.998341
0.997979
0.998089
0.998302
0.992804
0.993519
0.999529
0.999626
0.999701
0.999691
0.999611
0.993618
0.992799
0.999068
0.99848
0.998031
0.998391
0.997845
0.992694
0.98693
0.995
0.995597
0.995321
0.995769
0.995374
0.98684
0.889033
0.905627
0.911716
0.909863
0.913384
0.910739
0.889187
0.961833
0.976878
0.978686
0.978179
0.977148
0.97567
0.961054
0.990526
0.998767
0.999027
0.998901
0.998792
0.998668
0.990448
0.993532
0.999883
0.999879
0.999875
0.999931
0.999882
0.993527
0.993872
0.999968
0.999986
0.99999
0.99999
0.99992
0.993862
0.993523
0.99995
0.999901
0.999927
0.999941
0.999847
0.993546
0.990419
0.998618
0.998806
0.99887
0.998765
0.99866
0.990401
0.959534
0.974232
0.976216
0.976833
0.976848
0.975884
0.959545
0.983315
0.995618
0.995963
0.996219
0.996488
0.996232
0.983067
0.991723
0.999647
0.999803
0.999805
0.999825
0.999744
0.991698
0.993568
0.999919
0.999994
0.999995
0.999995
0.999973
0.993567
0.993889
0.999989
1
1
0.999999
0.999946
0.99387
0.993566
0.999974
0.999992
0.999995
0.999996
0.999981
0.993582
0.99168
0.999711
0.999782
0.999801
0.999814
0.999732
0.991679
0.9826
0.995538
0.995725
0.996092
0.996283
0.996111
0.982583
0.986953
0.99949
0.999401
0.999363
0.999407
0.999373
0.98691
0.99206
0.999866
0.999971
0.999974
0.999979
0.99989
0.992039
0.993632
0.999907
0.999999
1
1
0.999977
0.99363
0.993961
0.999992
1
1
1
0.999949
0.99392
0.99363
0.999958
1
0.999999
1
0.999985
0.99364
0.992037
0.999904
0.999981
0.999977
0.999978
0.999905
0.992033
0.98664
0.999526
0.99954
0.999339
0.999325
0.999404
0.986656
1
1
1
1
1
1
1
1
1
1
1
1
1
1
1
1
1
1
1
1
1
1
1
1
1
1
1
1
1
1
1
1
1
1
1
1
1
1
1
1
1
1
1
1
1
1
1
1
1
0.99811
0.999204
0.999208
0.999202
0.99907
0.998598
0.997422
0.997628
0.998848
0.999015
0.998988
0.998843
0.998179
0.997306
0.994912
0.996096
0.996535
0.996585
0.996506
0.996283
0.995149
0.99167
0.991959
0.991409
0.989713
0.991389
0.991584
0.991185
0.996042
0.996826
0.996969
0.996933
0.996883
0.99665
0.995839
0.997437
0.998282
0.998856
0.999026
0.999094
0.998886
0.99778
0.997891
0.998898
0.99929
0.999313
0.9993
0.999267
0.9982
0.999846
0.999998
0.999994
0.999979
0.99994
0.999859
0.99839
0.999321
0.99996
0.999993
0.999987
0.999967
0.999959
0.99859
0.995722
0.997607
0.99823
0.998212
0.998181
0.997765
0.995645
0.993375
0.993746
0.992839
0.992016
0.993172
0.993531
0.993171
0.996687
0.997906
0.998077
0.997991
0.997956
0.997944
0.996497
0.998566
0.999918
0.999954
0.999982
0.999993
0.999956
0.999367
0.998468
0.999948
0.999972
0.999992
0.999997
0.999999
0.999873
0.99994
0.999997
0.999989
0.999964
0.999887
0.999739
0.999098
0.999485
0.999966
0.99999
0.999957
0.999886
0.999859
0.998771
0.996306
0.998484
0.999005
0.998943
0.998887
0.998624
0.996254
0.994868
0.995395
0.995382
0.995849
0.995639
0.99586
0.994943
0.996739
0.998468
0.998672
0.998685
0.998838
0.998478
0.996659
0.999006
0.99991
0.999857
0.999939
0.999985
0.999981
0.9996
0.998926
0.999828
0.999949
0.999988
0.999995
0.999998
0.999945
0.999995
0.999997
0.999993
0.999985
0.999974
0.999965
0.999932
0.99964
0.999982
0.999986
0.999937
0.999775
0.999563
0.999229
0.997813
0.999103
0.999396
0.999383
0.999324
0.998884
0.997259
0.995868
0.997036
0.997603
0.997095
0.997304
0.996601
0.99585
0.996912
0.998861
0.999216
0.999306
0.999341
0.999001
0.997195
0.999125
0.999568
0.999777
0.999917
0.999977
0.999991
0.999687
0.999382
0.999847
0.999965
0.999988
0.999994
0.999998
0.99999
0.999999
0.999998
0.999997
0.999996
0.999996
0.999997
0.999999
0.999815
0.999993
0.999988
0.999973
0.999944
0.999912
0.999886
0.99875
0.999309
0.999576
0.999616
0.99956
0.999303
0.99864
0.997624
0.998197
0.998498
0.998236
0.99857
0.998306
0.997708
0.998114
0.999183
0.999545
0.999496
0.99958
0.99929
0.998536
0.999645
0.999817
0.999939
0.999961
0.999981
0.999992
0.999825
0.999997
0.999998
0.999994
0.999994
0.999995
0.999997
0.999999
0.999999
0.999998
0.999996
0.999997
0.999998
0.999997
1
0.999976
0.999994
0.999983
0.999976
0.999968
0.999968
0.999997
0.999162
0.999581
0.999769
0.999754
0.999705
0.999427
0.999044
0.998535
0.998636
0.99887
0.998687
0.99894
0.998686
0.998506
0.998841
0.999355
0.999656
0.999746
0.999741
0.99945
0.998983
1
0.999991
0.999973
0.999974
0.99998
0.999992
0.999937
1
0.999999
0.999996
0.999995
0.999995
0.999997
0.999999
0.999999
0.999996
0.999993
0.999993
0.999997
0.999997
1
0.999998
0.999991
0.999975
0.999956
0.999954
0.999957
0.999991
0.999477
0.999747
0.999902
0.999796
0.999771
0.999699
0.999637
0.999033
0.999391
0.999342
0.999114
0.999462
0.999423
0.998977
0.999545
0.999634
0.999742
0.999835
0.999888
0.99968
0.99927
1
0.999981
0.999963
0.999965
0.999977
0.999991
0.999994
1
0.999998
0.999995
0.999993
0.999993
0.999996
0.999999
1
1
1
1
1
1
1
1
0.999996
0.999988
0.999981
0.999995
0.999999
1
1
0.999946
0.999924
0.999902
0.999961
0.999988
1
1
0.9997
0.99963
0.999498
0.99966
0.999654
1
1
0.999999
0.999971
0.999927
0.999939
0.999931
1
1
1
0.999998
0.999986
0.99999
0.999996
1
1
1
1
0.999999
1
0.999999
1
1
1
1
1
1
1
1
1
0.999998
0.999992
0.999989
0.999999
1
1
1
0.999972
0.999962
0.999952
0.99999
0.999999
1
1
0.999841
0.999809
0.99977
0.999817
0.999813
0.999995
1
0.999997
0.999996
0.999978
0.999974
0.999971
1
1
1
0.999999
0.999993
0.999994
0.999997
1
1
1
1
0.999999
0.999999
1
1
1
1
1
1
1
1
1
1
0.999999
0.999998
0.999998
1
1
1
0.999999
0.999987
0.999985
0.999984
0.999997
0.999996
1
1
0.99994
0.99991
0.999876
0.999911
0.999924
0.999998
1
0.999991
0.999992
0.999992
0.999989
0.999988
0.999999
1
1
0.999999
0.999998
0.999997
0.999999
1
1
1
1
1
0.999999
1
1
1
1
1
1
1
1
1
1
1
0.999999
1
1
1
1
0.999999
0.999994
0.999994
0.999995
0.999997
0.999994
1
1
0.999965
0.999953
0.999911
0.999956
0.999954
0.999999
1
0.999993
0.999991
0.999995
0.999995
0.999995
0.999999
1
1
1
1
0.999999
1
1
1
1
1
1
1
1
1
1
1
1
1
1
1
1
1
1
1
1
1
1
1
0.999999
0.999998
0.999998
0.999997
0.999997
0.999998
1
1
0.999986
0.999974
0.999961
0.999976
0.99998
1
1
0.999998
0.999996
0.999998
0.999998
0.999998
0.999999
1
1
1
1
1
1
1
1
1
1
1
1
1
1
1
1
1
1
1
1
1
1
1
1
1
1
1
1
1
0.999999
0.999999
0.999999
0.999999
0.999999
1
1
0.999993
0.999987
0.999983
0.999987
0.999989
1
1
0.999999
0.999999
1
0.999999
0.999999
1
1
1
1
1
1
1
1
1
1
1
1
1
1
1
1
1
1
1
1
1
1
1
1
1
1
1
1
1
1
1
1
1
1
1
1
1
0.999995
0.999992
0.999991
0.999993
0.999994
0.999999
1
1
1
1
1
1
1
1
1
1
1
1
1
1
1
1
1
1
1
1
1
1
0.999991
0.999989
0.999991
0.999998
1
1
1
0.999979
0.999966
0.999947
0.999977
0.999993
1
0.999966
0.999918
0.999898
0.999801
0.999847
0.999886
1
0.999641
0.999437
0.99938
0.999184
0.999483
0.999452
0.999559
1
0.999853
0.999748
0.999829
0.999891
0.999782
0.999692
1
0.999998
0.999978
0.999964
0.99997
0.999973
1
1
1
0.999999
0.999993
0.999992
0.99999
1
1
0.999993
0.999993
0.999993
0.999999
1
1
1
0.999984
0.999973
0.999956
0.999979
0.999994
1
1
0.999924
0.999901
0.999803
0.999857
0.999921
1
0.999864
0.999447
0.99939
0.999194
0.999489
0.999462
0.999717
1
0.999914
0.999762
0.999832
0.999893
0.999797
0.999914
1
0.999999
0.999983
0.999969
0.999976
0.999979
1
1
1
0.999999
0.999996
0.999994
0.999994
1
1
0.999994
0.999994
0.999994
0.999999
1
1
1
0.999985
0.999976
0.999959
0.999982
0.999996
1
1
0.99993
0.999903
0.999806
0.999872
0.999944
1
1
0.999467
0.999402
0.999215
0.999503
0.999489
0.999999
1
0.999958
0.999774
0.999835
0.999898
0.999825
1
1
1
0.999986
0.999971
0.999978
0.999983
1
1
1
0.999999
0.999996
0.999995
0.999995
1
1
0.999994
0.999994
0.999995
0.999999
1
1
1
0.999985
0.999977
0.999964
0.999985
0.999997
1
1
0.999937
0.999906
0.999812
0.999895
0.999959
1
1
0.999494
0.999428
0.999236
0.999514
0.9995
1
1
0.999978
0.999797
0.999841
0.9999
0.999837
1
1
1
0.999989
0.999971
0.999978
0.999979
1
1
1
0.999999
0.999995
0.999995
0.999994
1
1
0.999996
0.999994
0.999995
1
1
1
1
0.999988
0.999977
0.999971
0.999987
0.999998
1
1
0.999938
0.999907
0.999815
0.999906
0.999965
1
1
0.999513
0.999443
0.999267
0.999537
0.999521
1
1
0.999992
0.999836
0.999845
0.999901
0.999853
1
1
1
0.999991
0.999974
0.99998
0.999981
1
1
1
0.999999
0.999995
0.999995
0.999995
1
1
0.999996
0.999994
0.999995
1
1
1
1
0.999988
0.999979
0.999974
0.99999
0.999998
1
1
0.999936
0.999906
0.999822
0.999921
0.99997
1
1
0.999537
0.999473
0.99928
0.999545
0.999535
1
1
0.999992
0.999866
0.999856
0.999903
0.999861
1
1
1
0.999994
0.999977
0.999985
0.999984
1
1
1
0.999999
0.999997
0.999997
0.999994
1
1
0.999995
0.999996
0.999997
1
1
1
1
0.99999
0.999981
0.999979
0.999991
0.999999
1
1
0.999936
0.999906
0.999824
0.999926
0.999971
1
1
0.999563
0.999485
0.999298
0.999562
0.999555
1
1
0.999993
0.999892
0.999859
0.999905
0.999872
1
1
1
0.999995
0.999979
0.999987
0.999986
1
1
1
1
0.999998
0.999999
0.999994
1
1
1
1
1
1
1
1
1
1
1
1
1
1
1
1
1
1
1
1
1
1
1
0.999997
0.999995
0.999994
0.999995
0.999996
0.999999
1
1
1
1
1
1
1
1
1
1
1
1
1
1
1
1
1
1
1
1
1
1
1
1
1
1
1
1
1
1
1
1
1
1
1
1
1
1
1
1
1
1
1
0.999998
0.999996
0.999996
0.999996
0.999997
0.999999
1
1
1
1
1
1
1
1
1
1
1
1
1
1
1
1
1
1
1
1
1
1
1
1
1
1
1
1
1
1
1
1
1
1
1
1
1
1
1
1
1
1
1
0.999998
0.999997
0.999997
0.999997
0.999998
0.999999
1
1
1
1
1
1
1
1
1
1
1
1
1
1
1
1
1
1
1
1
1
1
1
1
1
1
1
1
1
1
1
1
1
1
1
1
1
1
1
1
1
1
1
0.999998
0.999998
0.999997
0.999998
0.999998
0.999999
1
1
1
1
1
1
1
1
1
1
1
1
1
1
1
1
1
1
1
1
1
1
1
1
1
1
1
1
1
1
1
1
1
1
1
1
1
1
1
1
1
1
1
0.999999
0.999998
0.999998
0.999998
0.999999
1
1
1
1
1
1
1
1
1
1
1
1
1
1
1
1
1
1
1
1
1
1
1
1
1
1
1
1
1
1
1
1
1
1
1
1
1
1
1
1
1
1
1
1
0.999999
0.999999
0.999999
0.999999
0.999999
1
1
1
1
1
1
1
1
1
1
1
1
1
1
1
1
1
1
1
1
1
1
1
1
1
1
1
1
1
1
1
1
1
1
1
1
1
1
1
1
1
1
1
1
1
0.999999
0.999999
1
1
1
1
1
1
1
1
1
1
1
1
1
1
1
1
1
1
1
1
1
1
1
1
1
1
1
1
1
1
1
1
1
1
1
1
1
1
1
1
1
1
1
1
1
1
1
1
1
1
1
1
1
1
1
1
1
1
1
1
1
1
1
1
1
1
1
1
1
1
1
1
1
1
1
1
1
1
1
1
1
1
1
1
1
1
1
1
1
1
1
1
1
1
1
1
1
1
1
1
1
1
1
1
1
1
1
1
1
1
1
1
1
1
1
1
1
1
1
1
1
1
1
1
1
1
1
1
1
1
1
1
1
1
1
1
1
1
1
1
1
1
1
1
1
1
1
1
1
1
1
1
1
1
1
1
1
1
1
1
1
1
1
1
1
1
1
1
1
1
1
1
1
1
1
1
1
1
1
1
1
1
1
1
1
1
1
1
1
1
1
1
1
1
1
1
1
1
1
1
1
1
1
1
1
1
1
1
1
1
1
1
1
1
1
1
1
1
1
1
1
1
1
1
1
1
1
1
1
1
1
1
1
1
1
1
1
1
1
1
1
1
1
1
1
1
1
1
1
1
1
1
1
1
1
1
1
1
1
1
1
1
1
1
1
1
1
1
1
1
1
1
1
1
1
1
1
1
1
1
1
1
1
1
1
1
1
1
1
1
1
1
1
1
1
1
1
1
1
1
1
1
1
1
1
1
1
1
1
1
1
1
1
1
1
1
1
1
1
1
1
1
1
1
1
1
1
1
1
1
1
1
1
1
1
1
1
1
1
1
1
1
1
1
1
1
1
1
1
1
1
1
1
1
1
1
1
1
1
1
1
1
1
1
1
1
1
1
1
1
1
1
1
1
1
1
1
1
1
1
1
1
1
1
1
1
1
1
1
1
1
1
1
1
1
1
1
1
1
1
1
1
1
1
1
1
1
1
1
1
1
1
1
1
1
1
1
1
1
1
1
1
1
1
1
1
1
1
1
1
1
1
1
1
1
1
1
1
1
1
1
1
1
1
1
1
1
1
1
1
1
1
1
1
1
1
1
1
1
1
1
1
1
1
1
1
1
1
1
1
1
1
1
1
1
1
1
1
1
1
1
1
1
1
1
1
1
1
1
1
1
1
1
1
1
1
1
1
1
1
1
1
1
1
1
1
1
1
1
1
1
1
1
1
1
1
1
1
1
1
1
1
1
1
1
1
1
1
1
1
1
1
1
1
1
1
1
1
1
1
1
1
1
1
1
1
1
1
1
1
1
1
1
1
1
1
1
1
1
1
1
1
1
1
1
1
1
1
1
1
1
1
1
1
1
1
1
1
1
1
1
1
1
1
1
1
1
1
1
1
1
1
1
1
1
1
1
1
1
1
1
1
1
1
1
1
1
1
1
1
1
1
1
1
1
1
1
1
1
1
1
1
1
1
1
1
1
1
1
1
1
1
1
1
1
1
1
1
1
1
1
1
1
1
1
1
1
1
1
1
1
1
1
1
1
1
1
1
1
1
1
1
1
1
1
1
1
1
1
1
1
1
1
1
1
1
1
1
1
1
1
1
1
1
1
1
1
1
1
1
1
1
1
1
1
1
1
1
1
1
1
1
1
1
1
1
1
1
1
1
1
1
1
1
1
1
1
1
1
1
1
1
1
1
1
1
1
1
1
1
1
1
1
1
1
1
1
1
1
1
1
1
1
1
1
1
1
1
1
1
1
1
1
1
1
1
1
1
1
1
1
1
1
1
1
1
1
1
1
1
1
1
1
1
1
1
1
1
1
1
1
1
1
1
1
1
1
1
1
1
1
1
1
1
1
1
1
1
1
1
1
1
1
1
1
1
1
1
1
1
1
1
1
1
1
1
1
1
1
1
1
1
1
1
1
1
1
1
1
1
1
1
1
1
1
1
1
1
1
1
1
1
1
1
1
1
1
1
1
1
1
1
1
1
1
1
1
1
1
1
1
1
1
1
1
1
1
1
1
1
1
1
1
1
1
1
1
1
1
1
1
1
1
1
1
1
1
1
1
1
1
1
1
1
1
1
1
1
1
1
1
1
1
1
1
1
1
1
1
1
1
1
1
1
1
1
1
1
1
1
1
1
1
1
1
1
1
1
1
1
1
1
1
1
1
1
1
1
1
1
1
1
1
1
1
1
1
1
1
1
1
1
1
1
1
1
1
1
1
1
1
1
1
1
1
1
1
1
1
1
1
1
1
1
1
1
1
1
1
1
1
1
1
1
1
1
1
1
1
1
1
1
1
1
1
1
1
1
1
1
1
1
1
1
1
1
1
1
1
1
1
1
1
1
1
1
1
1
1
1
1
1
1
1
1
1
1
1
1
1
1
1
1
1
1
1
1
1
1
1
1
1
1
1
1
1
1
1
1
1
1
1
1
1
1
1
1
1
1
1
1
1
1
1
1
1
1
1
1
1
1
1
1
1
1
1
1
1
1
1
1
1
1
1
1
1
1
1
1
1
1
1
1
1
1
1
1
1
1
1
1
1
1
1
1
1
1
1
1
1
1
1
1
1
1
1
1
1
1
1
1
1
1
1
1
1
1
1
1
1
1
1
1
1
1
1
1
1
1
1
1
1
1
1
1
1
1
1
1
1
1
1
1
1
1
1
1
1
1
1
1
1
1
1
1
1
1
1
1
1
1
1
1
1
1
1
1
1
1
1
1
1
1
1
1
1
1
1
1
1
1
1
1
1
1
1
1
1
1
1
1
1
1
1
1
1
1
1
1
1
1
1
1
1
1
1
1
1
1
1
1
1
1
1
1
1
1
1
1
1
1
1
1
1
1
1
1
1
1
1
1
1
1
1
1
1
1
1
1
1
1
1
1
1
1
1
1
1
1
1
1
1
1
1
1
1
1
1
1
1
1
1
1
1
1
1
1
1
1
1
1
1
1
1
1
1
1
1
1
1
1
1
1
1
1
1
1
1
1
1
1
1
1
1
1
1
1
1
1
1
1
1
1
1
1
1
1
1
1
1
1
1
1
1
1
1
1
1
1
1
1
1
1
1
1
1
1
1
1
1
1
1
1
1
1
1
1
1
1
1
1
1
1
1
1
1
1
1
1
1
1
1
1
1
1
1
1
1
1
1
1
1
1
1
1
1
1
1
1
1
1
1
1
1
1
1
1
1
1
1
1
1
1
1
1
1
1
1
1
1
1
1
1
1
1
1
1
1
1
1
1
1
1
1
1
1
1
1
1
1
1
1
1
1
1
1
1
1
1
1
1
1
1
1
1
1
1
1
1
1
1
1
1
1
1
1
1
1
1
1
1
1
1
1
1
1
1
1
1
1
1
1
1
1
1
1
1
1
1
1
1
1
1
1
1
1
1
1
1
1
1
1
1
1
1
1
1
1
1
1
1
1
1
1
1
1
1
1
1
1
1
1
1
1
1
1
1
1
1
1
1
1
1
1
1
1
1
1
1
1
1
1
1
1
1
1
1
1
1
1
1
1
1
1
1
1
1
1
1
1
1
1
1
1
1
1
1
1
1
1
1
1
1
1
1
1
1
1
1
1
1
1
1
1
1
1
1
1
1
1
1
1
1
1
1
1
1
1
1
1
1
1
1
1
1
1
1
1
1
1
1
1
1
1
1
1
1
1
1
1
1
1
1
1
1
1
1
1
1
1
1
1
1
1
1
1
1
1
1
1
1
1
1
1
1
1
1
1
1
1
1
1
1
1
1
1
1
1
1
1
1
1
1
1
1
1
1
1
1
1
1
1
1
1
1
1
1
1
1
1
1
1
1
1
1
1
1
1
1
1
1
1
1
1
1
1
1
1
1
1
1
1
1
1
1
1
1
1
1
1
1
1
1
1
1
1
1
1
1
1
1
1
1
1
1
1
1
1
1
1
1
1
1
1
1
1
1
1
1
1
1
1
1
1
1
1
1
1
1
1
1
1
1
1
1
1
1
1
1
1
1
1
1
1
1
1
1
1
1
1
1
1
1
1
1
1
1
1
1
1
1
1
1
1
1
1
1
1
1
1
1
1
1
1
1
1
1
1
1
1
1
1
1
1
1
1
1
1
1
1
1
1
1
1
1
1
1
1
1
1
1
1
1
1
1
1
1
1
1
1
1
1
1
1
1
1
1
1
1
1
1
1
1
1
1
1
1
1
1
1
1
1
1
1
1
1
1
1
1
1
1
1
1
1
1
1
1
1
1
1
1
1
1
1
1
1
1
1
1
1
1
1
1
1
1
1
1
1
1
1
1
1
1
1
1
1
1
1
1
1
1
1
1
1
1
1
1
1
1
1
1
1
1
1
1
1
1
1
1
1
1
1
1
1
1
1
1
1
1
1
1
1
1
1
1
1
1
1
1
1
1
1
1
1
1
1
1
1
1
1
1
1
1
1
1
1
1
1
1
1
1
1
1
1
1
1
1
1
1
1
1
1
1
1
1
1
1
1
1
1
1
1
1
1
1
1
1
1
1
1
1
1
1
1
1
1
1
1
1
1
1
1
1
1
1
1
1
1
1
1
1
1
1
1
1
1
1
1
1
1
1
1
1
1
1
1
1
1
1
1
1
1
1
1
1
1
1
1
1
1
1
1
1
1
1
1
1
1
1
1
1
1
1
1
1
1
1
1
1
1
1
1
1
1
1
1
1
1
1
1
1
1
1
1
1
1
1
1
1
1
1
1
1
1
1
1
1
1
1
1
1
1
1
1
1
1
1
1
1
1
1
1
)
;

boundaryField
{
    fuel
    {
        type            fixedValue;
        value           uniform 0;
    }
    primary_air
    {
        type            fixedValue;
        value           uniform 0.77;
    }
    Secondary_air_RHS
    {
        type            fixedValue;
        value           uniform 0.77;
    }
    Secondary_air_LHS
    {
        type            fixedValue;
        value           uniform 0.77;
    }
    outlet
    {
        type            inletOutlet;
        inletValue      uniform 0;
        value           nonuniform List<scalar> 
98
(
1
1
1
1
1
1
1
1
1
1
1
1
1
1
1
1
1
1
1
1
1
1
1
1
1
1
1
1
1
1
1
1
1
1
1
1
1
1
1
1
1
1
1
1
1
1
1
1
1
1
1
1
1
1
1
1
1
1
1
1
1
1
1
1
1
1
1
1
1
1
1
1
1
1
1
1
1
1
1
1
1
1
1
1
1
1
1
1
1
1
1
1
1
1
1
1
1
1
)
;
    }
    stove_body
    {
        type            fixedValue;
        value           uniform 0;
    }
    frontAndBack
    {
        type            empty;
    }
}


// ************************************************************************* //
