/*--------------------------------*- C++ -*----------------------------------*\
  =========                 |
  \\      /  F ield         | OpenFOAM: The Open Source CFD Toolbox
   \\    /   O peration     | Website:  https://openfoam.org
    \\  /    A nd           | Version:  6
     \\/     M anipulation  |
\*---------------------------------------------------------------------------*/
FoamFile
{
    version     2.0;
    format      ascii;
    class       volScalarField;
    location    "0.01";
    object      Qdot;
}
// * * * * * * * * * * * * * * * * * * * * * * * * * * * * * * * * * * * * * //

dimensions      [1 -1 -3 0 0 0 0];

internalField   nonuniform List<scalar> 
3773
(
0
0
0
0
0
0
0
0
0
5.65883e-05
5.65883e-05
0
1.92718e-05
0
0
0
0
0
0
0
0
-0.000113177
0
0
0
0.000113177
0
0
-2.17946e-09
0
0
0.000113177
0.000113174
-2.17946e-09
0
3.73143e-05
0
5.65883e-05
0
0
3.73143e-05
5.65883e-05
0
0
0
0
0
0
1.86582e-05
0
0
0
0
-2.82942e-05
0
-1.08973e-09
2.32792e-06
0
0
0
0
0
0
0
4.66456e-06
-4.35891e-09
0
-4.35891e-09
0
0
7.07354e-06
0
0
-1.20885e-06
3.53677e-06
2.33228e-06
0
0
0
0
0
0
0
7.07354e-06
0
0
0
-4.35891e-09
0
0
0
2.82942e-05
0
2.82942e-05
0
0
0
0
0
0
0
0
0
0
-9.32912e-06
0
0
5.8307e-07
0
-4.35891e-09
0
0
0
2.91535e-07
2.91535e-07
0
-4.35891e-09
2.91535e-07
0
1.16614e-06
0
0
1.10524e-07
0
1.10524e-07
1.76838e-06
-4.35891e-09
0
0
2.87176e-07
4.35891e-09
0
0
-4.35891e-09
0
0
5.8307e-07
5.8307e-07
-4.35891e-09
0
0
0
0
0
-2.17946e-09
0
0
2.33228e-06
0
0
3.53677e-06
0
0
0
0
1.50126e-07
0
0
0
4.42096e-07
0
-4.35891e-09
0
0
-4.35891e-09
0
0
1.76838e-06
1.76838e-06
0
0
0
0
0
0
0
4.75156e-09
0
-3.19899e-08
9.11047e-09
-5.5262e-08
0
3.53677e-06
0
1.45768e-07
1.45768e-07
0
0
0
0
-2.17946e-09
0
0
0
0
-2.17946e-09
0
0
0
0
0
4.42096e-07
0
0
0
0
0
0
0
0
0
0
0
0
1.13881e-09
0
1.16614e-06
0
0
0
0
0
-9.11047e-09
-4.35891e-09
0
-4.35891e-09
0
-4.35891e-09
1.72694e-09
0
-4.35891e-09
-4.35891e-09
0
0
0
0
0
0
0
0
-2.17946e-09
0
0
0
0
1.76838e-06
0
0
0
0
0
-2.17946e-09
0
1.82209e-08
0
0
0
0
0
1.16178e-06
2.7631e-08
2.15867e-10
-8.89694e-12
-1.07934e-10
-6.90775e-09
1.76838e-06
0
0
0
0
0
0
0
2.93452e-06
1.38155e-08
0
0
0
-4.35891e-09
0
0
2.25799e-08
6.63653e-09
0
6.90775e-09
0
0
0
-3.64419e-08
0
0
-2.17946e-09
-2.17946e-09
-2.17946e-09
0
-2.17946e-09
0
0
0
0
0
0
0
0
0
0
0
0
0
0
0
-4.35891e-09
0
0
0
0
0
0
-4.35891e-09
0
0
0
0
0
0
0
0
0
0
0
0
0
0
0
-4.35891e-09
-4.35891e-09
2.17946e-09
0
-2.17946e-09
0
0
0
0
2.17946e-09
0
0
0
0
0
0
0
-2.50289e-12
0
0
-4.35891e-09
0
0
0
0
0
0
1.00116e-11
0
0
0
-8.71782e-09
0
0
0
0
8.71782e-09
0
-1.00116e-11
0
0
0
0
0
-4.35891e-09
0
0
2.50289e-12
2.50289e-12
0
0
0
1.25145e-12
0
0
6.25724e-13
0
0
0
0
0
-2.17946e-09
0
-2.17946e-09
0
0
0
-4.35891e-09
0
0
0
0
0
0
-5.00579e-12
0
0
0
0
0
0
-8.71782e-09
0
0
0
0
0
0
0
0
0
0
0
0
0
0
0
0
0
0
0
-2.17946e-09
0
0
0
0
0
2.17946e-09
0
0
0
0
0
0
0
-4.35891e-09
0
0
3.12862e-13
4.35891e-09
0
0
0
0
0
0
5.00579e-12
0
0
0
-8.71782e-09
0
0
-8.71782e-09
2.00232e-11
1.00116e-11
0
0
-5.00579e-12
5.00579e-12
-8.71782e-09
0
0
0
-4.35891e-09
1.56431e-13
3.91077e-14
0
0
0
0
0
0
0
0
0
0
0
0
-2.17946e-09
2.17946e-09
0
-2.17946e-09
4.35891e-09
0
0
0
0
0
0
0
0
0
0
-2.50289e-12
0
0
0
-1.00116e-11
0
0
-1.00116e-11
0
0
0
0
0
0
0
-8.71782e-09
0
0
1.25145e-12
6.25724e-13
0
0
-4.35891e-09
0
6.25724e-13
0
0
0
4.88847e-15
0
-2.17945e-09
0
0
0
0
-2.17946e-09
-2.17946e-09
-2.17946e-09
0
-4.35891e-09
0
0
0
-4.35891e-09
0
-8.71782e-09
0
0
0
0
0
0
1.00116e-11
8.71782e-09
0
0
0
0
1.00116e-11
0
-8.71782e-09
0
0
0
2.50289e-12
-8.71782e-09
0
0
0
0
0
4.35891e-09
0
0
0
-2.17946e-09
0
4.88847e-15
0
-2.17945e-09
-2.17946e-09
0
-2.17946e-09
0
0
0
-2.17946e-09
0
0
0
-4.35891e-09
0
0
0
-8.71532e-09
0
6.25724e-13
0
1.25145e-12
8.71782e-09
-8.71782e-09
0
8.71782e-09
0
0
0
0
0
-8.71782e-09
0
8.71782e-09
0
0
0
0
0
1.95539e-14
-4.35891e-09
-4.35891e-09
-4.35891e-09
0
-4.35891e-09
0
2.17946e-09
0
0
0
0
0
6.11058e-16
0
0
0
0
0
0
0
0
0
0
0
0
0
0
0
-3.12862e-13
0
0
1.25145e-12
-8.71782e-09
0
-8.71782e-09
2.50289e-12
0
0
2.50289e-12
0
0
-1.25145e-12
0
0
0
0
2.50289e-12
-4.35891e-09
0
0
0
0
0
0
0
-2.17946e-09
4.88847e-15
0
0
0
2.17946e-09
0
0
0
0
0
0
0
0
0
0
0
0
1.22212e-15
0
0
0
0
0
0
0
-1.52765e-16
0
0
0
0
0
0
0
0
0
0
0
0
0
0
-4.35891e-09
0
-4.35891e-09
0
0
0
0
0
0
0
-2.17946e-09
0
0
0
0
0
-2.17946e-09
0
0
0
2.38695e-18
0
4.88847e-15
0
0
0
-4.35891e-09
0
0
-7.82154e-14
0
0
0
0
0
1.90956e-17
-6.25724e-13
0
0
0
0
-1.95539e-14
0
0
0
0
0
0
0
1.90956e-17
0
2.44423e-15
0
0
0
6.11058e-16
9.54778e-18
2.17946e-09
0
0
0
0
0
0
2.17946e-09
0
0
0
0
-2.38695e-18
0
0
-4.35891e-09
0
0
-4.35891e-09
0
0
0
0
0
0
9.77693e-15
0
0
0
0
0
3.12862e-13
0
0
0
0
0
0
3.91077e-14
0
0
0
0
-4.35891e-09
0
0
0
-4.35891e-09
0
-2.17946e-09
0
-2.17946e-09
0
0
0
-2.17946e-09
0
3.81911e-17
0
-2.17946e-09
0
0
1.52765e-16
0
0
0
0
0
0
0
0
0
0
0
0
0
0
0
0
0
0
0
0
0
0
0
0
0
0
0
-4.35891e-09
7.63823e-17
-4.35891e-09
-4.35891e-09
0
0
1.52765e-16
0
0
0
0
0
-2.17946e-09
0
-2.17946e-09
0
0
0
0
0
-2.38695e-18
0
0
6.11058e-16
0
0
0
0
0
0
0
0
0
0
0
0
0
0
0
7.82154e-14
0
-8.71782e-09
0
0
0
0
0
0
0
0
-4.35891e-09
-4.35891e-09
-4.35891e-09
6.11058e-16
0
0
0
0
0
2.17946e-09
0
0
-2.17946e-09
0
0
-2.17946e-09
0
0
0
2.38695e-18
0
-4.35891e-09
0
3.05529e-16
0
0
0
0
0
0
2.44423e-15
4.88847e-15
0
0
0
0
0
0
0
0
0
0
0
0
0
0
0
0
0
0
0
4.35891e-09
-4.35891e-09
0
0
0
-2.17946e-09
2.17946e-09
0
0
-2.17946e-09
0
9.54778e-18
0
2.17946e-09
0
0
0
0
-4.35891e-09
0
0
3.81911e-17
0
0
0
0
0
0
0
0
0
0
0
1.95539e-14
0
0
0
0
0
0
0
0
0
0
0
0
-4.35891e-09
0
0
0
4.35891e-09
0
0
0
-2.17946e-09
0
0
0
0
0
0
0
0
0
0
2.17946e-09
0
-4.35891e-09
0
7.82154e-14
0
0
0
0
0
0
3.12862e-13
6.25724e-13
0
0
0
1.25145e-12
0
0
0
0
0
0
0
6.25724e-13
0
0
0
0
0
0
4.88847e-15
-4.35891e-09
7.82154e-14
-4.35891e-09
-4.35891e-09
0
0
0
0
0
0
0
0
0
0
0
0
-2.17946e-09
0
0
0
-4.35895e-09
0
0
0
0
4.35891e-09
-8.71782e-09
0
-3.12862e-13
0
0
0
0
0
0
-8.71782e-09
0
0
0
0
0
-8.71782e-09
0
-6.25724e-13
0
-8.7172e-09
0
0
0
0
0
4.35891e-09
0
0
0
0
0
0
-2.17945e-09
0
0
-2.17946e-09
0
0
-2.17946e-09
0
0
0
0
0
4.35891e-09
0
0
-4.35891e-09
0
0
0
3.12862e-13
0
0
-8.71782e-09
-8.71782e-09
0
0
0
0
0
0
0
0
0
0
0
0
8.71782e-09
0
0
0
0
0
0
0
0
0
0
0
0
0
0
-2.17946e-09
0
0
-2.17946e-09
-2.17946e-09
0
0
0
0
-4.35887e-09
0
0
0
0
0
0
0
0
0
0
0
0
0
-8.71782e-09
0
2.50289e-12
0
-8.71782e-09
0
0
8.71782e-09
0
0
0
-6.25724e-13
0
-4.35891e-09
0
0
0
-4.35891e-09
0
0
0
0
2.17946e-09
0
0
0
0
0
-2.17946e-09
0
0
0
-2.17946e-09
0
0
0
0
0
0
0
0
8.71782e-09
0
0
0
0
0
0
0
0
0
0
0
0
0
0
0
0
0
3.12862e-13
-6.25724e-13
0
0
-4.35891e-09
0
-7.82154e-14
0
0
-4.35891e-09
0
2.17946e-09
0
0
0
2.17946e-09
0
0
-2.17946e-09
4.88847e-15
0
0
0
0
0
0
0
0
0
-4.35891e-09
0
0
0
0
0
0
0
0
0
0
0
0
0
0
0
0
0
0
6.25724e-13
0
0
0
0
-7.63823e-17
0
0
-4.35891e-09
0
0
0
-2.17946e-09
0
2.17946e-09
0
0
0
0
0
0
-2.17946e-09
0
0
-2.17946e-09
0
0
-3.91077e-14
0
-4.35891e-09
0
-4.35891e-09
0
0
0
0
0
0
0
0
0
0
0
0
0
0
0
0
0
0
0
0
0
0
0
4.35891e-09
0
0
0
0
0
0
0
-2.17946e-09
-2.17946e-09
0
0
0
0
-2.17946e-09
-5.96736e-19
-2.17946e-09
-2.17946e-09
0
0
0
0
0
0
0
0
0
0
6.11058e-16
0
0
0
0
0
0
-1.95539e-14
0
-1.95539e-14
0
0
0
1.52765e-16
0
0
0
0
0
-4.35891e-09
4.35891e-09
0
0
0
0
0
0
0
0
0
0
7.45921e-20
0
0
0
0
0
0
1.49184e-19
0
0
0
0
0
0
0
-4.35891e-09
-1.90956e-17
0
0
0
0
0
1.52765e-16
0
0
0
0
0
0
2.44423e-15
0
1.52765e-16
6.11058e-16
0
0
0
0
-4.35891e-09
4.77389e-18
0
0
0
-4.35891e-09
0
0
0
0
0
0
0
0
0
1.19347e-18
0
0
-2.17946e-09
0
0
0
0
0
0
0
0
0
0
0
1.22212e-15
0
0
0
0
1.22212e-15
0
0
0
0
0
2.44423e-15
0
0
1.22212e-15
0
0
0
0
0
9.54778e-18
0
0
-4.35891e-09
0
-4.35891e-09
-2.17946e-09
0
-2.17946e-09
1.19347e-18
0
0
0
-2.17946e-09
0
0
0
0
0
-5.96736e-19
0
0
0
0
0
0
9.54778e-18
0
0
0
0
1.22212e-15
0
0
0
0
0
0
0
0
0
0
0
0
0
0
0
3.05529e-16
9.54778e-18
4.35891e-09
-4.35891e-09
-4.35891e-09
0
0
0
0
2.17946e-09
0
0
-2.17946e-09
0
0
0
-2.17946e-09
0
0
0
0
0
0
0
0
0
0
0
-4.35891e-09
0
0
0
1.22212e-15
0
0
0
0
0
4.88847e-15
4.88847e-15
0
0
0
0
0
0
0
0
0
0
0
0
0
0
0
0
-4.35891e-09
0
0
0
0
0
-2.17946e-09
1.19347e-18
0
0
2.17946e-09
-2.17946e-09
0
0
0
0
0
1.90956e-17
1.90956e-17
0
0
-4.35891e-09
0
0
0
0
0
3.05529e-16
0
0
0
0
0
0
0
0
0
0
6.11058e-16
0
0
0
0
-4.35891e-09
0
0
0
9.54778e-18
4.35891e-09
0
0
0
0
-1.19347e-18
0
0
0
0
0
0
0
0
0
0
0
0
0
0
4.77389e-18
0
0
0
0
0
0
0
0
1.52765e-16
0
1.22212e-15
0
0
1.22212e-15
0
0
0
0
0
0
0
1.52765e-16
-1.52765e-16
0
-4.35891e-09
0
0
0
0
0
0
0
0
0
0
0
0
2.17946e-09
0
0
0
0
0
0
-4.35891e-09
0
0
-4.35891e-09
0
0
0
0
-3.81911e-17
0
4.662e-21
0
0
4.35891e-09
0
0
0
0
0
1.8648e-20
2.98368e-19
0
0
0
0
0
0
0
0
0
0
3.7296e-20
0
0
0
-2.17946e-09
0
0
0
-2.17946e-09
0
0
0
0
0
0
0
0
0
-4.35891e-09
0
1.8648e-20
0
-4.35891e-09
0
0
0
0
0
0
0
0
0
0
0
0
-3.81911e-17
0
0
0
0
0
0
0
0
0
0
0
0
0
0
0
-2.98368e-19
0
0
0
0
1.49184e-19
0
0
0
7.45921e-20
0
3.7296e-20
0
-2.17946e-09
0
0
0
0
0
0
0
-4.35891e-09
0
0
0
0
0
7.45921e-20
0
0
0
0
0
0
0
0
0
0
0
0
0
0
2.98368e-19
0
0
-4.35891e-09
0
-4.35891e-09
0
0
-4.35891e-09
0
0
0
0
2.98368e-19
0
0
0
0
0
-2.17946e-09
-2.17946e-09
0
0
0
0
0
0
-1.49184e-19
0
0
0
0
0
0
9.54778e-18
0
-4.35891e-09
1.22212e-15
0
6.11058e-16
3.05529e-16
0
0
0
0
0
0
0
0
0
0
0
0
0
-4.77389e-18
0
0
0
0
0
0
-2.17946e-09
0
-2.17946e-09
0
0
0
-2.17946e-09
0
0
0
0
-4.35891e-09
4.35891e-09
-4.35891e-09
0
4.35891e-09
0
0
0
0
0
0
0
0
4.77389e-18
0
0
-6.11058e-16
0
0
0
0
0
0
0
0
0
0
0
-4.35891e-09
9.54778e-18
-4.35891e-09
0
0
4.77389e-18
0
0
0
0
0
0
2.17946e-09
0
0
0
0
0
-2.17946e-09
0
0
0
0
0
0
0
0
0
0
0
0
0
0
0
0
0
-6.11058e-16
0
0
0
0
0
-1.52765e-16
0
7.63823e-17
0
0
0
0
0
-4.35891e-09
-4.35891e-09
0
0
0
0
1.19347e-18
0
0
0
0
0
0
0
0
-2.17946e-09
0
0
0
0
0
4.77389e-18
-4.35891e-09
4.35891e-09
0
0
-2.38695e-18
0
0
0
0
0
0
0
0
0
0
3.05529e-16
0
0
1.52765e-16
0
0
-3.81911e-17
0
0
0
-9.54778e-18
5.96736e-19
0
0
-4.35891e-09
0
0
0
-2.17946e-09
0
2.98368e-19
0
0
0
2.98368e-19
0
0
-2.17946e-09
0
0
0
0
-4.35891e-09
0
0
0
-3.7296e-20
0
0
0
0
0
0
0
0
0
1.8648e-20
0
0
0
1.49184e-19
0
0
0
0
0
0
0
0
0
0
4.35891e-09
0
0
0
0
0
0
0
-2.17946e-09
0
0
2.331e-21
0
3.7296e-20
0
2.17946e-09
0
-1.49184e-19
0
-2.17946e-09
4.35891e-09
0
0
0
0
2.98368e-19
0
0
0
0
0
0
0
-9.54778e-18
0
0
0
0
0
0
0
0
0
0
0
0
0
0
0
0
0
0
9.32401e-21
0
0
0
0
0
0
0
-1.8648e-20
-2.17946e-09
0
2.98368e-19
0
0
0
2.98368e-19
0
2.98368e-19
4.35891e-09
5.96736e-19
-4.35891e-09
-4.35891e-09
0
0
2.98368e-19
0
0
0
0
0
0
0
0
0
0
-3.05529e-16
6.11058e-16
0
-4.35891e-09
0
0
0
3.81911e-17
0
0
0
0
0
0
0
0
0
-2.17946e-09
0
7.45921e-20
0
-2.17946e-09
-7.45921e-20
0
0
-2.17946e-09
0
0
0
1.19347e-18
1.19347e-18
-4.35891e-09
0
-4.35891e-09
0
-4.35891e-09
0
0
0
0
3.81911e-17
0
0
0
0
0
0
0
0
0
0
0
0
0
0
0
7.63823e-17
0
0
2.98368e-19
0
0
0
0
0
0
2.17946e-09
0
0
0
0
-2.17946e-09
0
5.96736e-19
0
0
0
0
-2.17946e-09
0
0
-4.35891e-09
0
-4.35891e-09
0
0
0
0
0
0
0
0
0
0
0
3.05529e-16
0
0
0
6.11058e-16
1.22212e-15
0
0
0
0
0
0
0
0
0
-4.35891e-09
0
0
0
-4.35891e-09
0
0
-2.17946e-09
0
0
0
0
0
0
0
0
-2.17946e-09
0
1.19347e-18
2.38695e-18
0
4.35891e-09
0
0
0
0
0
7.63823e-17
-7.63823e-17
0
0
0
0
0
0
0
6.11058e-16
0
0
0
0
0
0
7.63823e-17
0
0
0
4.77389e-18
0
-9.54778e-18
0
0
-1.90956e-17
-4.35891e-09
0
-2.17946e-09
0
0
2.17946e-09
0
-2.17946e-09
0
0
0
0
0
0
-2.17946e-09
0
0
-4.35891e-09
0
-4.35891e-09
1.19347e-18
0
0
3.81911e-17
0
0
0
0
0
0
0
3.05529e-16
0
0
0
0
0
0
0
0
0
0
0
-4.35891e-09
-4.35891e-09
0
0
0
0
0
0
2.17946e-09
0
0
0
0
0
0
0
0
0
0
5.8275e-22
0
0
0
0
0
0
1.1655e-21
0
0
0
0
4.662e-21
0
0
0
0
0
3.7296e-20
0
0
0
0
0
0
-4.35891e-09
9.32401e-21
0
0
0
0
-4.35891e-09
0
1.45688e-22
0
0
0
9.10548e-24
0
3.64219e-23
0
0
-5.8275e-22
1.1655e-21
3.64219e-23
0
0
0
0
0
-2.17946e-09
0
0
-4.35891e-09
0
2.331e-21
-4.35891e-09
0
3.7296e-20
7.45921e-20
0
0
0
0
0
0
0
2.38695e-18
0
0
0
0
0
0
0
0
0
0
4.35891e-09
-4.35891e-09
0
0
-4.35891e-09
0
0
0
0
1.8211e-23
0
0
0
0
-2.17946e-09
0
0
0
0
0
0
0
0
0
4.35891e-09
0
-4.35891e-09
0
0
0
0
0
2.98368e-19
0
0
0
0
0
0
0
0
0
0
0
0
0
0
0
0
0
-4.35891e-09
0
-4.35891e-09
-9.32401e-21
3.7296e-20
0
0
0
0
1.45688e-22
0
0
-2.17946e-09
-2.17946e-09
0
0
0
0
0
-2.17946e-09
-2.17946e-09
-1.45688e-22
0
0
-4.35891e-09
4.35891e-09
2.98368e-19
0
0
0
0
0
0
0
0
0
0
0
0
0
0
0
0
0
-4.35891e-09
0
0
0
0
4.35891e-09
0
0
-3.7296e-20
0
0
-4.35891e-09
0
0
0
1.1655e-21
0
0
0
3.64219e-23
0
0
0
0
0
2.17946e-09
0
0
0
0
0
0
0
0
0
0
0
1.19347e-18
0
0
0
0
0
0
0
0
1.52765e-16
0
-4.35891e-09
0
0
-4.35891e-09
0
0
-4.35891e-09
0
0
0
0
0
0
0
0
0
0
0
0
0
0
0
0
1.1655e-21
0
-2.17946e-09
7.45921e-20
-4.35891e-09
0
0
0
-4.35891e-09
1.19347e-18
2.38695e-18
1.19347e-18
0
0
0
0
0
0
0
0
0
0
1.52765e-16
0
0
0
0
0
0
4.35891e-09
0
0
0
0
0
0
0
0
0
4.55274e-24
0
2.17946e-09
0
0
0
0
2.17946e-09
2.17946e-09
0
-1.1655e-21
0
2.331e-21
0
0
1.1655e-21
1.8648e-20
0
0
0
-4.35891e-09
-4.35891e-09
0
0
0
0
0
0
0
0
0
0
0
0
0
0
0
-4.35891e-09
0
0
0
-4.35891e-09
-4.35891e-09
0
0
0
0
-4.35891e-09
4.35891e-09
0
0
0
0
0
9.32401e-21
0
-2.17946e-09
0
2.17946e-09
0
0
0
0
0
2.331e-21
2.331e-21
0
-2.98368e-19
0
-4.35891e-09
-4.35891e-09
-4.35891e-09
0
0
0
-4.35891e-09
0
0
0
0
-4.35891e-09
0
-4.35891e-09
0
0
0
0
0
0
0
0
-1.45688e-22
-5.8275e-22
0
0
0
0
0
0
2.17946e-09
0
0
0
9.32401e-21
0
0
0
0
0
0
0
0
0
0
0
0
0
0
0
0
0
0
5.96736e-19
0
0
0
0
-4.35891e-09
0
3.81911e-17
0
-4.35891e-09
0
0
0
0
0
0
-4.35891e-09
0
0
4.35891e-09
0
0
0
2.331e-21
0
0
0
0
0
0
0
0
0
0
0
0
0
0
0
-4.35891e-09
0
0
0
0
0
0
0
0
-4.35891e-09
-4.35891e-09
0
0
-4.35891e-09
0
0
0
0
-4.35891e-09
0
0
0
0
0
0
0
0
0
3.64219e-23
2.91375e-22
-4.35891e-09
-4.35891e-09
0
0
0
0
0
0
0
0
0
0
0
0
0
0
0
0
0
0
0
0
0
0
0
0
0
0
4.35891e-09
0
-4.35891e-09
0
0
-9.54778e-18
0
0
-4.35891e-09
0
0
0
0
0
0
1.19347e-18
0
0
0
0
0
0
0
0
0
0
0
0
0
0
3.64219e-23
0
0
5.55754e-28
0
0
0
0
0
0
2.84546e-25
0
0
0
0
0
0
0
0
0
0
0
0
-4.35891e-09
0
0
0
9.54778e-18
0
0
0
0
0
0
4.35891e-09
0
0
0
9.10548e-24
0
0
0
0
9.10548e-24
0
0
0
0
0
0
0
0
0
0
0
0
2.77877e-28
0
0
0
0
0
0
0
0
0
0
-4.35891e-09
0
0
0
0
0
0
-4.35891e-09
0
0
-4.35891e-09
0
0
0
0
5.96736e-19
0
0
0
0
0
0
2.27637e-24
0
0
4.55274e-24
0
0
0
0
0
0
0
0
0
0
0
0
-1.08546e-30
-4.34183e-30
0
0
0
0
0
0
1.13818e-24
-1.13818e-24
0
0
0
0
-4.35891e-09
-4.35891e-09
0
2.38695e-18
4.35891e-09
0
0
4.35891e-09
-4.35891e-09
0
0
-4.35891e-09
2.98368e-19
0
0
0
0
0
0
0
0
0
0
0
4.34183e-30
0
2.17946e-09
0
0
-2.17946e-09
0
0
0
0
0
9.10548e-24
0
-2.27637e-24
1.1655e-21
0
0
-4.35891e-09
1.8211e-23
1.8211e-23
-4.35891e-09
3.7296e-20
0
0
0
0
0
0
5.96736e-19
0
0
0
0
0
0
0
0
0
0
0
3.7296e-20
0
0
0
3.64219e-23
0
0
1.13818e-24
0
0
0
0
0
0
0
0
0
0
0
0
0
0
0
-4.35891e-09
0
-4.35891e-09
0
0
-4.35891e-09
4.35891e-09
2.98368e-19
0
0
0
0
0
0
0
0
-9.54778e-18
0
0
0
0
0
0
0
0
0
0
0
7.45921e-20
0
4.35891e-09
0
0
0
0
0
0
0
0
0
0
0
0
0
0
0
0
0
0
0
0
0
4.662e-21
0
0
0
-4.35891e-09
-4.35891e-09
0
0
0
0
0
0
0
0
0
1.90956e-17
0
0
0
0
0
0
0
5.96736e-19
0
0
0
0
-4.35891e-09
0
4.55274e-24
9.10548e-24
-2.17946e-09
0
0
0
0
0
2.84546e-25
2.17946e-09
0
0
0
0
-2.17946e-09
-2.17946e-09
-4.35891e-09
0
0
0
0
0
7.28438e-23
0
0
0
2.38695e-18
-4.35891e-09
1.19347e-18
0
0
0
0
0
1.90956e-17
0
0
0
0
0
0
0
0
0
0
0
0
0
-4.35891e-09
0
-9.10548e-24
-2.17946e-09
0
0
0
0
0
0
2.17946e-09
0
0
2.91375e-22
-2.17946e-09
0
0
0
0
-4.35891e-09
0
-4.35891e-09
7.28438e-23
0
1.19347e-18
5.96736e-19
0
-4.35891e-09
-4.35891e-09
0
0
0
0
0
0
0
0
0
0
0
0
0
0
0
0
0
0
0
0
0
0
-4.35891e-09
1.8648e-20
0
0
4.55274e-24
0
0
0
0
0
0
0
0
0
0
0
0
0
0
0
0
0
0
0
0
4.35891e-09
-4.35891e-09
0
0
0
1.52765e-16
0
0
0
0
0
0
0
0
0
1.19347e-18
0
0
0
0
9.32401e-21
0
0
0
-4.35891e-09
0
0
-2.17946e-09
0
-2.17946e-09
0
0
0
-2.17946e-09
-2.17946e-09
0
-2.17946e-09
0
-2.27637e-24
0
0
0
0
0
-4.35891e-09
7.28438e-23
0
0
0
0
0
4.77389e-18
0
0
0
0
0
0
0
0
0
4.35891e-09
0
0
0
0
4.35891e-09
0
0
0
0
0
0
0
0
1.1655e-21
0
0
0
-2.17946e-09
0
3.7296e-20
-2.17946e-09
1.1655e-21
0
0
0
1.13818e-24
0
-4.35891e-09
1.8648e-20
0
0
0
-4.35891e-09
0
0
0
0
0
0
0
0
-4.35891e-09
0
0
0
4.35891e-09
0
0
0
0
0
4.35891e-09
0
0
0
0
4.662e-21
0
4.35891e-09
0
1.8211e-23
0
-2.17946e-09
0
0
0
0
0
0
0
0
0
0
0
5.69092e-25
0
0
0
0
0
0
0
0
0
0
0
0
4.35891e-09
0
0
0
0
0
0
1.90956e-17
0
-4.35891e-09
0
0
0
0
0
0
0
0
0
0
3.64219e-23
0
4.35891e-09
0
2.17946e-09
0
0
0
5.69092e-25
-2.17946e-09
0
0
0
0
0
0
0
0
0
0
0
0
0
1.8211e-23
1.19347e-18
0
5.96736e-19
0
0
0
0
0
0
0
4.35891e-09
1.90956e-17
0
0
1.19347e-18
0
0
-4.35891e-09
0
2.98368e-19
-4.35891e-09
0
0
0
0
4.35891e-09
0
0
0
0
0
0
0
0
0
0
0
0
0
0
0
0
4.662e-21
0
0
0
9.10548e-24
0
0
0
0
0
5.96736e-19
0
0
0
0
-4.35891e-09
-4.35891e-09
0
0
0
0
-4.35891e-09
0
0
0
0
0
0
0
0
0
0
0
0
0
0
0
0
0
0
0
0
0
0
0
0
0
0
0
0
0
0
0
0
0
0
0
0
-4.35891e-09
-4.35891e-09
0
0
0
0
-4.35891e-09
0
0
0
4.35891e-09
-4.35891e-09
0
0
0
4.35891e-09
0
0
0
-4.55274e-24
0
0
0
0
0
-2.27637e-24
0
0
0
0
2.77877e-28
8.89207e-27
0
0
0
0
0
0
0
0
0
0
0
0
0
0
0
-5.96736e-19
0
0
0
0
4.35891e-09
-5.96736e-19
0
4.77389e-18
-4.35891e-09
0
-4.35891e-09
0
0
-4.35891e-09
0
0
0
0
0
0
0
0
0
0
5.69092e-25
0
0
0
0
0
0
3.47346e-29
0
0
0
8.68366e-30
0
0
8.68366e-30
0
0
0
0
0
0
0
0
0
-4.35891e-09
0
-4.35891e-09
0
0
0
0
0
4.35891e-09
0
0
0
0
0
0
0
-4.35891e-09
3.7296e-20
0
0
0
0
0
0
0
2.84546e-25
0
0
-2.17946e-09
-1.08546e-30
0
0
0
0
1.08546e-30
)
;

boundaryField
{
    fuel
    {
        type            calculated;
        value           uniform 0;
    }
    primary_air
    {
        type            calculated;
        value           uniform 0;
    }
    Secondary_air_RHS
    {
        type            calculated;
        value           uniform 0;
    }
    Secondary_air_LHS
    {
        type            calculated;
        value           uniform 0;
    }
    outlet
    {
        type            calculated;
        value           uniform 0;
    }
    stove_body
    {
        type            calculated;
        value           uniform 0;
    }
    frontAndBack
    {
        type            empty;
    }
}


// ************************************************************************* //
