/*--------------------------------*- C++ -*----------------------------------*\
  =========                 |
  \\      /  F ield         | OpenFOAM: The Open Source CFD Toolbox
   \\    /   O peration     | Website:  https://openfoam.org
    \\  /    A nd           | Version:  6
     \\/     M anipulation  |
\*---------------------------------------------------------------------------*/
FoamFile
{
    version     2.0;
    format      ascii;
    class       volScalarField;
    location    "0.01";
    object      N2;
}
// * * * * * * * * * * * * * * * * * * * * * * * * * * * * * * * * * * * * * //

dimensions      [0 0 0 0 0 0 0];

internalField   nonuniform List<scalar> 
3773
(
0.596251
0.597717
0.595356
0.596276
0.598235
0.597851
0.598178
0.706242
0.713916
0.70837
0.710675
0.714079
0.712173
0.708313
0.654599
0.671215
0.67001
0.669119
0.668905
0.671109
0.655005
0.654549
0.660968
0.660838
0.659956
0.660122
0.662635
0.655446
0.654488
0.660245
0.668789
0.668549
0.668797
0.669518
0.655118
0.708504
0.713413
0.710612
0.712759
0.715225
0.712075
0.708668
0.59962
0.605206
0.597979
0.59728
0.599371
0.59821
0.599911
0.767316
0.787813
0.78841
0.788302
0.787442
0.786028
0.766739
0.985065
0.991424
0.990057
0.990879
0.991865
0.991364
0.98558
0.976748
0.971866
0.968812
0.971778
0.973353
0.965372
0.97756
0.980788
0.988457
0.988147
0.987346
0.987575
0.989962
0.982312
0.977152
0.983751
0.971511
0.972077
0.974208
0.969767
0.977733
0.985593
0.992721
0.990853
0.991717
0.992185
0.991516
0.985722
0.765276
0.777674
0.783075
0.786479
0.786802
0.786106
0.764709
0.895718
0.917577
0.920105
0.919315
0.914914
0.91154
0.893877
0.987131
0.996253
0.996303
0.996231
0.995653
0.995423
0.987023
0.992957
0.998655
0.997375
0.997882
0.998139
0.998126
0.992653
0.993506
0.999512
0.999718
0.999711
0.999739
0.99966
0.993612
0.992578
0.999044
0.998268
0.998083
0.998339
0.997782
0.992663
0.987139
0.995166
0.995605
0.995425
0.995796
0.995423
0.987067
0.890482
0.906924
0.911
0.910331
0.914304
0.911437
0.890486
0.963073
0.977969
0.979258
0.978924
0.977943
0.976484
0.962083
0.990626
0.998857
0.999036
0.998982
0.998833
0.998708
0.990531
0.993539
0.999894
0.999817
0.999869
0.999901
0.999915
0.993532
0.993868
0.999964
0.99999
0.999991
0.999991
0.999934
0.993866
0.993532
0.999955
0.999899
0.999925
0.999911
0.99985
0.993551
0.990492
0.998647
0.998763
0.998874
0.998864
0.99873
0.990471
0.960329
0.974686
0.976246
0.977029
0.97727
0.976282
0.960248
0.983558
0.995742
0.99626
0.996311
0.996635
0.996368
0.983261
0.991759
0.999641
0.999819
0.999815
0.999833
0.999747
0.991724
0.993572
0.999934
0.999993
0.999995
0.999993
0.999978
0.993574
0.993887
0.999987
1
1
0.999999
0.999955
0.993874
0.993572
0.99998
0.999993
0.999995
0.999995
0.999982
0.993587
0.991701
0.999742
0.999806
0.999808
0.999814
0.999739
0.991701
0.982712
0.995686
0.996028
0.99606
0.996338
0.996055
0.982669
0.986944
0.999494
0.99948
0.999449
0.999429
0.999448
0.986919
0.992079
0.999863
0.999974
0.999977
0.99998
0.999891
0.992056
0.993637
0.999923
1
1
1
0.999982
0.993637
0.99396
0.999992
1
1
1
0.999952
0.993924
0.993634
0.999962
1
1
1
0.999986
0.993645
0.992049
0.999929
0.999978
0.999979
0.999978
0.999925
0.992047
0.986605
0.999554
0.999493
0.999491
0.999328
0.999502
0.986609
1
1
1
1
1
1
1
1
1
1
1
1
1
1
1
1
1
1
1
1
1
1
1
1
1
1
1
1
1
1
1
1
1
1
1
1
1
1
1
1
1
1
1
1
1
1
1
1
1
0.997971
0.998912
0.999163
0.999287
0.999315
0.999204
0.998297
0.997603
0.998603
0.998793
0.998833
0.99889
0.998685
0.997474
0.994616
0.995803
0.996039
0.995937
0.996054
0.995807
0.994649
0.99097
0.99107
0.990435
0.98952
0.990562
0.991081
0.990761
0.994923
0.995934
0.996166
0.995997
0.996143
0.99592
0.995024
0.997664
0.998801
0.998982
0.998962
0.998932
0.998692
0.997674
0.998048
0.999205
0.999337
0.99932
0.999236
0.999028
0.998172
0.999529
0.999998
0.999996
0.999994
0.99999
0.999984
0.999957
0.999078
0.999992
0.999995
0.999977
0.999896
0.999739
0.99907
0.995383
0.997491
0.998054
0.998412
0.99821
0.997671
0.995344
0.993508
0.993824
0.993359
0.992428
0.993368
0.993884
0.993483
0.995864
0.997559
0.998102
0.998199
0.997842
0.997413
0.995542
0.998882
0.999912
0.999974
0.999994
0.999994
0.999971
0.999001
0.999194
0.999939
0.999992
0.999997
0.999999
0.999999
0.999441
0.999743
1
0.999999
0.999999
0.999999
0.999999
1
0.999402
0.999991
0.999987
0.999942
0.999886
0.999827
0.999799
0.996511
0.998701
0.998979
0.998881
0.99894
0.9985
0.99717
0.99505
0.996032
0.995929
0.996231
0.995956
0.996061
0.994886
0.996369
0.998598
0.998839
0.99864
0.998843
0.998409
0.996126
0.999326
0.999756
0.99993
0.999983
0.999993
0.99996
0.99924
0.999969
0.99999
0.999998
0.999999
0.999999
1
0.999732
0.999861
1
0.999999
0.999999
0.999998
0.999999
1
0.999615
0.999997
0.999988
0.99998
0.999977
0.999969
0.999984
0.998221
0.99916
0.99934
0.999366
0.999358
0.998987
0.997923
0.996618
0.997579
0.997588
0.997183
0.997657
0.997463
0.996466
0.997919
0.999042
0.999294
0.999243
0.999271
0.999047
0.9979
0.999782
0.999873
0.999946
0.99998
0.999995
0.999983
0.999515
1
1
0.999999
0.999999
0.999999
1
0.999879
0.99997
0.999999
1
0.999998
0.999998
0.999999
1
0.999824
0.999999
0.999998
0.999992
0.999975
0.999946
0.999982
0.998939
0.999443
0.999555
0.999513
0.999493
0.999262
0.998503
0.998353
0.998514
0.998759
0.99862
0.998646
0.998358
0.998089
0.9985
0.999272
0.999529
0.999441
0.999541
0.999349
0.998782
0.999992
0.999985
0.999984
0.999991
0.999997
0.999998
0.999818
1
0.999999
0.999999
0.999999
0.999999
0.999999
0.999975
0.999993
1
1
0.999998
0.999997
0.999998
1
0.999968
0.999998
0.999997
0.999981
0.999953
0.999922
0.999965
0.999498
0.999728
0.999815
0.999763
0.999683
0.999475
0.999091
0.998853
0.998934
0.998974
0.998847
0.998985
0.99893
0.998934
0.999159
0.999487
0.999669
0.999693
0.999738
0.999655
0.99946
0.999984
0.999963
0.999964
0.999982
0.999995
0.999998
0.999994
1
0.999999
0.999998
0.999998
0.999999
0.999999
0.999997
1
0.999999
1
0.999998
0.999997
0.999998
1
1
0.999997
0.999993
0.999974
0.999962
0.99996
0.999984
0.999795
0.999862
0.999898
0.999858
0.999836
0.999744
0.999623
0.999283
0.999273
0.999318
0.999231
0.999385
0.999314
0.999146
0.999663
0.999731
0.999783
0.999845
0.999897
0.999887
0.999823
0.999973
0.999957
0.999954
0.999964
0.99999
0.999996
1
1
0.999999
0.999998
0.999997
0.999999
0.999999
1
1
1
1
1
1
1
1
1
1
0.999998
0.999995
0.999994
0.999998
1
1
0.999962
0.999953
0.99993
0.999955
0.999985
1
1
0.999749
0.999717
0.999663
0.999704
0.999721
1
1
0.999986
0.99996
0.999945
0.999963
0.999974
1
1
0.999999
0.999994
0.999991
0.999998
1
1
1
1
1
1
1
1
1
1
1
1
1
1
1
1
1
1
0.999997
0.999996
0.999998
1
1
1
0.999978
0.999972
0.999974
0.999987
0.999998
1
1
0.999861
0.999855
0.99984
0.99988
0.999847
1
1
1
0.999989
0.99998
0.999982
0.999987
1
1
1
0.999998
0.999997
0.999999
1
1
1
1
1
1
1
1
1
1
1
1
1
1
1
1
1
1
1
0.999999
1
1
1
1
0.999992
0.999988
0.99999
0.999996
0.999999
1
1
0.999945
0.999913
0.999902
0.999932
0.99994
1
1
0.999997
0.999997
0.999994
0.999993
0.999996
1
1
1
1
1
1
1
1
1
1
1
1
1
1
1
1
1
1
1
1
1
1
1
1
1
1
1
1
1
1
0.999997
0.999996
0.999996
0.999999
0.999996
1
1
0.999968
0.999944
0.999943
0.99995
0.999966
1
1
0.999994
0.999994
0.999997
0.999998
0.999998
1
1
1
1
1
1
1
1
1
1
1
1
1
1
1
1
1
1
1
1
1
1
1
1
1
1
1
1
1
1
0.999998
0.999997
0.999998
0.999997
0.999996
1
1
0.999982
0.999962
0.99997
0.999979
0.99998
1
1
0.999996
0.999994
0.999998
0.999999
0.999999
1
1
1
1
1
1
1
1
1
1
1
1
1
1
1
1
1
1
1
1
1
1
1
1
1
1
1
1
1
1
0.999999
0.999999
0.999999
0.999998
0.999999
1
1
0.999993
0.999986
0.999983
0.999986
0.999993
1
1
0.999999
0.999998
0.999999
0.999999
1
1
1
1
1
1
1
1
1
1
1
1
1
1
1
1
1
1
1
1
1
1
1
1
1
1
1
1
1
1
1
1
1
1
0.999999
1
1
1
0.999996
0.999993
0.999995
0.999995
0.999996
1
1
1
1
1
1
1
1
1
1
1
1
1
1
1
1
1
1
1
1
1
1
1
0.999999
1
0.999999
0.999999
0.999999
1
1
0.999991
0.999991
0.999977
0.999974
0.999991
1
1
0.999933
0.999929
0.999912
0.99989
0.999936
1
0.999419
0.999318
0.999428
0.999462
0.999508
0.999457
0.999452
1
0.999801
0.999855
0.999846
0.999935
0.999948
1
1
0.999977
0.999967
0.99996
0.999985
0.999991
1
1
0.999999
0.999998
0.999998
0.999999
1
1
1
0.999999
1
0.999999
0.999999
1
1
1
0.999993
0.999994
0.999982
0.999979
0.999992
1
1
0.999942
0.999937
0.999912
0.999895
0.999942
1
0.99948
0.999349
0.999452
0.99948
0.999518
0.999485
0.999515
1
0.999824
0.999859
0.99985
0.999942
0.999952
1
1
0.999983
0.999972
0.999965
0.999988
0.999994
1
1
0.999999
0.999999
0.999999
0.999999
1
1
1
0.999999
1
0.999999
0.999999
1
1
1
0.999994
0.999995
0.999983
0.99998
0.999993
1
1
0.999947
0.99994
0.999915
0.999899
0.999947
1
0.999628
0.999443
0.999466
0.999489
0.999532
0.9995
0.999654
1
0.999852
0.999866
0.999857
0.999944
0.999951
1
1
0.999986
0.999975
0.999968
0.999989
0.999995
1
1
1
0.999999
0.999999
1
1
1
1
0.999999
1
0.999999
0.999999
1
1
1
0.999993
0.999995
0.999986
0.999982
0.999994
1
1
0.999947
0.99994
0.999919
0.999905
0.999954
1
0.999695
0.999541
0.999493
0.999499
0.999545
0.999531
0.999734
1
0.99988
0.999878
0.999866
0.999943
0.99995
1
1
0.999991
0.99998
0.999972
0.999989
0.999996
1
1
1
0.999999
0.999999
1
1
1
1
1
1
1
0.999999
1
1
1
0.999996
0.999995
0.999987
0.999985
0.999995
1
1
0.999949
0.999938
0.999919
0.999909
0.999957
1
0.999806
0.999571
0.999508
0.999505
0.999563
0.999544
0.9999
1
0.99991
0.999885
0.999871
0.999941
0.999949
1
1
0.999993
0.999983
0.999975
0.999991
0.999997
1
1
1
0.999999
0.999999
1
1
1
1
1
1
1
1
1
1
1
0.999998
0.999994
0.999989
0.999989
0.999996
1
1
0.999953
0.999932
0.999916
0.999914
0.999964
1
1
0.9996
0.999539
0.999516
0.999575
0.999573
1
1
0.999927
0.999899
0.99988
0.999937
0.999946
1
1
0.999996
0.999988
0.999983
0.999993
0.999998
1
1
1
1
1
1
1
1
1
1
1
1
1
1
1
1
0.999998
0.999996
0.999992
0.999991
0.999997
1
1
0.999954
0.999933
0.999914
0.999915
0.999965
1
1
0.999617
0.999551
0.999522
0.999598
0.999587
1
1
0.999947
0.999905
0.99989
0.999937
0.999947
1
1
0.999997
0.999991
0.999987
0.999996
0.999999
1
1
1
1
1
1
1
1
1
1
1
1
1
1
1
1
1
1
1
1
1
1
1
1
1
1
1
1
1
1
0.999998
0.999994
0.999996
0.999996
0.999997
1
1
1
1
0.999999
0.999999
0.999999
1
1
1
1
1
1
1
1
1
1
1
1
1
1
1
1
1
1
1
1
1
1
1
1
1
1
1
1
1
1
1
1
1
1
1
1
1
0.999998
0.999995
0.999996
0.999997
0.999998
1
1
1
1
0.999999
1
1
1
1
1
1
1
1
1
1
1
1
1
1
1
1
1
1
1
1
1
1
1
1
1
1
1
1
1
1
1
1
1
1
1
1
1
1
1
0.999998
0.999996
0.999997
0.999997
0.999998
1
1
1
1
0.999999
1
1
1
1
1
1
1
1
1
1
1
1
1
1
1
1
1
1
1
1
1
1
1
1
1
1
1
1
1
1
1
1
1
0.999999
1
1
1
1
1
0.999999
0.999997
0.999997
0.999998
0.999999
1
1
1
1
1
1
1
1
1
1
1
1
1
1
1
1
1
1
1
1
1
1
1
1
1
1
1
1
1
1
1
1
1
1
1
1
1
1
1
1
1
1
1
1
0.999999
0.999998
0.999998
0.999998
0.999999
1
1
1
1
1
1
1
1
1
1
1
1
1
1
1
1
1
1
1
1
1
1
1
1
1
1
1
1
1
1
1
1
1
1
1
1
1
1
1
1
1
1
1
1
0.999999
0.999999
0.999999
0.999999
0.999999
1
1
1
1
1
1
1
1
1
1
1
1
1
1
1
1
1
1
1
1
1
1
1
1
1
1
1
1
1
1
1
1
1
1
1
1
1
1
1
1
1
1
1
1
1
1
1
0.999999
1
1
1
1
1
1
1
1
1
1
1
1
1
1
1
1
1
1
1
1
1
1
1
1
1
1
1
1
1
1
1
1
1
1
1
1
1
1
1
1
1
1
1
1
1
1
1
1
1
1
1
1
1
1
1
1
1
1
1
1
1
1
1
1
1
1
1
1
1
1
1
1
1
1
1
1
1
1
1
1
1
1
1
1
1
1
1
1
1
1
1
1
1
1
1
1
1
1
1
1
1
1
1
1
1
1
1
1
1
1
1
1
1
1
1
1
1
1
1
1
1
1
1
1
1
1
1
1
1
1
1
1
1
1
1
1
1
1
1
1
1
1
1
1
1
1
1
1
1
1
1
1
1
1
1
1
1
1
1
1
1
1
1
1
1
1
1
1
1
1
1
1
1
1
1
1
1
1
1
1
1
1
1
1
1
1
1
1
1
1
1
1
1
1
1
1
1
1
1
1
1
1
1
1
1
1
1
1
1
1
1
1
1
1
1
1
1
1
1
1
1
1
1
1
1
1
1
1
1
1
1
1
1
1
1
1
1
1
1
1
1
1
1
1
1
1
1
1
1
1
1
1
1
1
1
1
1
1
1
1
1
1
1
1
1
1
1
1
1
1
1
1
1
1
1
1
1
1
1
1
1
1
1
1
1
1
1
1
1
1
1
1
1
1
1
1
1
1
1
1
1
1
1
1
1
1
1
1
1
1
1
1
1
1
1
1
1
1
1
1
1
1
1
1
1
1
1
1
1
1
1
1
1
1
1
1
1
1
1
1
1
1
1
1
1
1
1
1
1
1
1
1
1
1
1
1
1
1
1
1
1
1
1
1
1
1
1
1
1
1
1
1
1
1
1
1
1
1
1
1
1
1
1
1
1
1
1
1
1
1
1
1
1
1
1
1
1
1
1
1
1
1
1
1
1
1
1
1
1
1
1
1
1
1
1
1
1
1
1
1
1
1
1
1
1
1
1
1
1
1
1
1
1
1
1
1
1
1
1
1
1
1
1
1
1
1
1
1
1
1
1
1
1
1
1
1
1
1
1
1
1
1
1
1
1
1
1
1
1
1
1
1
1
1
1
1
1
1
1
1
1
1
1
1
1
1
1
1
1
1
1
1
1
1
1
1
1
1
1
1
1
1
1
1
1
1
1
1
1
1
1
1
1
1
1
1
1
1
1
1
1
1
1
1
1
1
1
1
1
1
1
1
1
1
1
1
1
1
1
1
1
1
1
1
1
1
1
1
1
1
1
1
1
1
1
1
1
1
1
1
1
1
1
1
1
1
1
1
1
1
1
1
1
1
1
1
1
1
1
1
1
1
1
1
1
1
1
1
1
1
1
1
1
1
1
1
1
1
1
1
1
1
1
1
1
1
1
1
1
1
1
1
1
1
1
1
1
1
1
1
1
1
1
1
1
1
1
1
1
1
1
1
1
1
1
1
1
1
1
1
1
1
1
1
1
1
1
1
1
1
1
1
1
1
1
1
1
1
1
1
1
1
1
1
1
1
1
1
1
1
1
1
1
1
1
1
1
1
1
1
1
1
1
1
1
1
1
1
1
1
1
1
1
1
1
1
1
1
1
1
1
1
1
1
1
1
1
1
1
1
1
1
1
1
1
1
1
1
1
1
1
1
1
1
1
1
1
1
1
1
1
1
1
1
1
1
1
1
1
1
1
1
1
1
1
1
1
1
1
1
1
1
1
1
1
1
1
1
1
1
1
1
1
1
1
1
1
1
1
1
1
1
1
1
1
1
1
1
1
1
1
1
1
1
1
1
1
1
1
1
1
1
1
1
1
1
1
1
1
1
1
1
1
1
1
1
1
1
1
1
1
1
1
1
1
1
1
1
1
1
1
1
1
1
1
1
1
1
1
1
1
1
1
1
1
1
1
1
1
1
1
1
1
1
1
1
1
1
1
1
1
1
1
1
1
1
1
1
1
1
1
1
1
1
1
1
1
1
1
1
1
1
1
1
1
1
1
1
1
1
1
1
1
1
1
1
1
1
1
1
1
1
1
1
1
1
1
1
1
1
1
1
1
1
1
1
1
1
1
1
1
1
1
1
1
1
1
1
1
1
1
1
1
1
1
1
1
1
1
1
1
1
1
1
1
1
1
1
1
1
1
1
1
1
1
1
1
1
1
1
1
1
1
1
1
1
1
1
1
1
1
1
1
1
1
1
1
1
1
1
1
1
1
1
1
1
1
1
1
1
1
1
1
1
1
1
1
1
1
1
1
1
1
1
1
1
1
1
1
1
1
1
1
1
1
1
1
1
1
1
1
1
1
1
1
1
1
1
1
1
1
1
1
1
1
1
1
1
1
1
1
1
1
1
1
1
1
1
1
1
1
1
1
1
1
1
1
1
1
1
1
1
1
1
1
1
1
1
1
1
1
1
1
1
1
1
1
1
1
1
1
1
1
1
1
1
1
1
1
1
1
1
1
1
1
1
1
1
1
1
1
1
1
1
1
1
1
1
1
1
1
1
1
1
1
1
1
1
1
1
1
1
1
1
1
1
1
1
1
1
1
1
1
1
1
1
1
1
1
1
1
1
1
1
1
1
1
1
1
1
1
1
1
1
1
1
1
1
1
1
1
1
1
1
1
1
1
1
1
1
1
1
1
1
1
1
1
1
1
1
1
1
1
1
1
1
1
1
1
1
1
1
1
1
1
1
1
1
1
1
1
1
1
1
1
1
1
1
1
1
1
1
1
1
1
1
1
1
1
1
1
1
1
1
1
1
1
1
1
1
1
1
1
1
1
1
1
1
1
1
1
1
1
1
1
1
1
1
1
1
1
1
1
1
1
1
1
1
1
1
1
1
1
1
1
1
1
1
1
1
1
1
1
1
1
1
1
1
1
1
1
1
1
1
1
1
1
1
1
1
1
1
1
1
1
1
1
1
1
1
1
1
1
1
1
1
1
1
1
1
1
1
1
1
1
1
1
1
1
1
1
1
1
1
1
1
1
1
1
1
1
1
1
1
1
1
1
1
1
1
1
1
1
1
1
1
1
1
1
1
1
1
1
1
1
1
1
1
1
1
1
1
1
1
1
1
1
1
1
1
1
1
1
1
1
1
1
1
1
1
1
1
1
1
1
1
1
1
1
1
1
1
1
1
1
1
1
1
1
1
1
1
1
1
1
1
1
1
1
1
1
1
1
1
1
1
1
1
1
1
1
1
1
1
1
1
1
1
1
1
1
1
1
1
1
1
1
1
1
1
1
1
1
1
1
1
1
1
1
1
1
1
1
1
1
1
1
1
1
1
1
1
1
1
1
1
1
1
1
1
1
1
1
1
1
1
1
1
1
1
1
1
1
1
1
1
1
1
1
1
1
1
1
1
1
1
1
1
1
1
1
1
1
1
1
1
1
1
1
1
1
1
1
1
1
1
1
1
1
1
1
1
1
1
1
1
1
1
1
1
1
1
1
1
1
1
1
1
1
1
1
1
1
1
1
1
1
1
1
1
1
1
1
1
1
1
1
1
1
1
1
1
1
1
1
1
1
1
1
1
1
1
1
1
1
1
1
1
1
1
1
1
1
1
1
1
1
1
1
1
1
1
1
1
1
1
1
1
1
1
1
1
1
1
1
1
1
1
1
1
1
1
1
1
1
1
1
1
1
1
1
1
1
1
1
1
1
1
1
1
1
1
1
1
1
1
1
1
1
1
1
1
1
1
1
1
1
1
1
1
1
1
1
1
1
1
1
1
1
1
1
1
1
1
1
1
1
1
1
1
1
1
1
1
1
1
1
1
1
1
1
1
1
1
1
1
1
1
1
1
1
1
1
1
1
1
1
1
1
1
1
1
1
1
1
1
1
1
1
1
1
1
1
1
1
1
1
1
1
1
1
1
1
1
1
1
1
1
1
1
1
1
1
1
1
1
1
1
1
1
1
1
1
1
1
1
1
1
1
1
1
1
1
1
1
1
1
1
1
1
1
1
1
1
1
1
1
1
1
1
1
1
1
1
1
1
1
1
1
1
1
1
1
1
1
1
1
1
1
1
1
1
1
1
1
1
1
1
1
1
1
1
1
1
1
1
1
1
1
1
1
1
1
1
1
1
1
1
1
1
1
1
1
1
1
1
1
1
1
1
1
1
1
1
1
1
1
1
1
1
1
1
1
1
1
1
1
1
1
1
1
1
1
1
1
1
1
1
1
1
1
1
1
1
1
1
1
1
1
1
1
1
1
1
1
1
1
1
1
1
1
1
1
1
1
1
1
1
1
1
1
1
1
1
1
1
1
1
1
1
1
1
1
1
1
1
1
1
1
1
1
1
1
1
1
1
1
1
1
1
1
1
1
1
1
1
1
1
1
1
1
1
1
1
1
1
1
1
1
1
1
1
1
1
1
1
1
1
1
1
1
1
1
1
1
1
1
1
1
1
1
1
1
1
1
1
1
1
1
1
1
1
1
1
1
1
1
1
1
1
1
1
1
1
1
1
1
1
1
1
1
1
1
1
1
1
1
1
1
1
1
1
1
1
1
1
1
1
1
1
1
1
1
1
1
1
1
1
1
1
1
1
1
1
1
1
1
1
1
1
1
1
1
1
1
1
1
1
1
1
1
1
1
1
1
1
1
1
1
1
1
1
1
1
1
1
1
1
1
1
1
1
1
1
1
1
1
1
1
1
1
1
1
1
1
1
1
1
1
1
1
1
1
1
1
1
1
1
1
1
1
)
;

boundaryField
{
    fuel
    {
        type            fixedValue;
        value           uniform 0;
    }
    primary_air
    {
        type            fixedValue;
        value           uniform 0.77;
    }
    Secondary_air_RHS
    {
        type            fixedValue;
        value           uniform 0.77;
    }
    Secondary_air_LHS
    {
        type            fixedValue;
        value           uniform 0.77;
    }
    outlet
    {
        type            inletOutlet;
        inletValue      uniform 0;
        value           nonuniform List<scalar> 
98
(
1
1
1
1
1
1
1
1
1
1
1
1
1
1
1
1
1
1
1
1
1
1
1
1
1
1
1
1
1
1
1
1
1
1
1
1
1
1
1
1
1
1
1
1
1
1
1
1
1
1
1
1
1
1
1
1
1
1
1
1
1
1
1
1
1
1
1
1
1
1
1
1
1
1
1
1
1
1
1
1
1
1
1
1
1
1
1
1
1
1
1
1
1
1
1
1
1
1
)
;
    }
    stove_body
    {
        type            fixedValue;
        value           uniform 0;
    }
    frontAndBack
    {
        type            empty;
    }
}


// ************************************************************************* //
