/*--------------------------------*- C++ -*----------------------------------*\
  =========                 |
  \\      /  F ield         | OpenFOAM: The Open Source CFD Toolbox
   \\    /   O peration     | Website:  https://openfoam.org
    \\  /    A nd           | Version:  6
     \\/     M anipulation  |
\*---------------------------------------------------------------------------*/
FoamFile
{
    version     2.0;
    format      ascii;
    class       volScalarField;
    location    "0.01";
    object      Qdot;
}
// * * * * * * * * * * * * * * * * * * * * * * * * * * * * * * * * * * * * * //

dimensions      [1 -1 -3 0 0 0 0];

internalField   nonuniform List<scalar> 
3773
(
0
0
1.29201e-05
0
0
0
0
3.91836e-05
0
3.91851e-05
3.91851e-05
3.91836e-05
3.91836e-05
-1.50918e-09
5.16788e-05
7.83702e-05
7.83687e-05
-1.50918e-09
7.83702e-05
-1.50918e-09
0
0
0
-3.01837e-09
0
5.16803e-05
5.16803e-05
0
0
0
0
-1.50918e-09
-1.50918e-09
0
7.83702e-05
-1.50918e-09
0
0
0
0
0
0
3.91851e-05
0
1.29201e-05
0
0
5.21052e-05
-7.54592e-10
0
1.95926e-05
7.54592e-10
-7.54592e-10
0
0
0
0
8.04486e-07
0
0
3.25657e-06
0
0
0
0
0
0
4.89512e-06
0
-3.01837e-09
8.12514e-06
0
2.44907e-06
0
0
-3.01837e-09
0
0
-3.01837e-09
0
0
4.89814e-06
0
0
0
0
0
8.07505e-07
2.02902e-06
8.07505e-07
1.61501e-06
-7.54592e-10
0
0
7.54592e-10
0
1.29193e-05
1.29193e-05
0
3.23002e-06
-1.50918e-09
0
9.79628e-06
6.46004e-06
0
0
6.12267e-07
4.03752e-07
0
4.03752e-07
0
1.61199e-06
0
0
-3.01837e-09
2.01876e-07
0
0
0
2.03204e-06
2.00518e-07
-3.01837e-09
0
7.65334e-08
0
1.22152e-06
0
-3.01837e-09
0
0
0
0
0
0
0
0
4.03752e-07
0
4.00734e-07
0
0
0
9.79628e-06
9.79628e-06
3.23002e-06
0
0
6.51315e-06
0
0
-1.50918e-09
0
0
4.89663e-06
8.07505e-07
1.00938e-07
1.50048e-07
0
0
0
2.44605e-06
0
3.82667e-08
0
3.82667e-08
9.59889e-09
0
0
0
3.01837e-09
0
0
0
0
0
1.22152e-06
0
9.59889e-09
0
-3.01837e-09
0
1.22152e-06
0
0
0
4.04053e-07
-3.01837e-09
3.06134e-07
3.25356e-06
6.51315e-06
0
0
-1.50918e-09
-1.50918e-09
1.61501e-06
6.51315e-06
0
0
3.04624e-07
3.06134e-07
3.06134e-07
3.06134e-07
0
8.07505e-07
7.65334e-08
2.52345e-08
3.82667e-08
3.82667e-08
2.52345e-08
-3.01837e-09
0
0
-3.01837e-09
1.19583e-09
0
1.76497e-09
-3.01837e-09
-3.01837e-09
-1.44121e-09
0
6.20129e-11
-3.01837e-09
-3.01837e-09
-3.01837e-09
2.02902e-06
4.78334e-09
3.18025e-09
0
-2.22979e-09
-3.01837e-09
0
0
0
0
0
3.82667e-08
0
8.07505e-07
8.07505e-07
2.00367e-07
2.00367e-07
6.12267e-07
0
6.12267e-07
8.07505e-07
0
0
2.52345e-08
0
7.65334e-08
0
-1.50918e-09
8.07505e-07
5.0884e-08
4.78334e-09
1.35947e-10
0
1.91334e-08
0
1.22453e-06
-3.01837e-09
0
-3.01837e-09
3.08039e-12
4.78334e-09
1.22453e-06
1.22453e-06
0
0
-3.01837e-09
3.01837e-09
6.54831e-09
0
-3.01837e-09
0
9.34246e-12
2.46431e-11
0
1.57716e-09
-1.22755e-06
0
6.30863e-09
3.15432e-09
0
3.15432e-09
6.30863e-09
0
1.22453e-06
-1.50918e-09
2.37253e-08
7.65334e-08
0
0
0
0
0
-1.50918e-09
-1.50918e-09
0
0
0
-3.01837e-09
0
0
0
0
0
0
0
0
0
-3.01837e-09
0
0
0
0
0
-3.01837e-09
-3.01837e-09
-3.01837e-09
-3.01837e-09
-3.01837e-09
0
-3.01837e-09
0
0
0
-3.01837e-09
0
0
0
0
0
0
0
0
-1.50918e-09
0
0
-1.50918e-09
0
-1.50918e-09
0
-1.50745e-09
-1.50918e-09
-1.50918e-09
0
0
-1.50918e-09
0
3.46631e-12
0
1.73315e-12
1.73315e-12
3.01837e-09
-3.01837e-09
0
0
0
0
0
-6.03674e-09
1.38652e-11
0
-6.03674e-09
0
0
0
-6.03674e-09
2.77304e-11
2.77304e-11
0
0
0
0
0
0
0
0
3.0201e-09
0
0
1.73315e-12
-3.01837e-09
0
0
-1.50832e-09
-1.50875e-09
4.33288e-13
0
-1.50918e-09
0
4.33288e-13
0
0
0
0
0
2.70805e-14
0
-3.01836e-09
0
0
0
0
-3.01837e-09
0
-6.03674e-09
0
3.46631e-12
-6.03327e-09
0
0
-6.03674e-09
0
0
-6.03674e-09
-6.03674e-09
0
-6.02287e-09
1.38652e-11
0
0
0
-6.03674e-09
0
-6.03674e-09
-3.01837e-09
0
0
-3.01837e-09
0
0
0
8.66576e-13
0
0
0
8.46266e-16
0
-1.50918e-09
0
0
0
0
0
0
0
0
-1.35403e-14
3.01837e-09
0
0
0
-3.01794e-09
1.38652e-11
0
0
0
0
-6.03674e-09
6.93261e-12
0
-6.03674e-09
-6.03674e-09
0
0
-6.02287e-09
0
0
0
0
0
3.46631e-12
3.46631e-12
-6.03674e-09
0
4.33288e-13
1.08322e-13
-3.01834e-09
-3.01837e-09
0
-3.01837e-09
0
0
-1.50918e-09
0
0
0
-1.50918e-09
0
0
0
0
0
0
0
0
0
-3.01837e-09
-3.01837e-09
0
0
2.70805e-14
0
-6.03674e-09
0
0
0
0
0
0
0
0
-6.02981e-09
0
0
-6.03674e-09
0
0
0
0
0
3.46631e-12
0
0
2.16644e-13
-3.01837e-09
2.70805e-14
0
0
-3.01837e-09
0
0
4.23133e-16
0
0
-1.50918e-09
0
0
0
0
0
-1.50918e-09
8.46266e-16
0
0
1.69253e-15
0
-3.01837e-09
0
1.08322e-13
-3.01834e-09
0
0
0
0
0
0
-6.03327e-09
3.46631e-12
3.46631e-12
0
3.46631e-12
0
-6.03674e-09
0
3.46631e-12
0
0
1.73315e-12
0
0
-6.03674e-09
1.35403e-14
0
0
1.35403e-14
6.77013e-15
-3.01837e-09
0
0
4.23133e-16
0
0
0
0
0
0
-1.50918e-09
0
0
-1.50918e-09
0
0
0
0
0
0
0
0
0
0
8.66576e-13
4.33288e-13
0
8.66576e-13
0
0
0
3.46631e-12
0
3.46631e-12
0
3.46631e-12
0
0
0
0
0
0
-6.03674e-09
0
0
0
-3.01837e-09
2.70805e-14
0
3.38506e-15
-3.01836e-09
0
-1.50918e-09
-1.50918e-09
0
0
0
0
4.23133e-16
-1.50918e-09
0
0
0
0
0
4.23133e-16
0
0
-3.01837e-09
-3.01837e-09
-3.01832e-09
0
4.33288e-13
0
-6.03674e-09
0
0
8.66576e-13
0
-6.03674e-09
-6.03501e-09
0
0
1.73315e-12
0
0
0
0
4.33288e-13
-6.03674e-09
0
2.16644e-13
0
0
0
0
5.4161e-14
0
-3.01837e-09
0
0
8.46266e-16
-1.50918e-09
1.69253e-15
0
0
0
0
0
0
0
0
0
0
0
-3.01837e-09
0
0
1.35403e-14
0
0
0
0
0
0
0
5.4161e-14
0
0
0
0
0
-6.03674e-09
0
0
0
2.70805e-14
1.08322e-13
0
0
5.4161e-14
0
0
0
0
-3.01837e-09
0
0
0
0
1.32229e-17
-1.50918e-09
-1.50918e-09
0
0
0
0
8.26432e-19
0
-1.50918e-09
-1.50918e-09
1.32229e-17
0
0
0
-3.01837e-09
0
3.38506e-15
0
1.65286e-18
-6.03674e-09
0
-6.03674e-09
0
2.70805e-14
0
0
0
0
0
0
0
0
6.61145e-18
-6.03674e-09
0
0
-6.03674e-09
0
0
0
-3.01837e-09
0
0
-3.01837e-09
0
-3.01837e-09
0
0
0
2.64458e-17
0
0
-1.50918e-09
0
0
0
0
0
0
0
0
-3.01837e-09
0
0
1.69253e-15
2.11567e-16
2.64458e-17
-3.01837e-09
0
0
-6.03674e-09
2.70805e-14
0
0
0
0
1.08322e-13
2.16644e-13
0
0
0
0
1.05783e-16
6.77013e-15
0
-6.03674e-09
0
0
0
1.32229e-17
0
0
-3.01837e-09
0
0
-3.01837e-09
0
3.30573e-18
0
0
0
-1.50918e-09
-1.50918e-09
0
-1.50918e-09
-1.50918e-09
6.61145e-18
0
-1.50918e-09
-1.50918e-09
6.61145e-18
0
1.05783e-16
0
-3.01837e-09
0
0
0
0
1.35403e-14
0
0
-6.03674e-09
5.28916e-17
0
0
-6.03663e-09
0
-6.03674e-09
0
0
4.23133e-16
1.35403e-14
1.35403e-14
0
0
0
0
0
0
0
-5.28916e-17
0
2.64458e-17
0
1.65286e-18
0
0
0
0
0
-1.50918e-09
0
0
0
0
-1.50918e-09
0
-1.50918e-09
0
0
-3.01837e-09
-3.01837e-09
0
5.28916e-17
0
-6.03674e-09
-6.03674e-09
0
3.38506e-15
0
0
0
5.28916e-17
-6.03674e-09
1.08322e-13
0
0
0
0
0
-6.03674e-09
0
0
0
0
2.11567e-16
0
1.05783e-16
2.11567e-16
0
0
1.05783e-16
0
-1.50918e-09
0
0
0
0
-1.50918e-09
0
6.61145e-18
0
1.32229e-17
-1.50918e-09
1.32229e-17
0
0
0
0
-3.01837e-09
1.05783e-16
1.05783e-16
0
-3.01837e-09
4.23133e-16
0
0
0
0
0
0
-6.03674e-09
-6.03673e-09
0
0
0
1.35403e-14
0
0
0
0
1.69253e-15
0
0
2.11567e-16
0
-3.01837e-09
8.46266e-16
2.11567e-16
5.28916e-17
0
0
3.30573e-18
0
0
0
-1.50918e-09
-1.50918e-09
0
4.13216e-19
0
1.65286e-18
1.65286e-18
0
0
0
5.28916e-17
2.64458e-17
0
0
0
0
-3.01837e-09
0
0
0
8.46266e-16
-6.03674e-09
0
-6.03674e-09
-6.03674e-09
1.35403e-14
0
-6.03674e-09
0
-6.03673e-09
8.46266e-16
0
0
0
0
0
0
1.05783e-16
-3.01837e-09
0
2.11567e-16
0
0
-3.30573e-18
0
1.65286e-18
0
0
-1.50918e-09
-1.50918e-09
-1.50918e-09
0
0
0
-1.50918e-09
-1.50918e-09
8.46266e-16
0
0
0
0
-3.01836e-09
0
-3.01837e-09
0
0
0
2.16644e-13
0
0
2.16644e-13
2.16644e-13
0
0
0
0
1.73315e-12
0
-6.03674e-09
0
0
-6.03631e-09
-6.03674e-09
0
0
1.08322e-13
0
-3.01837e-09
0
0
0
0
0
0
0
0
0
0
0
0
0
0
-1.50918e-09
-1.50918e-09
0
-1.50918e-09
2.11567e-16
0
0
-3.01837e-09
0
0
5.4161e-14
-3.01837e-09
0
0
1.08322e-13
0
0
-6.03674e-09
0
0
0
-6.03674e-09
0
0
0
0
1.73315e-12
0
4.33288e-13
0
-6.03631e-09
1.08322e-13
0
0
0
-3.01837e-09
0
5.4161e-14
0
0
-3.01837e-09
0
0
0
-8.46266e-16
0
-1.50918e-09
0
0
0
-1.50918e-09
0
0
0
0
0
0
6.77013e-15
0
0
0
0
0
0
2.16644e-13
0
0
1.08322e-13
0
0
1.73315e-12
0
0
-6.03674e-09
1.73315e-12
-6.03674e-09
-6.03674e-09
0
0
0
-6.03674e-09
0
-6.03674e-09
-3.01837e-09
0
0
5.4161e-14
0
0
0
-1.50918e-09
0
4.23133e-16
8.46266e-16
0
5.28916e-17
0
0
-1.50918e-09
-1.50918e-09
0
0
0
0
0
0
0
0
0
0
0
0
0
0
0
0
-6.03674e-09
-6.03674e-09
0
0
0
0
8.66576e-13
0
-6.03674e-09
0
4.33288e-13
0
-6.03674e-09
0
1.08322e-13
-6.03674e-09
0
0
-3.01837e-09
-3.01837e-09
2.70805e-14
0
0
-1.50918e-09
0
0
0
-1.50918e-09
0
0
0
0
0
4.23133e-16
-1.50918e-09
0
0
-3.01837e-09
0
0
-3.01837e-09
0
-3.01837e-09
0
0
0
0
0
-6.03674e-09
0
-6.03674e-09
4.33288e-13
0
0
0
0
8.66576e-13
2.16644e-13
0
-6.03674e-09
0
4.33288e-13
0
1.08322e-13
0
-3.01837e-09
1.35403e-14
0
0
0
-3.01837e-09
-3.01837e-09
0
0
-1.50918e-09
8.46266e-16
-1.50918e-09
-1.50918e-09
0
-1.50918e-09
0
0
0
0
0
0
0
-3.01837e-09
-3.01837e-09
2.70805e-14
0
0
0
-6.03674e-09
0
0
0
-6.03674e-09
0
0
0
0
8.66576e-13
0
8.66576e-13
8.66576e-13
0
0
0
0
0
0
0
0
0
0
-3.01837e-09
0
0
-3.01837e-09
0
-1.50918e-09
0
0
2.11567e-16
0
-1.50918e-09
0
-1.50918e-09
0
0
1.05783e-16
-1.50918e-09
1.05783e-16
0
0
0
-3.01837e-09
-3.01837e-09
-3.01837e-09
-3.01837e-09
-3.01837e-09
0
1.08322e-13
0
0
0
-6.03674e-09
0
0
0
-6.03674e-09
-6.03674e-09
8.66576e-13
-6.03587e-09
0
0
0
-6.03674e-09
0
0
0
0
0
0
0
0
-3.01836e-09
0
0
-1.50918e-09
0
1.05783e-16
0
0
2.06608e-19
0
0
0
0
-1.50918e-09
-1.50918e-09
2.06608e-19
0
0
-3.01837e-09
-3.01837e-09
0
0
-3.01837e-09
0
0
0
0
4.23133e-16
0
4.23133e-16
-6.03674e-09
4.23133e-16
0
0
0
0
0
0
2.11567e-16
0
0
-6.03674e-09
1.69253e-15
0
2.11567e-16
0
-3.01837e-09
0
-1.32229e-17
0
1.65286e-18
0
0
0
0
0
4.13216e-19
0
0
0
8.26432e-19
0
0
0
0
0
0
-3.01837e-09
1.32229e-17
-3.01837e-09
0
0
0
0
0
0
0
0
2.11567e-16
0
0
0
1.35403e-14
-6.03674e-09
6.77013e-15
0
0
2.11567e-16
2.11567e-16
0
8.46266e-16
0
0
0
0
0
-3.01837e-09
-3.01837e-09
3.30573e-18
0
0
1.03304e-19
0
0
0
-1.50918e-09
5.1652e-20
0
-4.13216e-19
1.65286e-18
0
0
0
0
-1.50918e-09
0
0
0
2.64458e-17
0
0
0
0
0
0
8.46266e-16
-6.03674e-09
-6.03674e-09
-6.03674e-09
0
0
0
0
-6.03674e-09
0
8.46266e-16
0
0
8.46266e-16
0
0
0
-6.03674e-09
3.30573e-18
0
0
-3.01837e-09
0
8.26432e-19
1.65286e-18
0
0
0
0
0
0
0
8.26432e-19
0
1.65286e-18
0
8.26432e-19
0
-1.50918e-09
-3.01837e-09
-3.01837e-09
-3.01837e-09
0
-3.01837e-09
1.32229e-17
0
0
8.46266e-16
-6.03674e-09
0
0
0
-6.03674e-09
-6.03674e-09
0
-6.03674e-09
0
0
3.38506e-15
0
0
4.23133e-16
0
0
8.46266e-16
0
4.23133e-16
0
0
0
0
-3.01837e-09
0
0
0
0
-1.50918e-09
-1.50918e-09
0
1.03304e-19
0
0
-1.50918e-09
0
1.65286e-18
-1.50918e-09
-1.50918e-09
0
8.26432e-19
0
1.32229e-17
1.32229e-17
-3.01837e-09
0
0
0
0
-6.03674e-09
-6.03674e-09
-6.03674e-09
0
0
0
0
0
0
3.38506e-15
0
8.46266e-16
0
0
-6.03674e-09
-6.03674e-09
0
0
0
0
-3.01837e-09
0
0
1.65286e-18
-3.01837e-09
0
0
-1.50918e-09
0
0
0
0
0
0
0
8.26432e-19
-1.50918e-09
0
0
0
0
0
0
0
0
0
-3.01837e-09
0
2.11567e-16
0
0
0
0
2.11567e-16
8.46266e-16
0
3.38506e-15
1.69253e-15
0
0
8.46266e-16
0
0
0
0
4.23133e-16
2.11567e-16
0
-3.01837e-09
0
-3.01837e-09
-3.01837e-09
0
0
4.13216e-19
1.03304e-19
2.06608e-19
0
-1.50918e-09
-1.50918e-09
-1.50918e-09
0
-1.50918e-09
0
0
-1.50918e-09
0
0
-1.50918e-09
0
-3.01837e-09
0
0
-3.01837e-09
-3.01837e-09
0
0
0
0
0
0
1.05783e-16
1.05783e-16
0
4.23133e-16
8.46266e-16
8.46266e-16
1.69253e-15
8.46266e-16
4.23133e-16
0
0
0
0
-6.03674e-09
1.05783e-16
0
0
-3.01837e-09
8.26432e-19
-3.01837e-09
-3.01837e-09
0
0
0
-1.50918e-09
2.06608e-19
0
0
0
-1.50918e-09
-1.50918e-09
0
0
0
0
0
-1.50918e-09
0
-3.01837e-09
-3.01837e-09
4.03531e-22
0
0
0
0
0
6.4565e-21
0
0
0
-3.01837e-09
0
0
1.32229e-17
0
0
1.65286e-18
0
0
0
0
1.2913e-20
0
3.01837e-09
5.1652e-20
-3.01837e-09
0
0
0
0
-3.01837e-09
-3.01837e-09
3.22825e-21
0
0
3.22825e-21
-1.50918e-09
0
0
-1.50918e-09
-1.50918e-09
0
0
0
0
0
-3.01837e-09
2.06608e-19
-3.01837e-09
3.22825e-21
3.22825e-21
0
0
0
0
0
0
5.1652e-20
1.03304e-19
2.06608e-19
4.23133e-16
-6.03674e-09
0
2.64458e-17
-6.03674e-09
0
6.61145e-18
0
0
0
-6.03674e-09
0
-3.01837e-09
0
0
-3.01837e-09
0
0
0
0
3.22825e-21
2.5826e-20
0
1.2913e-20
-1.50918e-09
-1.50918e-09
6.4565e-21
0
0
0
-1.50918e-09
0
1.2913e-20
0
0
-3.01837e-09
0
4.13216e-19
-3.01837e-09
0
0
0
0
0
2.64458e-17
0
-6.03674e-09
-6.03674e-09
0
-4.23133e-16
0
-6.03674e-09
0
0
0
0
-6.03674e-09
-6.03674e-09
0
0
0
-3.01837e-09
-3.01837e-09
3.30573e-18
8.26432e-19
0
0
0
-3.01837e-09
0
0
2.5826e-20
0
0
-1.50918e-09
0
6.4565e-21
2.06608e-19
0
0
2.5826e-20
0
-1.50918e-09
0
0
1.65286e-18
0
0
0
0
5.1652e-20
0
0
-6.03674e-09
0
0
0
-3.01837e-09
8.46266e-16
0
-6.03674e-09
-6.03674e-09
1.05783e-16
5.28916e-17
0
0
0
-6.03674e-09
0
0
-3.01837e-09
-3.01837e-09
0
0
-3.01837e-09
0
0
5.1652e-20
5.1652e-20
0
2.06608e-19
0
0
0
0
0
0
0
-1.50918e-09
0
5.1652e-20
5.1652e-20
0
6.61145e-18
-3.30573e-18
0
0
0
0
-3.01837e-09
0
0
0
0
0
1.32229e-17
0
0
4.23133e-16
-6.03674e-09
-6.03674e-09
0
0
1.05783e-16
0
0
0
0
0
0
0
-3.01837e-09
0
0
-3.01837e-09
-3.01837e-09
1.03304e-19
0
-1.50918e-09
0
-1.50918e-09
5.1652e-20
0
0
0
0
0
-1.50918e-09
0
0
0
0
-3.01837e-09
1.65286e-18
0
8.26432e-19
0
0
0
0
1.05783e-16
1.05783e-16
5.28916e-17
5.28916e-17
0
0
0
0
0
0
0
0
0
0
0
1.05783e-16
0
5.28916e-17
0
0
-3.01837e-09
0
0
8.26432e-19
0
-3.01837e-09
-3.01837e-09
5.1652e-20
0
5.1652e-20
-1.50918e-09
0
0
0
0
-1.50918e-09
0
0
-1.50918e-09
5.1652e-20
0
-3.01837e-09
0
-3.01837e-09
-3.01837e-09
4.13216e-19
4.13216e-19
0
1.05783e-16
1.05783e-16
0
0
5.28916e-17
0
0
4.23133e-16
-6.03674e-09
0
0
0
0
0
1.05783e-16
0
0
0
5.28916e-17
0
-6.03674e-09
0
0
2.06608e-19
0
0
0
0
-1.50918e-09
0
0
5.1652e-20
0
-1.50918e-09
-1.50918e-09
-1.50918e-09
6.4565e-21
0
-1.50918e-09
6.4565e-21
0
6.4565e-21
-3.01837e-09
0
0
-3.01837e-09
-3.01837e-09
-3.01837e-09
0
-3.01837e-09
0
0
0
0
0
0
3.30573e-18
0
0
-6.03674e-09
0
0
0
0
0
0
0
-6.03674e-09
5.28916e-17
0
0
0
0
-3.01837e-09
0
-3.01837e-09
-3.01837e-09
-1.50918e-09
0
0
0
0
0
0
0
0
0
-1.50918e-09
5.1652e-20
0
2.5826e-20
0
0
0
0
0
0
1.2913e-20
5.1652e-20
0
0
0
0
-6.03674e-09
0
0
-6.03674e-09
2.64458e-17
0
0
0
4.23133e-16
1.03304e-19
0
0
5.1652e-20
0
0
2.11567e-16
0
0
0
0
0
0
1.65286e-18
0
6.4565e-21
0
-1.50918e-09
-1.50918e-09
0
-1.50918e-09
-1.50918e-09
1.03304e-19
-1.50918e-09
-1.50918e-09
0
0
0
-3.01837e-09
1.03304e-19
-3.01837e-09
-3.01837e-09
-3.01837e-09
0
0
0
0
-6.03674e-09
0
0
0
0
0
0
0
1.05783e-16
0
0
0
0
0
3.30573e-18
0
0
0
0
-3.01837e-09
-3.01837e-09
0
0
0
-3.01837e-09
0
0
0
0
2.5826e-20
0
0
5.1652e-20
0
0
0
0
-1.50918e-09
0
0
0
0
0
1.03304e-19
-3.01837e-09
1.03304e-19
0
0
-6.03674e-09
0
0
1.32229e-17
0
0
5.28916e-17
1.05783e-16
0
0
-6.03674e-09
0
0
3.30573e-18
-6.03674e-09
2.64458e-17
0
0
0
-1.05783e-16
0
-3.01837e-09
0
0
-3.01837e-09
0
0
0
0
5.1652e-20
0
0
-1.50918e-09
-1.50918e-09
0
-1.50918e-09
2.06608e-19
0
0
0
0
0
0
0
0
0
0
0
3.30573e-18
-6.03674e-09
0
0
5.28916e-17
0
0
0
1.05783e-16
0
0
0
0
-6.03674e-09
0
-6.03674e-09
0
0
0
0
0
0
0
0
0
1.65286e-18
0
1.65286e-18
0
-1.50918e-09
1.03304e-19
1.03304e-19
0
1.03304e-19
0
2.06608e-19
0
-1.50918e-09
0
0
0
0
0
0
0
8.26432e-19
0
0
1.65286e-18
0
0
5.28916e-17
-6.03674e-09
0
1.05783e-16
0
-6.03674e-09
0
0
2.11567e-16
0
0
-6.03674e-09
0
-6.03674e-09
0
0
0
1.05783e-16
0
0
-3.01837e-09
-3.01837e-09
0
0
0
8.26432e-19
0
1.03304e-19
0
0
0
0
-1.50918e-09
2.06608e-19
-1.50918e-09
4.13216e-19
-1.50918e-09
4.13216e-19
-1.50918e-09
0
0
0
8.26432e-19
8.26432e-19
0
1.65286e-18
-3.01837e-09
0
0
0
0
-6.03674e-09
0
0
1.05783e-16
2.11567e-16
0
2.11567e-16
0
4.23133e-16
0
0
0
0
0
5.28916e-17
0
-6.03674e-09
0
-3.01837e-09
0
4.13216e-19
0
0
8.26432e-19
0
0
1.03304e-19
0
0
0
-1.50918e-09
0
0
-3.01837e-09
0
-3.01837e-09
0
0
0
0
0
0
-3.01837e-09
0
8.07062e-22
-3.01837e-09
0
-3.01837e-09
-3.01837e-09
0
-3.01837e-09
0
2.06608e-19
0
0
0
1.65286e-18
0
0
-3.01837e-09
-3.01837e-09
0
0
-3.01837e-09
0
-3.01837e-09
-3.01837e-09
0
0
0
-3.01837e-09
3.01837e-09
-3.01837e-09
-3.01837e-09
0
-3.01837e-09
-3.01837e-09
1.00883e-22
0
-1.50918e-09
6.30517e-24
0
0
0
0
-1.50918e-09
0
-3.01837e-09
0
0
0
0
-3.01837e-09
0
-3.01837e-09
0
-3.01837e-09
0
-3.01837e-09
0
0
-6.03674e-09
0
0
0
6.61145e-18
0
-6.03674e-09
0
-3.01837e-09
0
0
-3.01837e-09
-3.01837e-09
2.06608e-19
-3.01837e-09
0
0
-3.01837e-09
-3.01837e-09
0
-3.01837e-09
9.85183e-26
0
2.52207e-23
2.01766e-22
4.03531e-22
0
0
0
-3.01837e-09
0
0
4.03531e-22
-1.50918e-09
0
0
-3.01837e-09
-3.01837e-09
1.2913e-20
1.2913e-20
1.2913e-20
0
-3.01837e-09
0
3.01837e-09
8.26432e-19
-3.01837e-09
-3.01837e-09
0
-6.03674e-09
-6.03674e-09
0
0
0
0
2.64458e-17
2.06608e-19
4.13216e-19
-3.01837e-09
0
-3.01837e-09
0
0
-3.01837e-09
0
0
0
-3.01837e-09
-3.01837e-09
0
1.97037e-25
-3.01837e-09
5.04414e-23
0
-1.50918e-09
-1.50918e-09
0
0
0
-1.50918e-09
0
8.07062e-22
0
-1.50918e-09
0
0
0
5.1652e-20
-3.01837e-09
0
-3.01837e-09
0
-3.01837e-09
0
0
0
0
1.03304e-19
1.65286e-18
6.61145e-18
0
0
0
0
0
-3.01837e-09
-3.01837e-09
-3.01837e-09
-3.01837e-09
4.13216e-19
2.06608e-19
-3.01837e-09
0
0
0
0
-3.01837e-09
0
-3.01837e-09
0
0
1.50918e-09
1.50918e-09
8.07062e-22
-1.50918e-09
-1.50918e-09
0
5.04414e-23
0
4.03531e-22
-1.50918e-09
0
0
0
0
0
1.03304e-19
0
0
0
3.01837e-09
0
-3.01837e-09
-3.01837e-09
0
0
0
-6.03674e-09
0
2.64458e-17
0
0
0
0
0
3.01837e-09
0
-3.01837e-09
-3.01837e-09
-3.01837e-09
0
-3.01837e-09
5.04414e-23
1.2913e-20
0
0
-3.01837e-09
0
-1.50918e-09
-1.50918e-09
0
-1.50918e-09
1.50918e-09
8.07062e-22
0
-1.50918e-09
0
0
-1.50918e-09
-1.50918e-09
0
0
0
0
-3.01837e-09
0
0
4.13216e-19
0
-4.13216e-19
1.65286e-18
1.65286e-18
-3.01837e-09
-3.01837e-09
0
0
3.30573e-18
-6.03674e-09
0
0
-6.03674e-09
0
1.05783e-16
-3.01837e-09
3.01837e-09
-3.01837e-09
-3.01837e-09
-3.01837e-09
0
1.32229e-17
2.52207e-23
-3.01837e-09
0
0
0
-3.01837e-09
0
-1.50918e-09
0
1.50918e-09
-1.50918e-09
0
-1.50918e-09
0
-1.50918e-09
-1.50918e-09
0
0
0
4.03531e-22
-1.50918e-09
0
0
2.06608e-19
0
0
4.13216e-19
0
-3.01837e-09
0
0
-3.01837e-09
0
0
-3.01837e-09
0
0
-6.03674e-09
5.28916e-17
0
0
1.05783e-16
0
-3.01837e-09
-3.01837e-09
0
0
0
-3.01837e-09
0
0
5.1652e-20
0
0
0
0
-1.50918e-09
-1.50918e-09
0
-1.50918e-09
0
0
0
0
5.04414e-23
1.00883e-22
-1.50918e-09
8.07062e-22
0
0
-3.01837e-09
0
0
5.1652e-20
1.03304e-19
0
0
0
8.26432e-19
-3.01837e-09
0
0
0
0
-3.01837e-09
-3.01837e-09
0
0
0
5.28916e-17
0
0
0
-3.01837e-09
-3.01837e-09
-3.01837e-09
6.61145e-18
-3.01837e-09
0
0
0
-3.01837e-09
-3.01837e-09
1.2913e-20
0
0
1.57629e-24
6.30517e-24
0
0
8.07062e-22
1.61412e-21
-1.50918e-09
0
2.01766e-22
2.52207e-23
-1.50918e-09
0
0
0
-3.01837e-09
0
0
2.5826e-20
6.4565e-21
0
-3.01837e-09
-3.01837e-09
0
8.26432e-19
-3.01837e-09
0
-3.01837e-09
6.61145e-18
-3.01837e-09
1.32229e-17
0
0
0
-3.01837e-09
0
4.13216e-19
-3.01837e-09
0
0
-3.01837e-09
0
1.26103e-23
0
0
3.22825e-21
0
0
2.01766e-22
-1.50918e-09
0
0
0
0
-1.50918e-09
0
6.1574e-27
-1.50918e-09
1.23148e-26
0
0
0
3.0787e-27
0
0
0
0
1.26103e-23
0
-3.01837e-09
0
0
-3.01837e-09
0
-3.01837e-09
-3.01837e-09
8.26432e-19
-3.01837e-09
0
1.32229e-17
0
-3.01837e-09
1.32229e-17
0
0
0
0
0
-3.01837e-09
8.26432e-19
-3.01837e-09
0
0
0
0
-3.01837e-09
0
0
2.46296e-26
-1.50918e-09
-1.50918e-09
2.46296e-26
0
2.46296e-26
0
0
7.69674e-28
7.69674e-28
0
0
0
0
0
0
0
0
0
0
0
0
0
0
2.06608e-19
-3.01837e-09
0
8.26432e-19
0
0
0
6.61145e-18
1.32229e-17
6.61145e-18
0
0
4.13216e-19
0
0
4.13216e-19
8.26432e-19
0
0
0
6.30517e-24
3.15259e-24
0
0
0
2.46296e-26
6.1574e-27
-1.50918e-09
0
0
0
0
0
0
7.69674e-28
0
3.0787e-27
3.0787e-27
0
7.88147e-25
-3.01837e-09
7.88147e-25
1.57629e-24
0
-3.01837e-09
3.15259e-24
-3.01837e-09
0
0
-3.01837e-09
8.26432e-19
-3.01837e-09
0
0
-3.01837e-09
6.61145e-18
-3.01837e-09
-3.01837e-09
0
0
0
0
-3.01837e-09
0
-3.01837e-09
0
-3.01837e-09
0
0
0
0
-3.01837e-09
-3.01837e-09
3.15259e-24
-1.50918e-09
0
-1.50918e-09
3.0787e-27
0
2.46296e-26
7.69674e-28
0
-6.01308e-30
-1.50918e-09
0
4.81047e-29
0
0
7.88147e-25
0
3.94073e-25
0
0
0
1.57629e-24
0
0
-3.01837e-09
-3.01837e-09
0
0
0
1.65286e-18
0
0
-3.01837e-09
-3.01837e-09
-3.01837e-09
0
2.06608e-19
0
0
-3.01837e-09
-3.01837e-09
-3.01837e-09
-3.01837e-09
3.15259e-24
1.57629e-24
0
0
0
0
1.57629e-24
0
0
1.20262e-29
0
0
-1.50918e-09
0
0
-1.50918e-09
0
1.50327e-30
0
-1.50918e-09
7.51635e-31
-3.01837e-09
0
0
3.94073e-25
0
0
0
0
-3.01837e-09
5.1652e-20
0
0
0
0
0
0
0
3.30573e-18
0
0
0
0
0
0
1.03304e-19
0
-3.01837e-09
0
1.57629e-24
1.57629e-24
-3.01837e-09
0
0
7.88147e-25
0
0
0
3.00654e-30
0
-1.50918e-09
0
6.01308e-30
-1.50918e-09
5.04414e-23
0
0
3.15259e-24
0
-3.01837e-09
0
0
0
0
0
-3.01837e-09
0
0
-3.01837e-09
0
-3.01837e-09
0
-3.01837e-09
0
0
0
0
-6.03674e-09
-6.03674e-09
0
4.13216e-19
0
-3.01837e-09
0
-3.01837e-09
-3.01837e-09
1.03304e-19
-3.01837e-09
8.07062e-22
0
0
-3.01837e-09
-3.01837e-09
0
-3.01837e-09
0
-1.50918e-09
0
0
0
-3.01837e-09
0
-1.50918e-09
0
0
0
-3.01837e-09
0
-3.01837e-09
0
0
-3.01837e-09
-3.01837e-09
-3.01837e-09
-3.01837e-09
2.52207e-23
0
-3.01837e-09
0
0
4.13216e-19
0
0
0
0
-6.03674e-09
0
0
0
0
0
4.13216e-19
-3.01837e-09
0
0
-3.01837e-09
-3.01837e-09
0
0
0
0
0
4.03531e-22
2.01766e-22
0
0
-1.50918e-09
4.03531e-22
0
0
0
-1.50918e-09
0
-1.50918e-09
0
-3.01837e-09
0
-3.01837e-09
-3.01837e-09
0
0
1.00883e-22
-3.01837e-09
1.00883e-22
0
0
0
0
0
-8.26432e-19
8.26432e-19
0
0
0
0
0
0
0
1.65286e-18
-3.01837e-09
0
-3.01837e-09
0
-3.01837e-09
8.26432e-19
-3.01837e-09
1.2913e-20
0
0
-3.01837e-09
0
0
2.01766e-22
-1.50918e-09
0
-1.50918e-09
8.07062e-22
-1.50918e-09
0
0
0
8.07062e-22
-1.50918e-09
-1.50918e-09
1.26103e-23
-1.50918e-09
0
-3.01837e-09
-3.01837e-09
0
-3.01837e-09
0
-3.01837e-09
0
0
-3.01837e-09
0
-3.01837e-09
1.65286e-18
0
0
0
-6.03674e-09
2.64458e-17
-6.03674e-09
1.32229e-17
0
0
-3.01837e-09
0
-3.01837e-09
-3.01837e-09
-3.01837e-09
0
0
-3.01837e-09
0
0
0
0
-3.01837e-09
0
-1.00883e-22
1.50918e-09
8.07062e-22
8.07062e-22
-1.50918e-09
1.50918e-09
0
3.22825e-21
0
-1.50918e-09
0
-1.50918e-09
0
-1.50918e-09
1.03304e-19
0
0
-3.01837e-09
0
-3.01837e-09
-3.01837e-09
0
0
4.13216e-19
-3.01837e-09
1.65286e-18
-3.01837e-09
8.26432e-19
-6.03674e-09
0
0
-6.03674e-09
0
0
0
0
-3.01837e-09
0
0
0
0
8.26432e-19
0
1.03304e-19
0
5.1652e-20
-3.01837e-09
0
0
0
-1.50918e-09
0
0
-1.50918e-09
0
0
-1.50918e-09
0
4.03531e-22
0
-1.50918e-09
0
0
0
0
0
0
-3.01837e-09
0
0
0
-3.01837e-09
-3.01837e-09
0
0
0
0
-6.03674e-09
0
0
0
0
0
0
0
-3.01837e-09
0
8.26432e-19
0
-3.01837e-09
1.65286e-18
0
0
0
-3.01837e-09
0
0
-4.03531e-22
0
0
0
8.07062e-22
0
5.04414e-23
-1.50918e-09
0
0
0
0
2.52207e-23
-1.50918e-09
-1.50918e-09
0
-3.01837e-09
2.5826e-20
0
0
2.01766e-22
0
0
0
-3.01837e-09
0
3.30573e-18
0
0
0
0
0
0
-6.03674e-09
0
0
2.64458e-17
-3.01837e-09
0
0
3.01837e-09
-3.01837e-09
1.65286e-18
-3.01837e-09
0
-3.01837e-09
2.06608e-19
0
0
0
5.04414e-23
0
8.07062e-22
-1.50918e-09
-1.50918e-09
5.04414e-23
0
-1.50918e-09
8.07062e-22
0
0
-1.50918e-09
6.30517e-24
-1.50918e-09
0
-3.01837e-09
-3.01837e-09
4.03531e-22
-3.01837e-09
0
0
0
-3.01837e-09
3.30573e-18
1.65286e-18
-3.01837e-09
-3.01837e-09
0
-3.01837e-09
5.28916e-17
0
0
0
2.64458e-17
0
-3.01837e-09
0
-3.01837e-09
-3.01837e-09
3.01837e-09
0
-3.01837e-09
4.03531e-22
-3.01837e-09
0
0
6.4565e-21
8.07062e-22
0
-1.50918e-09
-1.50918e-09
0
0
0
0
0
0
0
0
0
0
0
0
8.07062e-22
0
0
0
0
-3.01837e-09
-3.01837e-09
-3.01837e-09
1.65286e-18
0
0
8.26432e-19
1.65286e-18
0
0
0
0
0
-3.01837e-09
-3.01837e-09
0
-3.01837e-09
0
0
0
0
-3.01837e-09
8.26432e-19
0
0
0
-3.01837e-09
0
0
-3.01837e-09
0
0
0
0
-1.50918e-09
0
0
-1.50918e-09
0
6.30517e-24
0
0
0
-1.50918e-09
0
0
-3.01837e-09
0
8.07062e-22
0
1.26103e-23
0
0
0
4.13216e-19
4.13216e-19
8.26432e-19
0
0
-3.01837e-09
1.32229e-17
0
0
-3.01837e-09
0
0
0
0
4.13216e-19
0
2.06608e-19
0
6.30517e-24
1.26103e-23
0
6.30517e-24
3.15259e-24
0
0
0
0
0
0
4.92592e-26
0
0
0
-1.50918e-09
0
0
1.57629e-24
0
0
0
0
0
0
8.07062e-22
0
0
0
-3.01837e-09
0
0
0
0
0
0
0
0
0
6.61145e-18
6.61145e-18
0
4.13216e-19
0
-3.01837e-09
4.13216e-19
0
0
1.03304e-19
0
0
0
0
0
0
0
0
0
0
7.69674e-28
0
0
7.69674e-28
0
1.23148e-26
0
0
-6.1574e-27
0
1.23148e-26
0
0
0
0
3.15259e-24
6.30517e-24
0
-3.01837e-09
8.26432e-19
0
0
0
4.13216e-19
0
0
-3.01837e-09
0
0
6.61145e-18
0
-3.01837e-09
0
-3.01837e-09
-3.01837e-09
2.06608e-19
-3.01837e-09
0
0
1.57629e-24
0
0
0
-3.01837e-09
0
0
0
6.1574e-27
0
0
0
7.69674e-28
-1.50918e-09
1.23148e-26
0
0
0
0
0
0
3.15259e-24
-3.01837e-09
0
-3.01837e-09
0
0
0
-3.01837e-09
0
0
2.06608e-19
0
-3.01837e-09
0
0
0
0
-3.30573e-18
0
-3.01837e-09
0
1.03304e-19
0
4.13216e-19
0
1.03304e-19
-3.01837e-09
0
-3.01837e-09
0
0
0
3.94073e-25
-3.01837e-09
3.94073e-25
0
-1.50918e-09
-1.50918e-09
6.01308e-30
0
-1.50918e-09
0
0
0
3.00654e-30
3.00654e-30
-1.50918e-09
0
6.01308e-30
1.57629e-24
0
0
0
0
0
0
-3.01837e-09
0
0
2.06608e-19
-3.01837e-09
0
0
0
3.30573e-18
0
0
0
-3.01837e-09
0
1.03304e-19
0
0
0
0
2.5826e-20
0
3.94073e-25
0
1.57629e-24
0
-3.01837e-09
0
0
0
-1.50918e-09
6.01308e-30
-1.50918e-09
-1.50918e-09
3.75818e-31
0
)
;

boundaryField
{
    fuel
    {
        type            calculated;
        value           uniform 0;
    }
    primary_air
    {
        type            calculated;
        value           uniform 0;
    }
    Secondary_air_RHS
    {
        type            calculated;
        value           uniform 0;
    }
    Secondary_air_LHS
    {
        type            calculated;
        value           uniform 0;
    }
    outlet
    {
        type            calculated;
        value           uniform 0;
    }
    stove_body
    {
        type            calculated;
        value           uniform 0;
    }
    frontAndBack
    {
        type            empty;
    }
}


// ************************************************************************* //
