/*--------------------------------*- C++ -*----------------------------------*\
  =========                 |
  \\      /  F ield         | OpenFOAM: The Open Source CFD Toolbox
   \\    /   O peration     | Website:  https://openfoam.org
    \\  /    A nd           | Version:  6
     \\/     M anipulation  |
\*---------------------------------------------------------------------------*/
FoamFile
{
    version     2.0;
    format      ascii;
    class       volScalarField;
    location    "0.0075";
    object      Qdot;
}
// * * * * * * * * * * * * * * * * * * * * * * * * * * * * * * * * * * * * * //

dimensions      [1 -1 -3 0 0 0 0];

internalField   nonuniform List<scalar> 
3773
(
1.86632e-05
1.86632e-05
0
-7.18828e-10
0
-7.18828e-10
1.23077e-05
2.46154e-05
3.73265e-05
-1.43766e-09
6.19419e-05
0
-1.43766e-09
2.4614e-05
2.46154e-05
9.92684e-05
7.46558e-05
0
2.46154e-05
7.46529e-05
2.46154e-05
9.92713e-05
2.46154e-05
0
0
7.46558e-05
-2.87531e-09
2.46154e-05
9.92713e-05
2.46154e-05
0
2.46126e-05
7.46558e-05
-2.87531e-09
0
-1.43766e-09
2.46154e-05
3.73265e-05
-1.43766e-09
2.4614e-05
6.19434e-05
2.46154e-05
1.8664e-05
3.09717e-05
0
-7.18828e-10
0
3.09717e-05
1.23077e-05
0
1.54858e-05
0
0
9.33054e-06
6.15242e-06
9.33198e-06
0
7.66357e-07
0
-2.87531e-09
0
3.10223e-06
0
0
-2.87531e-09
4.66599e-06
4.66599e-06
0
4.66599e-06
6.20445e-06
-2.87531e-09
-2.87531e-09
0
0
0
0
0
0
1.53559e-06
0
4.66311e-06
4.66311e-06
0
1.53847e-06
0
0
7.69233e-07
0
0
7.69233e-07
2.33012e-06
0
0
0
0
0
0
0
0
2.33156e-06
0
-1.43766e-09
0
0
4.66599e-06
0
2.41966e-07
0
9.61541e-08
0
-2.87531e-09
0
-2.87531e-09
0
-2.87531e-09
0
1.89433e-07
0
1.1665e-06
0
0
2.11632e-08
0
0
2.40385e-08
0
7.69233e-07
9.32788e-08
2.88749e-07
-2.87531e-09
2.91624e-07
2.91624e-07
7.66357e-07
1.1665e-06
0
1.42937e-07
3.87778e-07
-2.87531e-09
9.32788e-08
0
0
0
0
0
0
2.33299e-06
0
7.69233e-07
1.92308e-07
2.91624e-07
0
-1.43766e-09
0
1.16506e-06
0
0
3.13432e-09
1.82265e-08
1.20193e-08
0
-2.87531e-09
1.93573e-06
-2.87531e-09
-2.87531e-09
0
1.51229e-08
0
0
0
1.50241e-09
0
5.69579e-10
-2.30573e-09
0
0
0
1.29503e-10
6.00963e-09
6.23795e-09
-2.87531e-09
0
-2.87531e-09
-2.87531e-09
6.04916e-08
2.73705e-08
9.14395e-09
0
0
1.1665e-06
0
2.91624e-07
5.81811e-07
4.83932e-07
1.90871e-07
1.92308e-07
7.69233e-07
-1.43766e-09
1.20983e-07
4.8077e-08
0
3.6453e-08
0
0
-2.87531e-09
4.84723e-08
0
-5.96997e-10
0
1.82265e-08
0
0
0
0
-2.68751e-09
0
0
-2.87531e-09
0
0
2.95369e-11
-2.87531e-09
9.46725e-11
-2.87531e-09
1.93573e-06
-2.87531e-09
1.50241e-09
-2.30573e-09
-2.87531e-09
0
0
0
0
1.20193e-08
-1.3729e-09
-2.12411e-09
0
6.00963e-09
0
0
0
0
0
2.40385e-08
3.6453e-08
0
0
-1.43766e-09
1.21181e-08
0
4.55663e-09
1.56716e-09
3.84616e-07
0
0
2.84789e-10
-2.87531e-09
-2.87531e-09
3.13432e-09
-2.87531e-09
0
6.00963e-09
0
-2.87531e-09
-2.87531e-09
0
-2.87531e-09
1.1665e-06
0
0
0
-2.87531e-09
3.00482e-09
-2.87531e-09
1.16362e-06
0
-2.87531e-09
0
0
0
7.69233e-07
0
9.11326e-09
-2.87531e-09
-2.80411e-09
-2.73292e-09
6.00963e-09
0
0
9.11326e-09
3.00482e-09
1.50241e-09
0
-1.43766e-09
-1.43766e-09
0
0
0
0
0
0
0
-2.87531e-09
0
0
-2.87531e-09
-2.87531e-09
-2.87531e-09
-2.87531e-09
0
0
0
0
-2.87531e-09
-2.87531e-09
0
0
0
0
0
0
-2.87531e-09
0
0
0
0
-2.87531e-09
0
0
-2.87531e-09
-2.87531e-09
0
0
0
0
0
0
0
0
0
-1.43766e-09
-1.43766e-09
-1.43766e-09
0
-1.43766e-09
-1.43724e-09
0
0
-1.43766e-09
0
-1.436e-09
6.60404e-12
-2.87531e-09
0
-2.87366e-09
0
0
-2.86871e-09
-5.75062e-09
0
0
1.32081e-11
0
1.32081e-11
0
-5.72421e-09
0
-5.72421e-09
-5.75062e-09
0
0
2.64161e-11
-5.75062e-09
0
0
0
1.32081e-11
0
-5.75062e-09
6.60404e-12
0
-2.87531e-09
0
-2.87531e-09
-2.87531e-09
0
8.25505e-13
0
0
0
0
-1.43766e-09
8.25505e-13
-1.43766e-09
-1.43766e-09
2.51924e-17
2.51924e-17
0
2.01539e-16
8.25505e-13
0
-2.87511e-09
0
4.03078e-16
-2.87531e-09
0
0
1.32081e-11
6.60404e-12
0
0
0
0
0
0
0
0
1.32081e-11
0
0
0
-5.75062e-09
0
6.60404e-12
0
0
0
0
3.30202e-12
-2.87521e-09
-2.87531e-09
0
3.22463e-15
0
-2.87201e-09
0
0
0
-1.43766e-09
5.03848e-17
1.0077e-16
0
-1.43766e-09
8.06157e-16
2.51924e-17
0
0
1.61231e-15
0
0
0
0
0
-2.87531e-09
-2.87531e-09
1.65101e-12
0
0
-5.75062e-09
0
-5.74897e-09
0
-5.75062e-09
-5.74402e-09
0
0
-5.75062e-09
-5.74732e-09
0
0
0
3.30202e-12
1.65101e-12
0
1.65101e-12
0
6.60404e-12
1.65101e-12
-2.87531e-09
0
-2.87531e-09
0
-2.87531e-09
1.65101e-12
4.12752e-13
-1.43765e-09
0
2.01539e-16
0
-1.43766e-09
4.12752e-13
-1.43766e-09
1.61231e-15
0
-1.43766e-09
2.01539e-16
0
0
0
-2.87531e-09
-2.87531e-09
-2.87531e-09
-2.87531e-09
0
8.25505e-13
0
-5.75062e-09
-5.75062e-09
8.25505e-13
8.25505e-13
8.25505e-13
0
0
0
0
0
1.65101e-12
1.65101e-12
3.30202e-12
0
-5.75062e-09
0
8.25505e-13
0
0
1.65101e-12
8.25505e-13
-2.87521e-09
6.44925e-15
3.22463e-15
0
-2.87531e-09
0
-1.43755e-09
0
0
2.01539e-16
0
-1.43766e-09
5.1594e-14
1.57453e-18
-1.43766e-09
0
2.01539e-16
0
0
0
-2.87531e-09
0
-2.87531e-09
-2.87531e-09
0
-2.87531e-09
0
0
-5.75042e-09
-5.75062e-09
0
2.06376e-13
0
0
1.65101e-12
0
-5.7498e-09
0
8.25505e-13
8.25505e-13
-5.7498e-09
0
-5.75062e-09
0
2.06376e-13
2.06376e-13
4.12752e-13
4.12752e-13
-2.87531e-09
5.1594e-14
-2.87531e-09
0
1.61231e-15
-2.87531e-09
1.03188e-13
0
8.06157e-16
0
0
0
0
0
0
0
0
-1.43766e-09
0
0
0
4.03078e-16
0
0
-2.87531e-09
-2.87531e-09
1.0077e-16
0
-5.75062e-09
-5.75062e-09
0
0
0
0
0
0
4.12752e-13
0
-5.75062e-09
0
0
4.12752e-13
-5.75062e-09
-5.75062e-09
0
0
-5.75057e-09
0
0
-2.87531e-09
-2.87531e-09
8.06157e-16
6.44925e-15
0
2.01539e-16
-2.87531e-09
0
1.25962e-17
0
0
0
-1.43766e-09
0
0
0
-1.43766e-09
0
1.0077e-16
0
-1.43766e-09
1.0077e-16
0
-2.87531e-09
-2.87531e-09
0
-2.87531e-09
-2.87531e-09
0
0
2.5797e-14
0
-5.7506e-09
0
0
0
2.06376e-13
-5.75062e-09
2.06376e-13
2.06376e-13
0
4.12752e-13
0
-5.75062e-09
-5.75062e-09
2.5797e-14
-5.75062e-09
0
-5.75062e-09
0
0
-2.87531e-09
3.22463e-15
0
-2.87531e-09
0
-1.43766e-09
-1.43766e-09
-1.43766e-09
-1.43766e-09
1.0077e-16
0
-1.43766e-09
0
-1.43766e-09
-1.43766e-09
-1.43766e-09
0
-1.43766e-09
-1.43766e-09
0
-2.87531e-09
0
-2.87531e-09
0
0
-2.87531e-09
0
-5.75062e-09
0
6.44925e-15
0
0
0
0
-5.75057e-09
-5.75062e-09
-5.75057e-09
0
-5.75062e-09
-5.75062e-09
0
8.06157e-16
-5.75062e-09
0
0
0
0
-2.87531e-09
-2.87531e-09
0
0
0
-2.87531e-09
-2.87531e-09
0
0
-1.43766e-09
-1.43766e-09
0
0
0
0
0
0
0
-1.43766e-09
-1.43766e-09
0
-2.87531e-09
0
-2.87531e-09
0
0
-2.87531e-09
-2.87531e-09
-5.75062e-09
8.06157e-16
0
1.61231e-15
-5.75062e-09
5.03848e-17
0
-5.75062e-09
1.28985e-14
0
-5.75061e-09
-5.75062e-09
0
0
0
0
0
1.61231e-15
0
0
-5.75062e-09
1.53762e-21
-2.87531e-09
0
0
1.0077e-16
-2.87531e-09
-2.87531e-09
4.80507e-23
0
2.4602e-20
-1.43766e-09
0
0
0
0
-1.43766e-09
3.14905e-18
-1.43766e-09
-1.43766e-09
0
-1.43766e-09
-2.87531e-09
0
-2.87531e-09
0
-2.87531e-09
2.4602e-20
0
3.14905e-18
0
-5.75062e-09
0
-5.75062e-09
-5.75062e-09
3.84406e-22
-5.75062e-09
0
0
3.22463e-15
-5.75062e-09
0
0
0
1.57453e-18
5.03848e-17
0
4.03078e-16
2.01539e-16
-5.75062e-09
0
0
-2.87531e-09
0
0
0
0
0
7.68811e-22
-1.43766e-09
0
0
-1.43766e-09
2.4602e-20
-1.43766e-09
-1.43766e-09
-1.43766e-09
-1.43766e-09
0
3.07524e-21
-1.43766e-09
-2.87531e-09
0
1.25962e-17
0
0
9.84078e-20
0
0
0
1.0077e-16
1.0077e-16
0
0
-5.75062e-09
3.93631e-19
0
0
-5.75062e-09
0
8.06157e-16
-5.75062e-09
-5.75062e-09
0
0
-5.75062e-09
1.0077e-16
-5.75062e-09
0
-2.87531e-09
0
0
0
0
3.14905e-18
0
0
0
-1.43766e-09
-1.43766e-09
0
0
-1.43766e-09
0
0
0
-1.43766e-09
0
7.68811e-22
0
0
0
0
0
-2.87531e-09
-2.87531e-09
1.2301e-20
0
-5.75062e-09
0
0
0
0
-5.75062e-09
1.96816e-19
-5.75062e-09
0
0
0
1.0077e-16
0
0
0
0
-5.75062e-09
1.25962e-17
6.2981e-18
1.57453e-18
-2.87531e-09
0
0
-2.87531e-09
0
0
0
1.53762e-21
0
-1.43766e-09
-1.43766e-09
6.15049e-21
0
6.15049e-21
-1.43766e-09
0
0
-1.43766e-09
1.53762e-21
7.68811e-22
0
0
-2.87531e-09
0
9.84078e-20
0
-2.87531e-09
0
3.93631e-19
-5.75062e-09
3.93631e-19
0
-5.75062e-09
-5.75062e-09
1.2301e-20
1.96816e-19
2.51924e-17
1.0077e-16
1.0077e-16
5.03848e-17
2.51924e-17
0
0
0
0
0
0
0
0
1.2301e-20
2.4602e-20
-2.87531e-09
0
0
0
0
1.53762e-21
0
-1.43766e-09
-1.43766e-09
-1.43766e-09
1.53762e-21
0
0
0
3.84406e-22
3.84406e-22
-1.43766e-09
0
-1.43766e-09
-2.87531e-09
0
0
1.2301e-20
-2.87531e-09
6.15049e-21
-2.87531e-09
0
0
0
-5.75062e-09
0
0
0
0
0
1.25962e-17
0
0
0
-5.75062e-09
-5.75062e-09
0
3.93631e-19
7.87263e-19
0
0
0
-2.87531e-09
-2.87531e-09
0
-2.87531e-09
-2.87531e-09
1.2301e-20
1.2301e-20
0
-1.43766e-09
0
7.68811e-22
0
0
7.68811e-22
-1.43766e-09
1.0077e-16
-1.43766e-09
0
0
2.51924e-17
-1.43766e-09
-2.87531e-09
-2.87531e-09
0
-2.87531e-09
0
0
0
0
1.28985e-14
0
0
0
0
0
0
0
-5.75042e-09
2.06376e-13
0
0
-5.75062e-09
0
0
0
-5.7506e-09
0
1.28985e-14
0
0
0
0
1.61231e-15
-2.87531e-09
-2.87531e-09
0
0
0
-1.43766e-09
1.0077e-16
0
1.0077e-16
0
-1.43766e-09
-1.43766e-09
5.03848e-17
5.03848e-17
2.51924e-17
-1.43766e-09
0
-2.87531e-09
-2.87531e-09
1.61231e-15
1.61231e-15
-2.87531e-09
0
-2.87531e-09
0
-5.75062e-09
0
2.5797e-14
0
0
0
0
2.06376e-13
0
2.06376e-13
0
2.06376e-13
0
0
0
0
0
0
-5.75062e-09
-5.75062e-09
0
0
4.03078e-16
0
-2.87531e-09
0
-2.87531e-09
0
1.25962e-17
-1.43766e-09
0
5.03848e-17
0
0
0
0
5.03848e-17
0
0
0
-1.43766e-09
-2.87531e-09
-2.87531e-09
-2.87531e-09
0
-2.87531e-09
0
-2.87531e-09
0
-5.75062e-09
1.28985e-14
2.5797e-14
1.28985e-14
0
0
0
-5.75062e-09
0
-5.75062e-09
0
0
-5.75062e-09
0
0
0
2.5797e-14
-5.75062e-09
0
0
0
0
4.03078e-16
0
0
-2.87531e-09
-2.87531e-09
0
0
0
2.51924e-17
-1.43766e-09
0
-1.43766e-09
0
0
-1.43766e-09
-1.43766e-09
0
0
0
0
8.06157e-16
0
1.61231e-15
4.03078e-16
0
-2.87531e-09
0
-5.75061e-09
1.28985e-14
-5.7506e-09
0
0
-5.75062e-09
0
-5.75042e-09
1.03188e-13
0
0
2.06376e-13
0
0
6.44925e-15
-5.75062e-09
-5.75062e-09
1.28985e-14
0
0
-2.87531e-09
0
0
-2.87531e-09
-2.87531e-09
0
0
0
-1.43766e-09
3.14905e-18
0
5.03848e-17
0
0
0
5.03848e-17
5.03848e-17
0
0
0
-1.43766e-09
0
0
8.06157e-16
0
0
0
0
0
1.28985e-14
1.28985e-14
0
0
6.44925e-15
-5.75062e-09
-5.75062e-09
0
1.03188e-13
0
0
-5.75042e-09
-5.75062e-09
0
0
1.28985e-14
2.5797e-14
0
-5.75061e-09
0
0
-2.87531e-09
0
-2.87531e-09
0
0
-2.87531e-09
0
0
-1.43766e-09
0
0
0
-1.43766e-09
0
2.51924e-17
-1.43766e-09
1.25962e-17
0
0
0
0
-2.87531e-09
0
0
-2.87531e-09
-2.87531e-09
-2.87531e-09
0
1.28985e-14
0
2.5797e-14
0
0
0
0
0
0
0
0
-5.75062e-09
0
0
0
0
2.5797e-14
0
1.28985e-14
0
0
0
0
0
0
0
-2.87531e-09
0
0
0
-1.43766e-09
0
0
0
-1.43766e-09
-1.43766e-09
-1.43766e-09
-1.43766e-09
0
0
-1.43766e-09
-2.87531e-09
0
0
-2.87531e-09
0
-2.87531e-09
-2.87531e-09
0
0
0
0
-5.75061e-09
-5.75062e-09
-5.75062e-09
0
-5.75052e-09
1.03188e-13
1.03188e-13
0
-5.75062e-09
0
0
6.44925e-15
0
0
1.28985e-14
0
0
0
-2.87531e-09
5.03848e-17
0
0
-2.87531e-09
0
0
0
3.93631e-19
0
0
0
0
0
-1.43766e-09
9.61014e-23
0
0
-1.43766e-09
0
-2.87531e-09
1.53762e-21
-2.87531e-09
0
1.53762e-21
-2.87531e-09
0
0
2.4602e-20
3.93631e-19
-5.75062e-09
0
0
4.92039e-20
0
-5.75062e-09
-5.75062e-09
0
0
1.57453e-18
0
0
0
0
-5.75062e-09
3.93631e-19
0
0
0
6.15049e-21
6.15049e-21
0
0
-2.87531e-09
0
1.20127e-23
-1.43766e-09
-1.43766e-09
-1.43766e-09
-1.43766e-09
0
0
0
0
1.92203e-22
3.84406e-22
-1.43766e-09
-1.43766e-09
0
0
0
0
0
-2.87531e-09
-2.87531e-09
0
-5.75062e-09
0
0
0
0
0
0
0
0
0
0
6.2981e-18
1.57453e-18
0
1.2301e-20
9.84078e-20
3.93631e-19
0
0
0
6.00634e-24
-2.87531e-09
0
0
0
0
0
-2.87531e-09
-1.43766e-09
-1.43766e-09
0
0
-1.43766e-09
0
0
0
3.84406e-22
0
-1.43766e-09
0
-1.43766e-09
0
0
0
0
0
6.15049e-21
0
0
0
-5.75062e-09
0
-5.75062e-09
0
0
-5.75062e-09
-5.75062e-09
0
0
-5.75062e-09
3.14905e-18
-5.75062e-09
-5.75062e-09
0
9.84078e-20
3.93631e-19
-5.75062e-09
-5.75062e-09
-5.75062e-09
-5.75062e-09
-2.87531e-09
0
-2.87531e-09
-2.87531e-09
1.53762e-21
0
6.00634e-24
1.20127e-23
9.61014e-23
-1.43766e-09
-1.43766e-09
0
-1.43766e-09
0
-1.43766e-09
3.84406e-22
0
-1.43766e-09
0
9.61014e-23
0
0
1.2301e-20
-2.87531e-09
1.2301e-20
6.15049e-21
-2.87531e-09
0
6.15049e-21
0
-5.75062e-09
-5.75062e-09
0
-5.75062e-09
-5.75062e-09
0
0
0
-5.75062e-09
0
0
-5.75062e-09
0
0
0
0
3.93631e-19
-5.75062e-09
-5.75062e-09
0
-2.87531e-09
6.15049e-21
-2.87531e-09
0
0
4.80507e-23
0
0
0
-1.43766e-09
-1.43766e-09
0
0
-1.43766e-09
0
0
-1.43766e-09
9.61014e-23
9.61014e-23
-1.43766e-09
0
-2.87531e-09
-2.87531e-09
0
-2.87531e-09
-2.87531e-09
0
0
0
-5.75062e-09
0
4.92039e-20
0
-5.75062e-09
0
-5.75062e-09
0
0
0
-5.75062e-09
0
-5.75062e-09
0
0
0
0
0
1.2301e-20
1.53762e-21
1.53762e-21
-2.87531e-09
0
0
0
0
0
0
0
1.92203e-22
0
9.61014e-23
0
0
0
0
-1.43766e-09
4.80507e-23
0
2.40253e-23
0
7.68811e-22
0
1.53762e-21
0
3.84406e-22
0
0
0
0
0
0
-5.75062e-09
0
0
0
0
-5.75062e-09
1.96816e-19
-5.75062e-09
-5.75062e-09
0
0
0
0
0
-5.75062e-09
0
-2.87531e-09
-2.87531e-09
-2.87531e-09
0
0
0
9.61014e-23
0
0
-1.43766e-09
-1.43766e-09
-1.43766e-09
0
0
-1.43766e-09
0
0
0
0
6.00634e-24
0
4.80507e-23
0
0
0
-2.87531e-09
0
-9.61014e-23
0
0
1.53762e-21
7.68811e-22
-5.75062e-09
4.80507e-23
0
0
0
0
0
0
0
0
0
0
3.84406e-22
7.68811e-22
-5.75062e-09
-5.75062e-09
0
9.61014e-23
0
-2.87531e-09
0
0
-9.61014e-23
0
-1.43766e-09
1.20127e-23
0
1.20127e-23
-1.43766e-09
0
0
-1.43766e-09
0
3.75396e-25
0
3.75396e-25
0
-1.43766e-09
0
0
3.00317e-24
0
-2.87531e-09
1.87698e-25
0
-5.75062e-09
0
0
3.00317e-24
0
0
-2.87531e-09
0
0
0
-5.75062e-09
0
-5.75062e-09
2.40253e-23
0
1.50158e-24
0
3.00317e-24
0
0
-5.75062e-09
0
0
0
-2.87531e-09
0
-2.87531e-09
4.69245e-26
1.87698e-25
-1.43766e-09
-1.43766e-09
0
-1.43766e-09
-1.43766e-09
0
-1.43766e-09
0
0
0
-1.43766e-09
-1.43766e-09
-1.43766e-09
-2.87531e-09
4.80507e-23
0
0
1.50158e-24
-2.87531e-09
-2.87531e-09
0
0
0
3.00317e-24
0
0
6.00634e-24
0
2.4602e-20
6.15049e-21
-5.75062e-09
0
-5.75062e-09
0
1.20127e-23
-5.75062e-09
6.00634e-24
-5.75062e-09
0
-5.75062e-09
0
0
-2.87531e-09
1.50158e-24
0
7.50792e-25
-2.87531e-09
0
0
0
-1.43766e-09
3.00317e-24
-1.43766e-09
-1.43766e-09
-1.43766e-09
0
3.00317e-24
3.00317e-24
-1.43766e-09
-1.43766e-09
0
0
-2.87531e-09
9.61014e-23
4.80507e-23
0
0
0
0
0
0
0
0
6.00634e-24
0
-2.87531e-09
4.92039e-20
0
-5.75062e-09
0
1.53762e-21
0
0
1.92203e-22
2.40253e-23
0
0
-5.75062e-09
0
0
0
0
0
0
6.00634e-24
0
1.50158e-24
3.00317e-24
0
0
-1.43766e-09
6.00634e-24
0
-1.43766e-09
0
1.20127e-23
0
-1.43766e-09
0
-1.43766e-09
3.00317e-24
3.84406e-22
-2.87531e-09
0
4.80507e-23
0
2.40253e-23
-2.87531e-09
2.4602e-20
0
0
-5.75062e-09
0
0
0
0
2.4602e-20
0
0
0
-5.75062e-09
0
0
0
0
0
0
0
0
2.40253e-23
0
0
-2.87531e-09
6.00634e-24
0
-2.87531e-09
-1.43766e-09
0
-1.43766e-09
0
-1.43766e-09
-1.43766e-09
6.00634e-24
0
0
0
0
0
0
-1.43766e-09
1.53762e-21
7.68811e-22
0
-2.87531e-09
0
9.61014e-23
4.80507e-23
0
1.2301e-20
0
-5.75062e-09
1.53762e-21
0
9.61014e-23
-5.75062e-09
0
-5.75062e-09
0
6.15049e-21
0
0
-5.75062e-09
-5.75062e-09
0
0
-5.75062e-09
0
0
0
0
-2.87531e-09
0
0
0
0
0
-1.43766e-09
4.80507e-23
2.40253e-23
0
-1.43766e-09
-1.43766e-09
0
0
2.40253e-23
0
0
-1.43766e-09
0
-2.87531e-09
7.68811e-22
-2.87531e-09
-2.87531e-09
0
0
-2.87531e-09
6.15049e-21
0
0
3.07524e-21
-5.75062e-09
-5.75062e-09
0
0
0
-5.75062e-09
0
0
0
0
0
0
1.53762e-21
0
0
-5.75062e-09
-5.75062e-09
-2.87531e-09
4.80507e-23
-2.87531e-09
0
-2.87531e-09
0
0
-1.43766e-09
4.80507e-23
0
-1.43766e-09
0
-1.20127e-23
-1.43766e-09
0
0
0
0
0
6.00634e-24
6.00634e-24
1.92203e-22
0
-2.87531e-09
-2.87531e-09
1.92203e-22
-2.87531e-09
-2.87531e-09
1.53762e-21
1.53762e-21
0
0
0
0
0
0
0
0
-5.75062e-09
0
1.53762e-21
0
0
0
0
0
0
0
-5.75062e-09
0
0
0
0
-2.87531e-09
0
1.20127e-23
0
2.40253e-23
-1.43766e-09
0
-1.43766e-09
6.00634e-24
3.00317e-24
-1.43766e-09
0
7.50792e-25
7.50792e-25
0
-1.43766e-09
1.50158e-24
-2.87531e-09
-2.87531e-09
0
-2.87531e-09
0
6.00634e-24
-2.87531e-09
9.3849e-26
0
0
1.87698e-25
-5.75062e-09
0
0
0
0
0
-5.75062e-09
1.50158e-24
-5.75062e-09
0
0
-2.87531e-09
0
-5.75062e-09
0
0
-5.75062e-09
0
0
0
3.75396e-25
0
1.50158e-24
-2.87531e-09
0
0
0
-1.43766e-09
0
0
0
-1.43766e-09
0
0
-1.43766e-09
0
0
2.40253e-23
0
-2.87531e-09
0
0
4.80507e-23
-2.87531e-09
0
-5.75062e-09
0
0
0
0
0
0
-5.75062e-09
0
0
-5.75062e-09
0
6.15049e-21
-5.75062e-09
-2.87531e-09
1.50158e-24
0
0
0
0
6.15049e-21
3.00317e-24
-2.87531e-09
0
0
-2.87531e-09
1.20127e-23
9.61014e-23
-1.43766e-09
7.50792e-25
-1.43766e-09
-1.43766e-09
0
0
0
-1.43766e-09
-1.43766e-09
2.40253e-23
9.61014e-23
-1.43766e-09
0
1.92203e-22
-2.87531e-09
-2.87531e-09
-2.87531e-09
0
0
0
-2.87531e-09
0
0
0
0
0
0
-5.75062e-09
0
-5.75062e-09
0
0
0
0
2.4602e-20
0
-2.87531e-09
-5.75062e-09
1.50158e-24
7.68811e-22
6.15049e-21
0
0
1.20127e-23
1.20127e-23
-2.87531e-09
0
4.80507e-23
0
-1.43766e-09
3.00317e-24
-1.43766e-09
3.00317e-24
0
0
6.00634e-24
0
0
-1.43766e-09
1.92203e-22
1.92203e-22
0
3.84406e-22
0
-2.87531e-09
-2.87531e-09
-2.87531e-09
1.53762e-21
-2.87531e-09
0
0
9.61014e-23
1.92203e-22
0
0
0
-5.75062e-09
3.84406e-22
0
-5.75062e-09
3.07524e-21
-5.75062e-09
1.2301e-20
0
2.87531e-09
0
6.00634e-24
0
-5.75062e-09
0
-5.75062e-09
0
0
-2.87531e-09
-2.87531e-09
0
-2.87531e-09
0
-1.43766e-09
0
0
6.00634e-24
0
0
-1.43766e-09
4.80507e-23
-1.43766e-09
9.61014e-23
0
0
0
-1.43766e-09
0
-2.87531e-09
0
-2.87531e-09
0
7.68811e-22
7.68811e-22
0
1.92203e-22
3.84406e-22
-5.75062e-09
7.68811e-22
0
1.53762e-21
7.68811e-22
1.53762e-21
0
-5.75062e-09
0
0
0
-2.87531e-09
1.92203e-22
0
-5.75062e-09
0
0
-5.75062e-09
0
0
-2.87531e-09
1.92203e-22
-2.87531e-09
-2.87531e-09
0
0
0
0
-1.43766e-09
1.20127e-23
-1.43766e-09
0
0
4.80507e-23
-1.43766e-09
0
-1.43766e-09
0
9.61014e-23
4.80507e-23
9.61014e-23
0
-2.87531e-09
0
0
3.84406e-22
0
3.84406e-22
3.84406e-22
0
7.68811e-22
0
0
1.53762e-21
-5.75062e-09
-5.75062e-09
0
0
6.15049e-21
0
3.84406e-22
7.68811e-22
0
1.53762e-21
0
0
0
1.92203e-22
1.92203e-22
0
1.92203e-22
-2.87531e-09
0
0
1.20127e-23
0
1.20127e-23
0
-1.43766e-09
-1.43766e-09
2.40253e-23
-1.43766e-09
-1.43766e-09
0
0
0
0
-1.43766e-09
0
2.40253e-23
0
0
4.80507e-23
0
-2.87531e-09
0
0
0
0
0
-5.75062e-09
0
0
1.53762e-21
0
1.53762e-21
0
-5.75062e-09
-5.75062e-09
3.84406e-22
3.84406e-22
-5.75062e-09
0
7.68811e-22
0
-5.75062e-09
0
-2.87531e-09
0
-2.87531e-09
0
9.61014e-23
0
0
6.00634e-24
0
0
-1.43766e-09
6.00634e-24
-1.43766e-09
0
0
0
0
0
0
0
0
-2.87531e-09
-2.87531e-09
0
-2.87531e-09
1.17311e-26
0
0
0
-5.75062e-09
0
1.87698e-25
0
9.3849e-26
3.00317e-24
3.00317e-24
0
-5.75062e-09
0
3.00317e-24
0
-5.75062e-09
0
1.50158e-24
0
-2.87531e-09
7.50792e-25
-2.87531e-09
0
0
-2.87531e-09
0
0
-2.87531e-09
1.87698e-25
1.83299e-28
0
0
-2.87531e-09
0
-2.87531e-09
-1.43766e-09
0
0
1.83299e-28
0
0
-2.87531e-09
0
-2.87531e-09
-2.87531e-09
-2.87531e-09
-2.87531e-09
-2.87531e-09
0
0
0
7.50792e-25
0
0
0
0
-5.75062e-09
6.00634e-24
0
0
0
0
1.20127e-23
0
0
0
-2.87531e-09
-2.87531e-09
1.50158e-24
1.50158e-24
0
-2.87531e-09
-2.87531e-09
0
-2.87531e-09
7.50792e-25
0
-2.87531e-09
0
0
0
0
-2.87531e-09
0
-1.43766e-09
2.29124e-29
0
1.83299e-28
0
0
-1.43766e-09
-1.43766e-09
0
-2.87531e-09
-2.87531e-09
-2.87531e-09
-2.87531e-09
-2.87531e-09
0
0
-5.75062e-09
0
-3.75396e-25
0
7.50792e-25
0
-5.75062e-09
0
0
0
4.80507e-23
4.80507e-23
0
0
0
0
0
-2.87531e-09
-2.87531e-09
-2.87531e-09
-2.87531e-09
-2.87531e-09
0
0
0
1.20127e-23
-2.87531e-09
3.66598e-28
2.93278e-27
0
0
0
0
0
0
0
7.33195e-28
0
-1.43766e-09
-1.43766e-09
7.50792e-25
4.58247e-29
1.83299e-28
0
0
-2.87531e-09
0
3.00317e-24
0
-5.75062e-09
0
-5.75062e-09
0
0
0
0
-5.75062e-09
0
0
0
0
1.92203e-22
0
-2.87531e-09
6.00634e-24
-2.87531e-09
-2.87531e-09
-2.87531e-09
6.00634e-24
-2.87531e-09
-2.87531e-09
0
0
0
-2.87531e-09
0
0
2.93278e-27
4.69245e-26
-1.43766e-09
-1.43766e-09
-1.43766e-09
-1.43766e-09
0
-2.87531e-09
0
0
-1.43766e-09
-1.43766e-09
0
9.16494e-29
-2.87531e-09
-2.87531e-09
0
0
0
0
-5.75062e-09
3.00317e-24
1.50158e-24
0
0
0
-5.75062e-09
1.20127e-23
0
0
1.92203e-22
1.92203e-22
0
0
-2.87531e-09
-2.87531e-09
-2.87531e-09
-2.87531e-09
-2.87531e-09
-2.87531e-09
0
0
1.87698e-25
3.00317e-24
0
4.80507e-23
0
0
3.66598e-28
0
0
-1.43766e-09
-1.43766e-09
0
0
-1.43766e-09
0
7.33195e-28
-1.43766e-09
1.43766e-09
-1.43766e-09
0
0
-2.87531e-09
0
0
0
3.00317e-24
2.40253e-23
0
0
-2.87531e-09
0
0
-5.75062e-09
1.92203e-22
-5.75062e-09
4.80507e-23
-5.75062e-09
0
0
0
0
0
0
0
-2.87531e-09
0
0
-2.87531e-09
2.34623e-26
3.75396e-25
0
-2.87531e-09
-2.87531e-09
-2.87531e-09
1.92203e-22
3.66598e-28
0
0
0
0
-1.43766e-09
-1.43766e-09
1.14562e-29
0
-1.43766e-09
0
2.34623e-26
0
-1.43766e-09
-2.87531e-09
0
1.46639e-27
-2.87531e-09
3.75396e-25
0
0
-2.87531e-09
0
0
-2.87531e-09
9.61014e-23
9.61014e-23
0
4.80507e-23
0
0
0
0
7.68811e-22
0
1.20127e-23
2.40253e-23
2.87531e-09
0
0
1.92203e-22
-2.87531e-09
0
3.75396e-25
0
2.40253e-23
0
-2.87531e-09
0
7.33195e-28
0
0
0
0
0
0
0
2.29124e-29
9.16494e-29
2.93278e-27
-1.43766e-09
4.69245e-26
-1.43766e-09
1.83299e-28
7.33195e-28
-2.87531e-09
-2.87531e-09
0
2.34623e-26
0
0
6.00634e-24
-2.87531e-09
0
-2.87531e-09
0
0
0
1.92203e-22
0
0
-2.87531e-09
0
0
1.20127e-23
0
0
2.40253e-23
4.80507e-23
-2.87531e-09
9.61014e-23
0
0
7.50792e-25
0
0
0
0
0
0
0
0
-1.43766e-09
3.75396e-25
-1.43766e-09
0
0
0
0
0
0
0
0
7.33195e-28
0
1.83299e-28
-2.87531e-09
0
-2.87531e-09
0
0
-2.87531e-09
6.00634e-24
-2.87531e-09
-2.87531e-09
0
0
-2.87531e-09
-2.87531e-09
0
-2.87531e-09
1.92203e-22
0
-2.87531e-09
6.00634e-24
0
0
-2.87531e-09
-2.87531e-09
0
0
0
0
0
0
9.3849e-26
0
0
0
-1.43766e-09
0
0
0
0
0
7.16011e-31
0
1.79003e-31
1.79003e-31
0
0
0
-2.87531e-09
0
0
9.16494e-29
0
0
0
0
-2.87531e-09
0
0
0
0
0
9.61014e-23
-2.87531e-09
0
0
0
9.61014e-23
0
0
0
6.00634e-24
0
2.40253e-23
0
0
3.66598e-28
-2.87531e-09
0
9.3849e-26
0
0
0
0
0
0
3.66598e-28
7.33195e-28
0
8.95014e-32
1.79003e-31
0
0
0
0
8.95014e-32
0
0
-2.87531e-09
0
-2.87531e-09
0
0
0
0
0
-2.87531e-09
-2.87531e-09
0
0
0
9.61014e-23
0
-2.87531e-09
-2.87531e-09
-2.87531e-09
0
0
0
6.00634e-24
0
1.20127e-23
0
0
0
0
-2.87531e-09
0
0
0
2.34623e-26
0
7.16011e-31
-1.43766e-09
0
-1.43766e-09
0
0
0
8.95014e-32
0
0
1.79003e-31
1.11877e-32
0
1.14562e-29
-2.87531e-09
0
0
0
-2.87531e-09
-2.87531e-09
7.50792e-25
0
-2.87531e-09
0
-2.87531e-09
0
-2.87531e-09
-2.87531e-09
9.61014e-23
0
-2.87531e-09
0
0
9.61014e-23
0
0
-2.87531e-09
6.00634e-24
0
0
-2.87531e-09
0
0
0
9.16494e-29
0
-2.87531e-09
0
0
8.95014e-32
0
1.43202e-30
8.95014e-32
-1.43766e-09
0
2.23753e-32
0
0
0
0
0
0
0
0
0
0
1.14562e-29
0
0
0
0
0
0
1.50158e-24
0
0
4.80507e-23
0
-2.87531e-09
0
4.80507e-23
4.80507e-23
4.80507e-23
0
0
0
0
0
0
-2.87531e-09
0
0
0
4.58247e-29
0
0
0
0
0
0
0
1.39846e-33
-1.43766e-09
0
-1.43766e-09
0
-1.43766e-09
0
0
2.18509e-35
0
0
0
-2.87531e-09
0
5.72809e-30
5.72809e-30
0
0
0
7.50792e-25
-2.87531e-09
0
7.50792e-25
-2.87531e-09
-2.87531e-09
0
0
4.80507e-23
0
0
4.80507e-23
0
0
3.00317e-24
0
-2.87531e-09
0
0
0
0
0
-2.87531e-09
0
0
0
0
8.74037e-35
0
-1.43766e-09
-1.43766e-09
3.49615e-34
0
-1.43766e-09
4.69245e-26
0
2.93278e-27
0
0
0
-2.87531e-09
0
0
5.86556e-27
0
3.66598e-28
0
-2.87531e-09
0
0
-2.87531e-09
-2.87531e-09
-2.87531e-09
0
0
0
-5.75062e-09
0
0
0
0
0
-5.75062e-09
0
-5.75062e-09
6.00634e-24
0
0
-2.87531e-09
1.17311e-26
0
-2.87531e-09
0
0
3.66598e-28
1.17311e-26
0
7.33195e-28
0
0
1.14562e-29
0
0
-1.43766e-09
0
-2.87531e-09
-2.87531e-09
4.58247e-29
0
7.50792e-25
-2.87531e-09
1.87698e-25
0
0
-2.87531e-09
3.66598e-28
-2.87531e-09
-2.87531e-09
-2.87531e-09
0
-2.87531e-09
0
0
-5.75062e-09
0
0
0
4.80507e-23
0
0
3.00317e-24
0
0
6.00634e-24
0
0
0
-2.87531e-09
0
0
0
-2.87531e-09
0
0
4.69245e-26
0
0
0
1.83299e-28
2.29124e-29
-2.87531e-09
0
0
0
-2.87531e-09
-2.87531e-09
0
0
-2.87531e-09
3.00317e-24
-2.87531e-09
0
0
-2.87531e-09
0
-2.87531e-09
0
0
1.20127e-23
0
0
-2.87531e-09
-5.75062e-09
0
0
-5.75062e-09
-5.75062e-09
0
0
3.00317e-24
0
0
0
0
-5.75062e-09
0
-2.87531e-09
0
0
0
0
-2.87531e-09
-2.87531e-09
0
0
0
7.33195e-28
0
0
-2.87531e-09
-1.43766e-09
-1.43766e-09
-1.43766e-09
-1.43766e-09
-1.43766e-09
4.58247e-29
0
0
0
-2.87531e-09
-2.87531e-09
0
-2.87531e-09
0
0
0
1.20127e-23
0
0
0
-2.87531e-09
-5.75062e-09
-5.75062e-09
0
0
0
0
0
2.40253e-23
3.00317e-24
0
-2.87531e-09
-2.87531e-09
1.20127e-23
1.20127e-23
3.00317e-24
0
-2.87531e-09
0
1.17311e-26
0
0
0
0
-1.43766e-09
0
0
9.16494e-29
0
-1.43766e-09
7.50792e-25
0
-1.43766e-09
-1.43766e-09
0
-1.43766e-09
0
2.40253e-23
-2.87531e-09
0
0
-2.87531e-09
-2.87531e-09
0
0
-2.87531e-09
0
0
-2.87531e-09
-2.87531e-09
0
1.53762e-21
0
0
1.92203e-22
0
0
-5.75062e-09
0
0
0
-2.87531e-09
0
0
0
1.50158e-24
-2.87531e-09
0
-2.87531e-09
0
7.33195e-28
3.75396e-25
0
-1.43766e-09
1.46639e-27
3.66598e-28
0
0
-1.43766e-09
-1.43766e-09
1.87698e-25
0
0
-1.43766e-09
-1.43766e-09
0
0
0
-2.87531e-09
0
0
-2.87531e-09
-2.87531e-09
-2.87531e-09
-2.87531e-09
0
4.80507e-23
2.40253e-23
2.40253e-23
0
1.53762e-21
0
0
0
0
9.61014e-23
0
9.61014e-23
-2.87531e-09
0
0
0
-2.87531e-09
-2.87531e-09
0
0
3.75396e-25
-2.87531e-09
-2.87531e-09
0
3.75396e-25
-1.43766e-09
2.34623e-26
-1.43766e-09
-1.43766e-09
-1.43766e-09
-1.43766e-09
-1.43766e-09
0
-1.43766e-09
-1.43766e-09
0
0
0
-2.87531e-09
0
2.40253e-23
0
-2.87531e-09
-2.87531e-09
0
-2.87531e-09
-2.87531e-09
-2.87531e-09
-2.87531e-09
-2.87531e-09
4.80507e-23
-2.87531e-09
0
1.53762e-21
0
0
0
3.84406e-22
0
0
9.61014e-23
9.61014e-23
0
2.40253e-23
2.40253e-23
0
-2.87531e-09
0
-2.87531e-09
1.87698e-25
0
0
-2.87531e-09
0
0
2.34623e-26
-1.43766e-09
-1.43766e-09
-1.43766e-09
1.43766e-09
0
7.50792e-25
0
2.34623e-26
0
9.16494e-29
4.58247e-29
-2.87531e-09
4.69245e-26
0
0
0
1.46639e-27
-2.87531e-09
0
-2.87531e-09
-2.87531e-09
0
0
0
0
0
3.84406e-22
3.84406e-22
3.84406e-22
3.84406e-22
-2.87531e-09
-2.87531e-09
0
0
-2.87531e-09
0
0
0
0
3.00317e-24
1.17311e-26
0
0
-2.87531e-09
-2.87531e-09
-2.87531e-09
0
0
4.58247e-29
0
0
0
0
0
0
0
0
-1.43766e-09
9.16494e-29
0
0
0
-2.87531e-09
-2.87531e-09
-2.87531e-09
0
2.93278e-27
0
0
0
-2.87531e-09
0
-2.87531e-09
-2.87531e-09
0
-2.87531e-09
1.92203e-22
0
0
0
-2.87531e-09
-2.87531e-09
0
0
0
0
0
-2.87531e-09
0
-2.87531e-09
-2.87531e-09
2.34623e-26
0
0
0
0
0
0
7.33195e-28
0
2.29124e-29
-1.43766e-09
7.33195e-28
-1.43766e-09
-1.43766e-09
0
2.86404e-30
-1.43766e-09
0
0
9.3849e-26
0
0
0
3.66598e-28
1.17311e-26
-2.87531e-09
0
1.20127e-23
0
1.20127e-23
0
-2.87531e-09
0
-2.87531e-09
-2.87531e-09
1.92203e-22
-2.87531e-09
0
-2.87531e-09
0
-2.87531e-09
0
6.00634e-24
0
0
-2.87531e-09
0
5.86556e-27
0
0
0
0
0
0
0
0
0
0
0
-1.43766e-09
0
0
-1.43766e-09
0
0
-1.43766e-09
0
1.87698e-25
0
0
0
0
3.66598e-28
0
0
0
0
-2.87531e-09
1.20127e-23
0
0
0
0
9.61014e-23
0
0
0
-2.87531e-09
6.00634e-24
0
0
-2.87531e-09
0
0
0
2.34623e-26
0
-2.87531e-09
0
1.46639e-27
0
-2.87531e-09
0
-1.43766e-09
0
0
2.86404e-30
0
0
0
0
-1.43766e-09
0
0
0
-1.43766e-09
0
1.83299e-28
1.83299e-28
-2.87531e-09
0
0
0
0
0
0
0
1.20127e-23
-2.87531e-09
0
0
0
0
0
9.61014e-23
0
0
-2.87531e-09
-2.87531e-09
0
0
0
0
1.20127e-23
0
0
-2.87531e-09
-2.87531e-09
0
-2.87531e-09
-2.87531e-09
0
8.95014e-32
-1.43766e-09
-1.43766e-09
1.79003e-31
0
-1.43766e-09
0
0
0
7.16011e-31
0
0
6.9923e-34
0
-2.87531e-09
0
9.16494e-29
9.16494e-29
-2.87531e-09
0
2.40253e-23
-2.87531e-09
0
-2.87531e-09
-2.87531e-09
1.20127e-23
0
0
0
-2.87531e-09
9.61014e-23
0
0
-2.87531e-09
0
0
0
3.00317e-24
0
6.00634e-24
6.00634e-24
0
0
0
0
0
-2.87531e-09
0
0
-1.43766e-09
0
0
0
3.49615e-34
0
3.49615e-34
3.49615e-34
-1.43766e-09
1.74807e-34
-1.43766e-09
-1.43766e-09
0
0
0
4.58247e-29
-2.87531e-09
0
0
9.16494e-29
-2.87531e-09
0
6.00634e-24
6.00634e-24
1.20127e-23
1.20127e-23
1.20127e-23
4.80507e-23
-2.87531e-09
-2.87531e-09
0
4.80507e-23
9.61014e-23
-2.87531e-09
1.50158e-24
0
0
0
0
6.00634e-24
0
1.14562e-29
0
0
0
-2.87531e-09
4.58247e-29
-2.87531e-09
0
1.09255e-35
4.37018e-35
0
8.74037e-35
0
-1.43766e-09
)
;

boundaryField
{
    fuel
    {
        type            calculated;
        value           uniform 0;
    }
    primary_air
    {
        type            calculated;
        value           uniform 0;
    }
    Secondary_air_RHS
    {
        type            calculated;
        value           uniform 0;
    }
    Secondary_air_LHS
    {
        type            calculated;
        value           uniform 0;
    }
    outlet
    {
        type            calculated;
        value           uniform 0;
    }
    stove_body
    {
        type            calculated;
        value           uniform 0;
    }
    frontAndBack
    {
        type            empty;
    }
}


// ************************************************************************* //
