/*--------------------------------*- C++ -*----------------------------------*\
  =========                 |
  \\      /  F ield         | OpenFOAM: The Open Source CFD Toolbox
   \\    /   O peration     | Website:  https://openfoam.org
    \\  /    A nd           | Version:  6
     \\/     M anipulation  |
\*---------------------------------------------------------------------------*/
FoamFile
{
    version     2.0;
    format      ascii;
    class       volScalarField;
    location    "0.01";
    object      N2;
}
// * * * * * * * * * * * * * * * * * * * * * * * * * * * * * * * * * * * * * //

dimensions      [0 0 0 0 0 0 0];

internalField   nonuniform List<scalar> 
3773
(
0.597885
0.59939
0.596816
0.597735
0.599592
0.599165
0.600016
0.706926
0.715197
0.709738
0.711867
0.715163
0.712967
0.709265
0.654769
0.671177
0.6696
0.669506
0.668376
0.671062
0.655214
0.654695
0.661101
0.66036
0.659943
0.660238
0.662632
0.655616
0.65468
0.660535
0.66873
0.668007
0.668618
0.668964
0.655359
0.709395
0.714739
0.711918
0.714044
0.716316
0.713047
0.709465
0.601267
0.607191
0.599823
0.598841
0.600796
0.599863
0.601397
0.766049
0.786304
0.786922
0.78726
0.78649
0.784793
0.765486
0.985066
0.991574
0.990391
0.991055
0.991913
0.991321
0.985618
0.976965
0.972079
0.97003
0.971778
0.974104
0.965767
0.977733
0.980988
0.988579
0.987719
0.987342
0.987722
0.989986
0.98253
0.977347
0.98407
0.971786
0.9727
0.974723
0.970538
0.978029
0.985645
0.992814
0.991055
0.991848
0.992226
0.991367
0.98572
0.76446
0.776633
0.781742
0.785616
0.785624
0.784828
0.763723
0.893412
0.916191
0.917939
0.917846
0.913021
0.909478
0.891664
0.987015
0.996278
0.996147
0.996221
0.995538
0.99529
0.986899
0.99297
0.998752
0.99748
0.99792
0.998206
0.998217
0.992764
0.993512
0.999533
0.999711
0.99971
0.999745
0.999659
0.993621
0.992653
0.999094
0.998314
0.998131
0.998397
0.997802
0.992702
0.987017
0.995054
0.995445
0.995338
0.995681
0.995532
0.986962
0.888382
0.904782
0.908401
0.908451
0.912217
0.910576
0.888334
0.961961
0.977186
0.978335
0.978201
0.977033
0.9755
0.961024
0.990557
0.998838
0.998984
0.998969
0.998777
0.998646
0.99046
0.993539
0.999891
0.999822
0.999875
0.999914
0.999918
0.993535
0.993864
0.999967
0.99999
0.999991
0.999991
0.999927
0.993862
0.99353
0.999955
0.999902
0.999929
0.999912
0.999854
0.993549
0.990419
0.998579
0.99869
0.998813
0.998801
0.998715
0.990409
0.959258
0.973641
0.975132
0.976095
0.976314
0.975679
0.959156
0.983278
0.995424
0.996035
0.995943
0.996435
0.996108
0.983004
0.991741
0.999621
0.999806
0.999796
0.999822
0.999739
0.991706
0.993571
0.999931
0.999993
0.999995
0.999994
0.99998
0.993573
0.993885
0.999988
1
1
0.999999
0.999948
0.99387
0.99357
0.999978
0.999993
0.999995
0.999996
0.999983
0.993584
0.991683
0.999729
0.999797
0.999795
0.999802
0.999704
0.991683
0.982448
0.995421
0.995882
0.99583
0.996139
0.995645
0.982393
0.986902
0.999435
0.999451
0.999511
0.999385
0.999446
0.986878
0.992072
0.999859
0.999973
0.999979
0.999978
0.999895
0.992052
0.993635
0.999919
0.999999
1
1
0.999983
0.993636
0.993959
0.999992
1
1
1
0.999947
0.993921
0.993633
0.999958
1
0.999999
1
0.999986
0.993643
0.992044
0.999926
0.999976
0.999978
0.999976
0.999927
0.992042
0.986564
0.999516
0.999429
0.99948
0.999284
0.999495
0.986549
1
1
1
1
1
1
1
1
1
1
1
1
1
1
1
1
1
1
1
1
1
1
1
1
1
1
1
1
1
1
1
1
1
1
1
1
1
1
1
1
1
1
1
1
1
1
1
1
1
0.998264
0.9993
0.999326
0.999343
0.999291
0.998897
0.997671
0.997794
0.998857
0.999137
0.99904
0.998926
0.998368
0.997364
0.995435
0.996351
0.996613
0.996713
0.996771
0.996678
0.99573
0.990758
0.991106
0.990565
0.989492
0.990818
0.991179
0.990903
0.994485
0.995625
0.995917
0.996004
0.99607
0.995741
0.994508
0.997269
0.998426
0.998635
0.998658
0.998732
0.998642
0.997569
0.997938
0.999033
0.999198
0.999177
0.999074
0.998954
0.998034
0.999738
0.999999
0.999999
0.999997
0.999985
0.999954
0.998668
0.999155
0.999913
0.999987
0.999992
0.999972
0.999977
0.998751
0.995926
0.997719
0.997792
0.997869
0.998035
0.997859
0.996377
0.993491
0.993868
0.993169
0.992048
0.993073
0.993748
0.99329
0.995241
0.99752
0.99819
0.998337
0.998123
0.997516
0.995301
0.998797
0.999685
0.999899
0.99998
0.999994
0.999989
0.999082
0.999873
0.999948
0.999968
0.999981
0.999989
0.999995
0.999625
0.999874
0.999999
0.999999
0.999997
0.999979
0.9999
0.999175
0.999347
0.99995
0.999988
0.999975
0.999911
0.999868
0.999095
0.996258
0.998382
0.998747
0.998557
0.998704
0.998601
0.996666
0.994895
0.995959
0.995931
0.996076
0.995659
0.995791
0.995093
0.996771
0.998396
0.998884
0.99887
0.99897
0.998664
0.996912
0.999648
0.999651
0.999762
0.99991
0.999982
0.999989
0.99945
0.999997
0.999995
0.999996
0.999996
0.999996
0.999998
0.999884
0.999972
0.999999
0.999999
0.999999
0.999996
0.999973
0.999887
0.999555
0.999989
0.999991
0.999962
0.999872
0.999711
0.999384
0.997741
0.999028
0.999337
0.999294
0.999224
0.998894
0.997195
0.99635
0.997309
0.99759
0.997108
0.997709
0.997312
0.996571
0.997799
0.998972
0.99934
0.999293
0.999309
0.999145
0.998415
0.999949
0.999934
0.999931
0.999942
0.99997
0.999995
0.999745
0.999997
0.999995
0.999997
0.999998
0.999999
1
0.999962
1
0.999999
0.999999
0.999999
0.999999
1
1
0.999922
0.999996
0.999992
0.999985
0.999974
0.999939
0.999849
0.998656
0.999292
0.99953
0.999503
0.999566
0.999322
0.998544
0.997949
0.998289
0.99865
0.998587
0.998611
0.99858
0.998198
0.998459
0.999253
0.999485
0.99955
0.999635
0.999451
0.999007
0.99992
0.999913
0.999969
0.999991
0.999997
0.999999
0.999883
0.999996
0.999994
0.999996
0.999998
0.999999
1
0.999989
1
0.999999
0.999999
0.999998
0.999999
1
1
0.999999
0.999996
0.99999
0.999986
0.999982
0.999991
0.999998
0.999338
0.999592
0.999715
0.999692
0.999696
0.999472
0.998946
0.998761
0.998928
0.999003
0.998902
0.998983
0.998881
0.998814
0.999083
0.99949
0.999676
0.999756
0.999837
0.999807
0.999627
0.999915
0.999907
0.999947
0.999986
0.999995
0.999999
0.999982
0.999996
0.999993
0.999996
0.999998
0.999999
1
0.999998
1
0.999999
0.999998
0.999998
0.999998
1
1
1
0.999993
0.999981
0.999969
0.999968
0.999979
0.999991
0.999687
0.999846
0.999872
0.999806
0.999777
0.999678
0.999484
0.999053
0.999322
0.99944
0.999339
0.999372
0.999364
0.999174
0.999582
0.999739
0.99982
0.999855
0.999894
0.999893
0.999838
0.999986
0.999974
0.999974
0.99998
0.999992
0.999997
0.999999
1
0.999999
0.999999
0.999998
0.999998
0.999999
0.999999
1
1
1
1
1
1
1
1
0.999999
0.999996
0.999992
0.999996
1
1
1
0.999964
0.999957
0.999947
0.999975
0.999999
1
1
0.999717
0.999719
0.999677
0.999717
0.999781
1
1
0.999979
0.99996
0.999942
0.999949
0.999957
1
1
0.999999
0.999996
0.999996
0.999997
0.999999
1
1
1
1
1
1
1
1
1
1
1
1
1
1
1
1
1
0.999997
0.999994
0.999999
1
1
1
0.999984
0.999979
0.999981
0.999994
0.999999
1
0.999998
0.999849
0.999892
0.999786
0.999869
0.999873
1
1
0.999998
0.999988
0.999978
0.999976
0.999976
1
1
1
0.999999
0.999998
0.999999
1
1
1
1
1
1
1
1
1
1
1
1
1
1
1
1
1
1
1
1
1
1
1
1
0.999994
0.999991
0.999991
0.999997
0.999995
1
0.999999
0.999939
0.999938
0.9999
0.99992
0.99995
1
1
0.999999
0.999997
0.999992
0.999991
0.99999
0.999999
1
1
1
0.999999
1
1
1
1
1
1
1
1
1
1
1
1
1
1
1
1
1
1
1
1
1
1
1
1
1
0.999997
0.999996
0.999995
0.999993
0.999993
1
1
0.999965
0.999962
0.999959
0.999963
0.999971
1
1
0.999995
0.999999
0.999997
0.999995
0.999996
1
1
1
1
1
1
1
1
1
1
1
1
1
1
1
1
1
1
1
1
1
1
1
1
1
1
1
1
1
1
0.999999
0.999999
0.999998
0.999995
0.999996
1
1
0.999982
0.999975
0.999975
0.999978
0.999985
1
1
0.999997
0.999998
0.999999
0.999998
0.999998
1
1
1
1
1
1
1
1
1
1
1
1
1
1
1
1
1
1
1
1
1
1
1
1
1
1
1
1
1
1
1
1
0.999999
0.999998
0.999999
1
1
0.999995
0.999992
0.999987
0.999989
0.999995
1
1
0.999999
1
0.999999
0.999999
0.999999
1
1
1
1
1
1
1
1
1
1
1
1
1
1
1
1
1
1
1
1
1
1
1
1
1
1
1
1
1
1
1
1
1
1
1
1
1
0.999996
0.999995
0.999992
0.999996
0.999997
1
1
1
1
1
1
1
1
1
1
1
1
1
1
1
1
1
1
1
1
1
1
1
1
0.999999
0.999999
0.999999
1
1
1
0.999988
0.999983
0.999972
0.999979
0.999997
1
1
0.999922
0.99993
0.999895
0.999874
0.999929
1
0.999496
0.999537
0.999466
0.999389
0.999585
0.999557
0.999665
1
0.999895
0.999889
0.999913
0.999938
0.999955
1
1
0.999989
0.999984
0.999979
0.999985
0.999991
1
1
1
0.999999
0.999998
0.999996
0.999995
1
1
1
0.999999
0.999999
0.999999
1
1
1
0.999992
0.999986
0.999977
0.999982
0.999997
1
1
0.999926
0.999931
0.999898
0.999888
0.999947
1
0.999597
0.999547
0.999472
0.999398
0.999588
0.999582
0.99978
1
0.999904
0.999894
0.999914
0.999939
0.999957
1
1
0.999991
0.999987
0.999986
0.99999
0.999992
1
1
1
0.999999
0.999998
0.999997
0.999997
1
1
1
0.999999
0.999999
1
1
1
1
0.999993
0.999988
0.999978
0.999984
0.999999
1
1
0.99993
0.999936
0.999901
0.999896
0.999959
1
0.999713
0.999554
0.99948
0.99941
0.999593
0.999596
0.999998
1
0.999909
0.999899
0.999917
0.999942
0.99996
1
1
0.999992
0.999988
0.999987
0.999991
0.999992
1
1
1
0.999999
0.999999
0.999998
0.999998
1
1
1
1
0.999999
1
1
1
1
0.999996
0.999989
0.999981
0.999986
0.999999
1
1
0.999936
0.999936
0.999907
0.999903
0.999969
1
0.999991
0.999566
0.999488
0.999427
0.999603
0.999625
1
1
0.999917
0.999907
0.999921
0.999943
0.999959
1
1
0.999993
0.999989
0.999987
0.99999
0.999991
1
1
1
1
0.999998
0.999998
0.999997
1
1
1
1
0.999999
1
1
1
1
0.999997
0.99999
0.999984
0.999988
1
1
1
0.999936
0.999934
0.999908
0.99992
0.999978
1
1
0.999575
0.999496
0.999436
0.999611
0.999641
1
1
0.999923
0.99991
0.999923
0.999942
0.999956
1
1
0.999994
0.99999
0.999987
0.999989
0.999992
1
1
1
1
0.999998
0.999997
0.999998
1
1
1
1
1
1
1
1
1
0.999998
0.999992
0.999987
0.999991
1
1
1
0.999935
0.99993
0.999908
0.999929
0.999986
1
1
0.999592
0.999511
0.999455
0.999627
0.999673
1
1
0.999931
0.999919
0.999926
0.999939
0.999951
1
1
0.999996
0.999991
0.999989
0.999989
0.999993
1
1
1
1
0.999999
0.999996
0.999998
1
1
1
1
1
1
1
1
1
0.999998
0.999994
0.999989
0.999992
1
1
1
0.999936
0.999931
0.999909
0.999932
0.999994
1
1
0.999608
0.999557
0.999467
0.999637
0.999685
1
1
0.999939
0.99992
0.999926
0.999938
0.999951
1
1
0.999996
0.999993
0.999992
0.999992
0.999994
1
1
1
1
1
0.999997
0.999997
1
1
1
1
1
1
1
1
1
1
1
1
1
1
1
1
1
0.999999
1
1
1
1
1
0.999998
0.999997
0.999995
0.999997
0.999998
1
1
1
1
1
1
1
1
1
1
1
1
1
1
1
1
1
1
1
1
1
1
1
1
1
1
1
1
1
1
1
1
1
1
1
1
1
1
1
1
1
1
1
1
0.999998
0.999998
0.999996
0.999997
0.999999
1
1
1
1
1
1
1
1
1
1
1
1
1
1
1
1
1
1
1
1
1
1
1
1
1
1
1
1
1
1
1
1
1
1
1
1
1
1
1
1
1
1
1
1
0.999998
0.999998
0.999997
0.999998
0.999999
1
1
1
1
1
1
1
1
1
1
1
1
1
1
1
1
1
1
1
1
1
1
1
1
1
1
1
1
1
1
1
1
1
1
1
1
1
1
1
1
1
1
1
1
0.999999
0.999998
0.999998
0.999998
0.999999
1
1
1
1
1
1
1
1
1
1
1
1
1
1
1
1
1
1
1
1
1
1
1
1
1
1
1
1
1
1
1
1
1
1
1
1
1
1
1
1
1
1
1
1
0.999999
0.999999
0.999999
0.999999
0.999999
1
1
1
1
1
1
1
1
1
1
1
1
1
1
1
1
1
1
1
1
1
1
1
1
1
1
1
1
1
1
1
1
1
1
1
1
1
1
1
1
1
1
1
1
0.999999
0.999999
0.999999
0.999999
1
1
1
1
1
1
1
1
1
1
1
1
1
1
1
1
1
1
1
1
1
1
1
1
1
1
1
1
1
1
1
1
1
1
1
1
1
1
1
1
1
1
1
1
1
1
1
1
1
1
1
1
1
1
1
1
1
1
1
1
1
1
1
1
1
1
1
1
1
1
1
1
1
1
1
1
1
1
1
1
1
1
1
1
1
1
1
1
1
1
1
1
1
1
1
1
1
1
1
1
1
1
1
1
1
1
1
1
1
1
1
1
1
1
1
1
1
1
1
1
1
1
1
1
1
1
1
1
1
1
1
1
1
1
1
1
1
1
1
1
1
1
1
1
1
1
1
1
1
1
1
1
1
1
1
1
1
1
1
1
1
1
1
1
1
1
1
1
1
1
1
1
1
1
1
1
1
1
1
1
1
1
1
1
1
1
1
1
1
1
1
1
1
1
1
1
1
1
1
1
1
1
1
1
1
1
1
1
1
1
1
1
1
1
1
1
1
1
1
1
1
1
1
1
1
1
1
1
1
1
1
1
1
1
1
1
1
1
1
1
1
1
1
1
1
1
1
1
1
1
1
1
1
1
1
1
1
1
1
1
1
1
1
1
1
1
1
1
1
1
1
1
1
1
1
1
1
1
1
1
1
1
1
1
1
1
1
1
1
1
1
1
1
1
1
1
1
1
1
1
1
1
1
1
1
1
1
1
1
1
1
1
1
1
1
1
1
1
1
1
1
1
1
1
1
1
1
1
1
1
1
1
1
1
1
1
1
1
1
1
1
1
1
1
1
1
1
1
1
1
1
1
1
1
1
1
1
1
1
1
1
1
1
1
1
1
1
1
1
1
1
1
1
1
1
1
1
1
1
1
1
1
1
1
1
1
1
1
1
1
1
1
1
1
1
1
1
1
1
1
1
1
1
1
1
1
1
1
1
1
1
1
1
1
1
1
1
1
1
1
1
1
1
1
1
1
1
1
1
1
1
1
1
1
1
1
1
1
1
1
1
1
1
1
1
1
1
1
1
1
1
1
1
1
1
1
1
1
1
1
1
1
1
1
1
1
1
1
1
1
1
1
1
1
1
1
1
1
1
1
1
1
1
1
1
1
1
1
1
1
1
1
1
1
1
1
1
1
1
1
1
1
1
1
1
1
1
1
1
1
1
1
1
1
1
1
1
1
1
1
1
1
1
1
1
1
1
1
1
1
1
1
1
1
1
1
1
1
1
1
1
1
1
1
1
1
1
1
1
1
1
1
1
1
1
1
1
1
1
1
1
1
1
1
1
1
1
1
1
1
1
1
1
1
1
1
1
1
1
1
1
1
1
1
1
1
1
1
1
1
1
1
1
1
1
1
1
1
1
1
1
1
1
1
1
1
1
1
1
1
1
1
1
1
1
1
1
1
1
1
1
1
1
1
1
1
1
1
1
1
1
1
1
1
1
1
1
1
1
1
1
1
1
1
1
1
1
1
1
1
1
1
1
1
1
1
1
1
1
1
1
1
1
1
1
1
1
1
1
1
1
1
1
1
1
1
1
1
1
1
1
1
1
1
1
1
1
1
1
1
1
1
1
1
1
1
1
1
1
1
1
1
1
1
1
1
1
1
1
1
1
1
1
1
1
1
1
1
1
1
1
1
1
1
1
1
1
1
1
1
1
1
1
1
1
1
1
1
1
1
1
1
1
1
1
1
1
1
1
1
1
1
1
1
1
1
1
1
1
1
1
1
1
1
1
1
1
1
1
1
1
1
1
1
1
1
1
1
1
1
1
1
1
1
1
1
1
1
1
1
1
1
1
1
1
1
1
1
1
1
1
1
1
1
1
1
1
1
1
1
1
1
1
1
1
1
1
1
1
1
1
1
1
1
1
1
1
1
1
1
1
1
1
1
1
1
1
1
1
1
1
1
1
1
1
1
1
1
1
1
1
1
1
1
1
1
1
1
1
1
1
1
1
1
1
1
1
1
1
1
1
1
1
1
1
1
1
1
1
1
1
1
1
1
1
1
1
1
1
1
1
1
1
1
1
1
1
1
1
1
1
1
1
1
1
1
1
1
1
1
1
1
1
1
1
1
1
1
1
1
1
1
1
1
1
1
1
1
1
1
1
1
1
1
1
1
1
1
1
1
1
1
1
1
1
1
1
1
1
1
1
1
1
1
1
1
1
1
1
1
1
1
1
1
1
1
1
1
1
1
1
1
1
1
1
1
1
1
1
1
1
1
1
1
1
1
1
1
1
1
1
1
1
1
1
1
1
1
1
1
1
1
1
1
1
1
1
1
1
1
1
1
1
1
1
1
1
1
1
1
1
1
1
1
1
1
1
1
1
1
1
1
1
1
1
1
1
1
1
1
1
1
1
1
1
1
1
1
1
1
1
1
1
1
1
1
1
1
1
1
1
1
1
1
1
1
1
1
1
1
1
1
1
1
1
1
1
1
1
1
1
1
1
1
1
1
1
1
1
1
1
1
1
1
1
1
1
1
1
1
1
1
1
1
1
1
1
1
1
1
1
1
1
1
1
1
1
1
1
1
1
1
1
1
1
1
1
1
1
1
1
1
1
1
1
1
1
1
1
1
1
1
1
1
1
1
1
1
1
1
1
1
1
1
1
1
1
1
1
1
1
1
1
1
1
1
1
1
1
1
1
1
1
1
1
1
1
1
1
1
1
1
1
1
1
1
1
1
1
1
1
1
1
1
1
1
1
1
1
1
1
1
1
1
1
1
1
1
1
1
1
1
1
1
1
1
1
1
1
1
1
1
1
1
1
1
1
1
1
1
1
1
1
1
1
1
1
1
1
1
1
1
1
1
1
1
1
1
1
1
1
1
1
1
1
1
1
1
1
1
1
1
1
1
1
1
1
1
1
1
1
1
1
1
1
1
1
1
1
1
1
1
1
1
1
1
1
1
1
1
1
1
1
1
1
1
1
1
1
1
1
1
1
1
1
1
1
1
1
1
1
1
1
1
1
1
1
1
1
1
1
1
1
1
1
1
1
1
1
1
1
1
1
1
1
1
1
1
1
1
1
1
1
1
1
1
1
1
1
1
1
1
1
1
1
1
1
1
1
1
1
1
1
1
1
1
1
1
1
1
1
1
1
1
1
1
1
1
1
1
1
1
1
1
1
1
1
1
1
1
1
1
1
1
1
1
1
1
1
1
1
1
1
1
1
1
1
1
1
1
1
1
1
1
1
1
1
1
1
1
1
1
1
1
1
1
1
1
1
1
1
1
1
1
1
1
1
1
1
1
1
1
1
1
1
1
1
1
1
1
1
1
1
1
1
1
1
1
1
1
1
1
1
1
1
1
1
1
1
1
1
1
1
1
1
1
1
1
1
1
1
1
1
1
1
1
1
1
1
1
1
1
1
1
1
1
1
1
1
1
1
1
1
1
1
1
1
1
1
1
1
1
1
1
1
1
1
1
1
1
1
1
1
1
1
1
1
1
1
1
1
1
1
1
1
1
1
1
1
1
1
1
1
1
1
1
1
1
1
1
1
1
1
1
1
1
1
1
1
1
1
1
1
1
1
1
1
1
1
1
1
1
1
1
1
1
1
1
1
1
1
1
1
1
1
1
1
1
1
1
1
1
1
1
1
1
1
1
1
1
1
1
1
1
1
1
1
1
1
1
1
1
1
1
1
1
1
1
1
1
1
1
1
1
1
1
1
1
1
1
1
1
1
1
1
1
1
1
1
1
1
1
1
1
1
1
1
1
1
1
1
1
1
1
1
1
1
1
1
1
1
1
1
1
1
1
1
1
1
1
1
1
1
1
1
1
1
1
1
1
1
1
1
1
1
1
1
1
1
1
1
1
1
1
1
1
1
1
1
1
1
1
1
1
1
1
1
1
1
1
1
1
1
1
1
1
1
1
1
1
1
1
1
1
1
1
1
1
1
1
1
1
1
1
1
1
1
1
1
1
1
1
1
1
1
1
1
1
1
1
1
1
1
1
1
1
1
1
1
1
1
1
1
1
1
1
1
1
1
1
1
1
1
1
1
1
1
1
1
1
1
1
1
1
1
1
1
1
1
1
1
1
1
1
1
1
1
1
1
1
1
1
1
1
1
1
1
1
1
1
1
1
1
1
1
1
1
1
1
1
1
1
1
1
1
1
1
1
1
1
1
1
1
1
1
1
1
1
1
1
1
1
1
1
1
1
1
1
1
1
1
1
1
1
1
1
1
1
1
1
1
1
1
1
1
1
1
1
1
1
1
1
1
1
1
1
1
1
1
1
1
1
1
1
1
1
1
1
1
1
1
1
1
1
1
1
1
1
1
1
1
1
1
1
1
1
1
1
1
1
1
1
1
1
1
1
1
1
1
1
1
1
1
1
1
1
1
1
1
1
1
1
1
1
1
1
1
1
1
1
1
1
1
1
1
1
1
1
1
1
1
1
1
1
1
1
1
1
1
1
1
1
1
1
1
1
1
1
1
1
1
1
1
1
1
1
1
1
1
1
1
1
1
1
1
1
1
1
1
1
1
1
1
1
1
1
1
1
1
1
1
1
1
1
1
1
1
1
1
1
1
1
1
1
1
1
1
1
1
1
1
1
1
1
1
1
1
1
1
1
1
1
1
1
1
1
1
1
1
1
1
1
1
1
1
1
1
1
1
1
1
1
1
1
1
1
1
1
1
1
1
1
1
1
1
1
1
1
1
1
1
1
1
1
1
1
1
1
1
1
1
1
1
1
1
1
1
1
1
1
1
1
1
1
1
1
1
1
1
1
1
1
1
1
1
1
1
1
1
1
1
1
1
1
1
1
1
1
1
1
1
1
1
1
1
1
1
1
1
1
)
;

boundaryField
{
    fuel
    {
        type            fixedValue;
        value           uniform 0;
    }
    primary_air
    {
        type            fixedValue;
        value           uniform 0.77;
    }
    Secondary_air_RHS
    {
        type            fixedValue;
        value           uniform 0.77;
    }
    Secondary_air_LHS
    {
        type            fixedValue;
        value           uniform 0.77;
    }
    outlet
    {
        type            inletOutlet;
        inletValue      uniform 0;
        value           nonuniform List<scalar> 
98
(
1
1
1
1
1
1
1
1
1
1
1
1
1
1
1
1
1
1
1
1
1
1
1
1
1
1
1
1
1
1
1
1
1
1
1
1
1
1
1
1
1
1
1
1
1
1
1
1
1
1
1
1
1
1
1
1
1
1
1
1
1
1
1
1
1
1
1
1
1
1
1
1
1
1
1
1
1
1
1
1
1
1
1
1
1
1
1
1
1
1
1
1
1
1
1
1
1
1
)
;
    }
    stove_body
    {
        type            fixedValue;
        value           uniform 0;
    }
    frontAndBack
    {
        type            empty;
    }
}


// ************************************************************************* //
