/*--------------------------------*- C++ -*----------------------------------*\
  =========                 |
  \\      /  F ield         | OpenFOAM: The Open Source CFD Toolbox
   \\    /   O peration     | Website:  https://openfoam.org
    \\  /    A nd           | Version:  6
     \\/     M anipulation  |
\*---------------------------------------------------------------------------*/
FoamFile
{
    version     2.0;
    format      ascii;
    class       volScalarField;
    location    "0.01";
    object      Qdot;
}
// * * * * * * * * * * * * * * * * * * * * * * * * * * * * * * * * * * * * * //

dimensions      [1 -1 -3 0 0 0 0];

internalField   nonuniform List<scalar> 
3773
(
0
1.26953e-05
0
0
-7.41467e-10
1.26953e-05
1.26953e-05
2.53907e-05
-3.8505e-05
0
0
0
3.85035e-05
-3.85035e-05
5.07814e-05
7.7007e-05
0
0
0
0
0
-2.96587e-09
-2.96587e-09
5.07814e-05
7.7007e-05
0
0
0
0
1.48293e-09
0
-1.48293e-09
0
5.07814e-05
0
-1.48293e-09
0
3.8502e-05
0
0
0
3.85035e-05
0
0
0
0
0
5.11988e-05
1.26946e-05
1.92518e-05
-7.41467e-10
0
0
0
1.9251e-05
0
2.40647e-06
1.20323e-06
0
0
0
0
-2.96587e-09
0
3.17383e-06
9.62588e-06
0
-2.96587e-09
-3.17383e-06
0
0
0
0
-2.96587e-09
-2.96587e-09
0
0
0
1.58692e-06
0
0
4.81294e-06
-2.96587e-09
3.17383e-06
0
0
0
0
1.20323e-06
0
0
0
1.9251e-05
0
-7.41467e-10
0
1.92518e-05
0
0
9.62439e-06
0
0
0
0
1.59735e-05
3.99339e-06
0
0
3.96729e-07
-2.96587e-09
0
0
7.90493e-07
3.00809e-07
6.01617e-07
0
0
0
2.4035e-06
-2.96587e-09
0
0
0
0
4.95912e-08
1.20323e-06
0
0
0
1.98365e-07
0
6.01617e-07
0
0
0
0
0
0
-2.96587e-09
-2.96587e-09
0
0
0
0
9.62588e-06
0
6.34767e-06
1.58692e-06
2.40499e-06
2.40647e-06
1.58692e-06
0
-1.48293e-09
0
1.61301e-06
-2.96587e-09
0
9.91823e-08
0
0
0
1.20323e-06
9.43193e-09
0
3.76011e-08
0
0
7.93459e-07
1.20027e-06
0
-2.96587e-09
1.54972e-09
-2.96587e-09
0
-1.2062e-06
1.20323e-06
0
1.88005e-08
6.1989e-09
1.23978e-08
2.18297e-08
-2.96587e-09
2.40647e-06
0
0
0
0
0
0
0
0
0
-1.48293e-09
-1.48293e-09
0
0
0
0
0
0
2.99326e-07
-1.48293e-09
7.91976e-07
0
0
0
0
0
-2.96587e-09
2.40647e-06
1.20323e-06
-2.96587e-09
-2.96587e-09
7.74862e-10
-2.96587e-09
0
1.20323e-06
0
0
7.34396e-11
-2.96587e-09
0
0
0
-2.96587e-09
0
0
1.17503e-09
0
3.09945e-09
-1.2062e-06
-2.96587e-09
-2.96587e-09
0
0
3.46352e-08
-2.47956e-08
0
7.93459e-07
-1.48293e-09
0
-1.98365e-07
0
-1.48293e-09
7.93459e-07
1.20323e-06
0
0
0
4.95912e-08
0
1.20175e-06
0
0
4.70013e-09
4.70013e-09
1.73427e-09
1.88005e-08
7.93459e-07
-1.20323e-06
1.58347e-08
0
0
0
0
0
0
-3.74073e-09
0
-2.96587e-09
0
-2.96587e-09
0
-1.20323e-06
0
0
0
0
0
1.20027e-06
0
6.1989e-09
-2.96587e-09
0
4.70013e-09
-2.96587e-09
2.4035e-06
0
2.47956e-08
0
0
-1.48293e-09
7.52022e-08
0
0
0
0
0
0
0
0
0
0
0
0
0
0
0
0
0
0
0
-2.96587e-09
0
0
-2.96587e-09
0
0
0
0
0
0
0
0
-2.96587e-09
0
0
0
-2.96587e-09
0
0
0
0
0
0
-2.96587e-09
0
0
0
0
0
0
-1.48293e-09
0
4.25751e-13
0
0
-1.48293e-09
-1.48293e-09
0
0
0
-2.96587e-09
-2.96587e-09
0
1.70301e-12
0
0
0
-5.92492e-09
0
-5.93173e-09
6.81202e-12
0
0
0
0
0
0
0
2.72481e-11
0
0
0
0
0
0
1.3624e-11
0
-2.96587e-09
0
0
2.96587e-09
0
-2.96246e-09
1.70301e-12
0
0
0
0
0
1.70301e-12
0
0
0
0
0
-1.48293e-09
0
0
5.32189e-14
0
0
-2.96587e-09
0
0
0
6.81202e-12
0
0
0
0
6.81202e-12
-5.91811e-09
1.3624e-11
1.3624e-11
0
0
1.3624e-11
0
0
0
0
0
0
0
0
0
0
0
-2.96581e-09
0
0
-2.96587e-09
0
-1.48293e-09
0
0
0
0
0
0
0
8.31546e-16
8.31546e-16
0
0
0
0
4.25751e-13
0
-2.96587e-09
0
0
-2.96587e-09
6.81202e-12
0
0
0
0
0
0
0
0
0
0
-5.93173e-09
0
1.3624e-11
-6.81202e-12
0
0
0
3.40601e-12
0
0
2.96587e-09
0
-2.96587e-09
0
0
-2.96587e-09
2.96587e-09
0
0
0
-1.48293e-09
0
0
0
0
0
-1.48293e-09
0
0
0
-1.48293e-09
-2.96587e-09
-2.96587e-09
-2.96587e-09
-2.66095e-14
-2.96587e-09
0
0
0
0
1.70301e-12
-5.93173e-09
0
0
0
0
6.81202e-12
6.81202e-12
-5.93173e-09
0
0
-5.93173e-09
0
0
0
0
0
1.70301e-12
0
-2.96587e-09
1.06438e-13
-2.96587e-09
2.96597e-09
5.32189e-14
0
-2.96587e-09
0
0
0
0
0
-1.48293e-09
-1.48293e-09
-1.48293e-09
0
0
0
8.31546e-16
4.15773e-16
-1.48293e-09
0
-2.96587e-09
0
0
5.32189e-14
0
0
-5.93173e-09
0
0
0
0
-5.93173e-09
0
0
-5.93173e-09
-5.93173e-09
0
0
0
6.81202e-12
0
0
0
-5.93173e-09
0
0
0
0
0
0
0
0
0
-2.96587e-09
0
0
0
1.66309e-15
0
0
0
0
8.31546e-16
1.66309e-15
0
0
0
0
0
0
0
0
0
0
-2.96587e-09
0
1.70301e-12
0
4.25751e-13
0
0
0
0
-5.92833e-09
0
0
0
0
0
0
0
0
8.51503e-13
0
4.25751e-13
0
0
0
0
0
0
-2.96586e-09
-2.96587e-09
0
0
0
-1.48293e-09
0
1.03943e-16
0
0
8.31546e-16
0
0
0
0
-1.48293e-09
0
0
0
0
0
-2.96587e-09
-2.96587e-09
0
8.51503e-13
0
0
0
-5.93173e-09
1.70301e-12
3.40601e-12
0
0
0
0
0
0
0
0
4.25751e-13
0
0
0
0
0
-2.96587e-09
-2.96587e-09
0
-2.96587e-09
0
0
-1.48293e-09
-1.48293e-09
0
1.66309e-15
0
0
-1.48293e-09
0
0
0
-1.48293e-09
0
6.49645e-18
0
0
0
0
0
-2.96587e-09
-2.96587e-09
0
0
0
2.12876e-13
2.12876e-13
0
5.32189e-14
0
0
8.51503e-13
-5.93173e-09
-8.51503e-13
0
0
0
0
0
0
0
1.06438e-13
0
0
0
3.32618e-15
0
0
0
0
0
0
0
-1.48293e-09
0
5.19716e-17
0
0
0
0
0
0
0
0
-1.48293e-09
0
0
-6.65236e-15
6.65236e-15
0
-2.96587e-09
-2.96587e-09
0
-5.93163e-09
0
0
0
-5.93173e-09
0
0
0
-5.93173e-09
0
0
0
0
0
0
-2.66095e-14
0
0
0
2.07886e-16
-2.96587e-09
0
0
3.32618e-15
0
0
0
0
0
0
0
0
5.19716e-17
0
0
0
0
0
-1.48293e-09
-1.48293e-09
0
0
0
0
-8.31546e-16
0
-2.96587e-09
0
0
0
0
0
6.65236e-15
0
0
0
0
0
0
0
-1.06438e-13
0
0
0
0
0
0
2.66095e-14
8.31546e-16
1.62411e-18
0
0
0
0
0
0
0
0
0
-1.48293e-09
0
0
0
0
-1.48293e-09
0
0
0
0
0
0
4.15773e-16
0
0
0
0
0
0
1.33047e-14
0
0
0
6.65236e-15
0
0
0
-5.93173e-09
0
0
0
0
0
0
3.32618e-15
0
0
0
8.31546e-16
-2.96587e-09
0
0
0
0
0
-2.96587e-09
0
0
0
0
6.49645e-18
0
1.62411e-18
-1.48293e-09
0
0
0
0
-1.48293e-09
-1.48293e-09
0
0
0
0
0
-2.96587e-09
0
0
0
0
6.65236e-15
0
-5.93173e-09
0
0
0
-5.93173e-09
0
5.32189e-14
0
0
0
3.32618e-15
0
0
0
3.32618e-15
-5.93173e-09
0
-2.96587e-09
0
0
0
4.15773e-16
0
0
-1.48293e-09
6.49645e-18
0
0
0
0
0
-1.48293e-09
0
0
0
0
-1.48293e-09
-2.96587e-09
-2.96587e-09
0
0
0
1.03943e-16
0
0
0
0
0
-5.93173e-09
0
0
0
0
0
-5.93173e-09
0
1.33047e-14
2.07886e-16
0
0
1.66309e-15
-5.93173e-09
1.66309e-15
-5.93173e-09
0
0
5.19716e-17
1.03943e-16
0
0
-2.96587e-09
2.07886e-16
0
0
-1.48293e-09
0
0
0
0
2.03014e-19
8.12056e-19
0
0
-1.48293e-09
0
1.62411e-18
-2.96587e-09
-2.96587e-09
-2.96587e-09
0
-2.96587e-09
1.03943e-16
0
0
0
0
0
0
0
0
0
-5.93173e-09
0
0
0
-5.93173e-09
0
0
0
1.03943e-16
0
-5.93173e-09
0
0
0
0
-2.96587e-09
-2.96587e-09
0
0
-2.96587e-09
0
0
-1.48293e-09
0
0
0
-1.48293e-09
0
0
0
0
0
0
0
0
0
0
-2.96587e-09
0
-2.96587e-09
-2.96587e-09
0
4.25751e-13
0
4.25751e-13
-5.93173e-09
0
-5.93088e-09
0
0
0
0
0
0
0
0
0
0
0
1.06438e-13
1.06438e-13
0
0
0
0
0
0
-2.96587e-09
0
0
0
0
0
3.32618e-15
0
0
0
0
4.15773e-16
0
-1.48293e-09
0
0
-2.96587e-09
0
-2.96587e-09
0
0
0
0
0
4.25751e-13
0
0
0
0
2.12876e-13
0
-5.93003e-09
0
0
0
1.70301e-12
-5.93173e-09
0
0
0
0
0
1.06438e-13
0
0
1.33047e-14
0
2.66095e-14
0
0
0
0
0
0
0
0
0
0
0
0
4.15773e-16
0
-1.48293e-09
-1.03943e-16
0
-2.96587e-09
0
0
0
-2.96587e-09
0
-2.96587e-09
-5.93173e-09
0
0
-5.93173e-09
0
-5.93173e-09
0
0
0
0
0
0
0
8.51503e-13
0
0
-5.93173e-09
0
0
0
0
-2.96587e-09
0
0
-2.96587e-09
-2.96587e-09
1.33047e-14
0
0
-1.48293e-09
0
0
0
0
0
0
0
4.15773e-16
0
0
0
0
0
0
0
0
0
-2.96587e-09
0
0
0
0
0
0
-5.93173e-09
0
0
0
0
-5.93173e-09
0
8.51503e-13
0
0
0
-5.93173e-09
0
1.06438e-13
0
0
-2.96587e-09
0
-2.96587e-09
0
0
1.33047e-14
0
-1.48293e-09
0
0
-1.48293e-09
0
1.66309e-15
0
0
0
0
-1.48293e-09
0
0
0
0
0
0
0
0
6.65236e-15
-2.96587e-09
0
0
0
0
0
-2.12876e-13
-5.93173e-09
8.51503e-13
0
0
0
8.51503e-13
0
0
0
0
0
0
-5.93173e-09
1.06438e-13
0
0
-2.96587e-09
0
0
0
0
0
0
0
2.07886e-16
1.66309e-15
0
0
-1.48293e-09
0
0
-1.48293e-09
0
0
-1.48293e-09
0
0
6.65236e-15
0
0
0
0
-2.96587e-09
0
0
4.25751e-13
-5.93173e-09
0
0
0
0
0
1.70301e-12
0
-8.51503e-13
-5.93088e-09
2.12876e-13
0
-5.93173e-09
0
0
-1.06438e-13
0
-5.93173e-09
0
6.65236e-15
0
0
0
-2.96587e-09
0
0
0
-1.48293e-09
0
0
0
0
0
0
0
0
1.03943e-16
0
0
-2.96587e-09
0
1.33047e-14
0
-2.96587e-09
0
0
0
-5.93173e-09
0
0
2.12876e-13
-5.93173e-09
0
0
0
0
-5.93173e-09
8.51503e-13
8.51503e-13
0
0
0
0
0
0
0
-5.93173e-09
0
0
-2.96587e-09
0
1.33047e-14
0
-2.96587e-09
0
0
0
0
0
0
0
0
0
0
0
0
4.06028e-19
0
6.34419e-21
0
0
2.59858e-17
0
-2.96587e-09
3.24823e-18
8.12056e-19
0
0
0
4.15773e-16
0
0
0
0
0
0
0
0
-5.93173e-09
0
0
2.07886e-16
4.15773e-16
0
0
-5.93173e-09
4.06028e-19
1.62411e-18
0
0
1.29929e-17
0
-2.96587e-09
0
0
-1.48293e-09
0
0
0
0
0
-1.48293e-09
-1.48293e-09
0
0
-1.48293e-09
0
2.53768e-20
0
0
0
0
-1.29929e-17
0
2.59858e-17
0
0
0
0
0
-5.93173e-09
0
-5.93173e-09
0
-5.93173e-09
0
-5.93173e-09
0
0
0
0
0
0
0
0
-2.96587e-09
0
0
0
0
6.49645e-18
0
0
0
0
0
-1.48293e-09
0
0
0
8.12056e-19
0
1.62411e-18
8.12056e-19
0
0
0
0
1.29929e-17
0
0
0
0
5.19716e-17
0
0
8.31546e-16
2.07886e-16
0
0
8.31546e-16
0
0
0
0
0
0
0
-5.93173e-09
0
0
0
0
0
0
0
1.29929e-17
-2.96587e-09
0
0
0
0
0
-1.48293e-09
0
0
4.06028e-19
0
0
-1.48293e-09
1.62411e-18
1.62411e-18
-1.48293e-09
0
0
0
0
-2.96587e-09
-2.96587e-09
0
0
0
0
2.07886e-16
0
0
4.15773e-16
0
0
0
0
0
0
0
0
0
1.03943e-16
0
0
0
0
0
0
-2.96587e-09
0
-2.96587e-09
1.29929e-17
-2.96587e-09
1.29929e-17
0
0
-1.48293e-09
-1.48293e-09
0
0
-1.48293e-09
0
8.12056e-19
8.12056e-19
0
0
0
0
0
0
0
0
6.49645e-18
0
0
-2.96587e-09
0
0
0
0
0
0
0
0
-5.93173e-09
0
-5.93173e-09
0
0
8.31546e-16
0
0
0
8.31546e-16
0
0
0
0
0
6.49645e-18
0
0
0
-2.96587e-09
0
0
0
0
0
0
0
8.12056e-19
0
0
0
0
0
4.06028e-19
0
1.62411e-18
0
0
0
0
-2.96587e-09
0
0
1.03943e-16
0
0
-5.93173e-09
0
8.31546e-16
0
1.66309e-15
0
0
0
0
0
0
0
0
-5.93173e-09
0
0
0
0
3.24823e-18
0
0
0
0
2.53768e-20
0
0
0
0
0
4.06028e-19
-1.48293e-09
0
0
0
0
0
0
0
-2.96587e-09
3.24823e-18
-2.96587e-09
0
0
-2.96587e-09
0
0
0
0
0
0
0
4.15773e-16
0
-5.93173e-09
0
8.31546e-16
0
4.15773e-16
0
-5.93173e-09
0
0
0
0
0
0
0
0
0
0
4.06028e-19
0
0
0
0
-1.48293e-09
0
0
0
0
0
0
0
1.58605e-21
0
0
0
1.01507e-19
0
0
0
1.58605e-21
0
2.07886e-16
0
0
0
3.17209e-21
0
0
0
-5.93173e-09
0
0
0
0
0
0
0
5.07535e-20
0
0
0
0
0
0
1.26884e-20
0
0
0
2.96587e-09
0
0
0
0
0
0
-1.48293e-09
0
0
0
0
0
-1.48293e-09
0
0
0
0
0
-2.96587e-09
0
-2.96587e-09
0
0
0
-5.93173e-09
0
0
0
0
0
0
0
0
0
6.49645e-18
0
0
0
0
0
0
0
0
0
0
-2.96587e-09
0
-2.96587e-09
0
0
5.07535e-20
5.07535e-20
0
0
0
0
0
5.07535e-20
0
0
0
0
0
6.49645e-18
1.62411e-18
0
-2.96587e-09
0
0
0
0
0
0
0
2.53768e-20
5.07535e-20
0
0
0
0
0
0
0
0
0
0
-5.93173e-09
0
0
0
0
-1.62411e-18
0
-2.96587e-09
-2.96587e-09
0
0
0
0
1.01507e-19
0
0
0
1.01507e-19
1.01507e-19
0
0
-1.48293e-09
1.01507e-19
0
1.01507e-19
0
-2.96587e-09
0
0
0
2.03014e-19
0
-2.96587e-09
1.03943e-16
0
0
0
0
5.07535e-20
0
0
0
4.15773e-16
2.07886e-16
0
0
-5.19716e-17
1.03943e-16
0
0
0
0
6.49645e-18
0
0
0
3.24823e-18
0
0
0
8.12056e-19
4.06028e-19
0
0
0
0
-1.48293e-09
0
0
0
2.03014e-19
0
0
0
0
0
0
3.24823e-18
3.24823e-18
1.62411e-18
0
0
0
0
0
-5.93173e-09
0
1.29929e-17
0
0
0
0
0
0
2.07886e-16
-5.93173e-09
0
0
-5.19716e-17
0
0
-5.93173e-09
0
-2.96587e-09
0
0
0
0
1.62411e-18
0
0
0
0
0
0
0
0
0
0
0
0
-1.48293e-09
-1.48293e-09
0
0
0
0
0
0
1.62411e-18
0
5.19716e-17
0
0
2.59858e-17
2.59858e-17
0
-5.93173e-09
-5.93173e-09
4.15773e-16
0
0
2.07886e-16
0
0
1.03943e-16
-5.93173e-09
0
0
0
0
-5.93173e-09
-2.96587e-09
-2.96587e-09
0
0
0
0
-2.96587e-09
0
0
0
0
0
-1.48293e-09
2.03014e-19
1.01507e-19
0
0
-1.01507e-19
0
0
-1.48293e-09
0
-2.96587e-09
0
0
0
-2.96587e-09
-2.96587e-09
0
0
0
0
0
0
0
2.07886e-16
-2.07886e-16
0
2.07886e-16
0
0
0
0
0
0
0
0
0
-5.93173e-09
0
0
0
0
0
0
0
0
0
0
0
-1.48293e-09
0
2.03014e-19
-1.48293e-09
6.34419e-21
6.34419e-21
0
0
0
0
-2.96587e-09
0
0
0
0
0
3.17209e-21
0
2.96587e-09
0
0
1.58605e-21
0
0
0
0
0
-5.93173e-09
0
5.19716e-17
4.15773e-16
0
0
6.34419e-21
0
0
0
0
0
0
0
0
-2.96587e-09
1.58605e-21
0
1.58605e-21
0
0
0
-1.48293e-09
1.58605e-21
0
0
0
2.53768e-20
0
-1.48293e-09
-2.53768e-20
0
-2.96587e-09
0
0
-2.96587e-09
0
1.26884e-20
0
-2.96587e-09
1.26884e-20
1.26884e-20
0
1.26884e-20
0
-5.93173e-09
0
0
0
0
0
0
0
0
0
0
0
0
0
0
-2.96587e-09
-2.96587e-09
0
0
0
0
0
6.34419e-21
0
6.34419e-21
0
0
0
0
0
-1.48293e-09
0
0
0
0
0
0
0
0
5.07535e-20
0
0
1.01507e-19
0
0
0
0
0
0
0
0
0
0
0
0
0
0
0
0
0
0
0
0
0
0
0
0
0
2.03014e-19
-2.96587e-09
0
6.34419e-21
0
0
1.26884e-20
0
-1.48293e-09
0
-1.48293e-09
0
1.01507e-19
0
0
0
-1.48293e-09
5.07535e-20
-2.96587e-09
0
0
0
0
0
0
2.96587e-09
0
0
2.59858e-17
0
0
0
0
-5.93173e-09
0
0
4.15773e-16
0
-2.96587e-09
0
0
1.29929e-17
0
0
-5.93173e-09
0
-2.96587e-09
0
0
4.06028e-19
0
0
0
0
2.53768e-20
-1.48293e-09
0
0
0
-1.48293e-09
0
0
1.01507e-19
0
0
0
-2.96587e-09
0
0
0
0
1.01507e-19
1.01507e-19
-2.96587e-09
0
0
5.19716e-17
0
0
0
0
0
0
0
0
4.15773e-16
0
0
0
0
0
0
-5.93173e-09
0
0
0
-2.96587e-09
-2.96587e-09
-2.96587e-09
0
0
2.53768e-20
5.07535e-20
0
0
0
0
1.01507e-19
-1.48293e-09
0
0
0
0
0
0
4.06028e-19
4.06028e-19
0
0
0
0
0
-2.96587e-09
0
0
0
0
1.03943e-16
0
0
0
0
2.07886e-16
0
0
0
0
0
0
0
0
-5.19716e-17
0
8.12056e-19
0
0
0
0
0
0
0
0
0
-1.48293e-09
1.01507e-19
0
-1.48293e-09
-1.48293e-09
0
0
0
0
4.06028e-19
-1.48293e-09
-2.96587e-09
0
0
8.12056e-19
0
0
0
-2.96587e-09
5.19716e-17
0
0
0
5.19716e-17
0
-5.93173e-09
0
0
0
2.07886e-16
0
0
0
0
-5.93173e-09
0
0
-5.93173e-09
0
0
4.06028e-19
0
-2.03014e-19
2.03014e-19
4.06028e-19
0
0
-1.48293e-09
0
-2.53768e-20
0
0
0
0
-4.9564e-23
0
0
0
0
-1.48293e-09
-2.96587e-09
-2.96587e-09
-2.96587e-09
0
-2.96587e-09
0
0
0
-2.96587e-09
-2.96587e-09
0
-2.96587e-09
0
-2.96587e-09
0
0
0
0
0
0
0
0
2.96587e-09
-2.96587e-09
-2.96587e-09
-2.96587e-09
0
-2.96587e-09
2.96587e-09
0
-2.96587e-09
0
0
0
0
0
0
0
0
-2.96587e-09
0
-1.48293e-09
0
0
-2.96587e-09
0
0
0
0
4.9564e-23
0
3.17209e-21
0
6.34419e-21
0
0
2.53768e-20
0
-2.96587e-09
-2.96587e-09
-2.96587e-09
0
-2.96587e-09
0
-5.93173e-09
0
0
-5.93173e-09
-3.24823e-18
6.49645e-18
-2.96587e-09
0
0
0
0
-2.96587e-09
0
-2.96587e-09
0
-2.96587e-09
-2.96587e-09
-2.96587e-09
0
0
0
0
4.9564e-23
0
0
-1.48293e-09
-1.48293e-09
0
9.9128e-23
0
7.93024e-22
0
1.48293e-09
-1.48293e-09
0
-2.96587e-09
-2.96587e-09
0
0
0
0
-2.96587e-09
-2.96587e-09
0
2.96587e-09
-2.96587e-09
-2.96587e-09
-2.96587e-09
0
0
0
0
0
0
0
-2.96587e-09
0
-2.96587e-09
-2.96587e-09
-2.96587e-09
0
0
0
-2.96587e-09
0
1.58605e-21
-2.96587e-09
0
0
0
0
0
0
0
0
0
0
0
-1.48293e-09
0
0
0
0
2.96587e-09
-2.96587e-09
0
-2.96587e-09
0
-2.96587e-09
-2.96587e-09
-2.96587e-09
0
0
0
0
0
0
0
0
0
0
2.59858e-17
2.59858e-17
0
-2.96587e-09
4.06028e-19
0
0
2.96587e-09
0
-2.96587e-09
-2.96587e-09
0
0
0
0
0
0
0
2.4782e-23
0
-1.48293e-09
7.93024e-22
3.17209e-21
-1.48293e-09
1.48293e-09
0
3.96512e-22
0
-1.48293e-09
3.17209e-21
0
3.96512e-22
0
-2.96587e-09
0
0
0
-2.96587e-09
-2.96587e-09
-2.96587e-09
8.12056e-19
0
0
-2.96587e-09
-2.96587e-09
0
0
0
0
0
0
0
-2.96587e-09
0
0
0
0
0
-2.96587e-09
-2.96587e-09
9.9128e-23
0
0
1.01507e-19
0
-2.96587e-09
0
0
-1.48293e-09
0
0
-1.48293e-09
0
1.48293e-09
-1.48293e-09
-1.48293e-09
0
1.58605e-21
3.17209e-21
0
0
-2.96587e-09
0
0
0
0
0
0
-2.96587e-09
-2.96587e-09
8.12056e-19
0
2.96587e-09
0
0
0
0
5.19716e-17
0
0
0
-2.96587e-09
-2.96587e-09
0
0
0
0
6.49645e-18
-2.96587e-09
0
0
-2.96587e-09
-2.96587e-09
0
0
3.09775e-24
1.48293e-09
0
3.96512e-22
0
-1.48293e-09
0
2.4782e-23
9.9128e-23
0
-1.48293e-09
0
3.17209e-21
0
0
1.26884e-20
-2.96587e-09
0
4.06028e-19
-2.96587e-09
0
-2.96587e-09
0
-2.96587e-09
-2.96587e-09
-2.96587e-09
-2.96587e-09
0
0
0
-5.93173e-09
0
0
0
1.03943e-16
-2.96587e-09
3.24823e-18
0
-2.96587e-09
3.24823e-18
-2.96587e-09
2.96587e-09
0
0
7.93024e-22
0
0
0
-2.96587e-09
0
0
0
0
0
0
-1.48293e-09
0
0
0
0
0
3.17209e-21
7.93024e-22
3.96512e-22
1.58605e-21
2.53768e-20
0
0
0
0
-2.96587e-09
0
0
0
6.49645e-18
-2.96587e-09
6.49645e-18
0
-2.96587e-09
0
0
0
-2.96587e-09
0
-2.96587e-09
0
-2.96587e-09
2.96587e-09
0
3.24823e-18
-2.96587e-09
0
0
0
0
6.34419e-21
0
-2.96587e-09
3.09775e-24
0
-1.48293e-09
0
0
0
6.34419e-21
0
0
0
0
-1.48293e-09
0
0
3.96512e-22
0
0
1.26884e-20
0
0
0
0
0
0
0
0
3.24823e-18
-2.96587e-09
1.29929e-17
-2.96587e-09
0
0
0
1.29929e-17
0
0
0
-2.96587e-09
0
0
-2.96587e-09
0
0
0
1.98256e-22
1.98256e-22
7.93024e-22
0
-2.96587e-09
0
0
0
0
0
6.1955e-24
-1.48293e-09
0
1.21006e-26
0
0
9.68047e-26
0
1.21006e-26
0
0
-2.96587e-09
0
0
0
0
0
0
2.03014e-19
0
-2.96587e-09
0
0
0
0
0
0
0
0
0
0
-2.96587e-09
0
0
-2.96587e-09
0
0
0
0
3.96512e-22
0
0
0
0
0
0
0
0
-1.48293e-09
1.54887e-24
0
0
1.89072e-28
0
-1.48293e-09
0
0
0
0
0
0
0
0
0
0
0
0
1.01507e-19
0
0
-2.96587e-09
-2.96587e-09
0
0
0
6.49645e-18
0
6.49645e-18
0
4.06028e-19
0
4.06028e-19
0
4.06028e-19
0
-2.96587e-09
0
0
0
-2.96587e-09
0
0
0
0
0
0
-1.93609e-25
0
0
0
0
-1.48293e-09
0
1.51257e-27
0
3.02515e-27
3.02515e-27
0
-2.96587e-09
-2.96587e-09
0
0
0
-2.96587e-09
0
0
5.07535e-20
0
0
0
0
0
-2.96587e-09
0
0
0
-2.96587e-09
0
-2.96587e-09
0
0
2.03014e-19
0
4.06028e-19
-2.96587e-09
0
3.09775e-24
0
-2.96587e-09
0
6.1955e-24
0
0
0
0
1.93609e-25
0
0
-1.48293e-09
3.6928e-31
0
0
0
0
0
0
0
0
3.87219e-25
0
0
0
3.09775e-24
6.34419e-21
-2.96587e-09
0
0
-2.03014e-19
-2.96587e-09
-2.96587e-09
-2.96587e-09
0
0
0
0
0
0
-2.96587e-09
2.03014e-19
0
0
0
4.06028e-19
4.06028e-19
-2.96587e-09
1.54887e-24
0
0
1.54887e-24
0
-2.96587e-09
0
5.90849e-30
-1.48293e-09
-1.48293e-09
4.72679e-29
0
1.89072e-28
-1.48293e-09
0
0
0
0
5.90849e-30
0
4.84023e-26
-2.96587e-09
0
0
0
0
0
0
0
0
0
2.03014e-19
0
-2.03014e-19
8.12056e-19
0
1.62411e-18
0
0
0
-2.96587e-09
0
-2.96587e-09
0
-2.96587e-09
0
-2.96587e-09
4.06028e-19
0
0
0
0
-2.96587e-09
0
0
0
2.95424e-30
-1.48293e-09
0
0
0
-5.90849e-30
0
1.98256e-22
0
0
-2.96587e-09
0
1.93609e-25
0
-2.96587e-09
0
0
0
-2.96587e-09
7.74437e-25
0
0
2.96587e-09
-2.96587e-09
-2.96587e-09
1.26884e-20
-2.96587e-09
0
0
2.03014e-19
2.03014e-19
-5.93173e-09
-5.93173e-09
5.07535e-20
1.58605e-21
-5.93173e-09
0
6.34419e-21
0
0
0
0
-2.96587e-09
-2.96587e-09
-2.96587e-09
0
0
-2.96587e-09
0
0
-1.54887e-24
0
0
4.84023e-26
0
3.17209e-21
0
0
0
0
0
0
6.34419e-21
0
0
-2.96587e-09
0
-2.96587e-09
0
-2.96587e-09
-2.96587e-09
1.01507e-19
-2.96587e-09
-2.96587e-09
-2.96587e-09
-2.96587e-09
0
-3.24823e-18
0
0
0
0
1.01507e-19
0
0
1.26884e-20
0
1.01507e-19
-5.93173e-09
1.26884e-20
0
0
0
0
0
0
0
1.48293e-09
0
0
-2.96587e-09
0
0
0
0
1.48293e-09
0
0
0
0
0
5.07535e-20
0
-2.96587e-09
0
-2.96587e-09
0
6.1955e-24
-2.96587e-09
2.03014e-19
0
-2.96587e-09
0
0
0
0
0
1.29929e-17
0
0
0
0
0
0
0
0
0
2.03014e-19
0
1.01507e-19
0
0
-2.96587e-09
0
-2.96587e-09
-2.96587e-09
0
-1.48293e-09
0
0
0
0
0
0
0
-1.48293e-09
-1.48293e-09
-1.48293e-09
0
0
2.03014e-19
0
0
0
0
2.96587e-09
0
2.03014e-19
-2.96587e-09
-2.96587e-09
0
0
0
0
0
0
0
0
0
0
0
0
0
0
2.03014e-19
0
0
-1.01507e-19
-2.96587e-09
0
0
2.53768e-20
6.34419e-21
0
2.96587e-09
5.07535e-20
0
0
-1.48293e-09
0
0
0
0
0
-1.48293e-09
0
-1.48293e-09
-1.48293e-09
-1.48293e-09
0
0
0
0
0
0
1.2391e-23
2.96587e-09
0
0
0
2.96587e-09
0
0
0
5.19716e-17
0
0
-5.93173e-09
-6.49645e-18
0
0
0
0
-5.93173e-09
0
0
2.03014e-19
0
0
0
-2.96587e-09
-2.96587e-09
2.96587e-09
-2.96587e-09
1.01507e-19
6.34419e-21
0
-1.48293e-09
0
0
-1.48293e-09
0
0
-1.48293e-09
0
0
-1.48293e-09
0
0
0
0
-2.96587e-09
0
2.4782e-23
0
0
0
0
8.12056e-19
0
-2.96587e-09
-2.96587e-09
0
0
0
5.19716e-17
0
0
0
0
0
1.62411e-18
-2.96587e-09
2.03014e-19
8.12056e-19
0
0
-2.96587e-09
0
0
-2.96587e-09
1.58605e-21
2.96587e-09
0
0
0
1.48293e-09
-1.48293e-09
0
-1.48293e-09
0
0
0
1.98256e-22
0
-1.48293e-09
0
0
0
0
0
-2.96587e-09
0
0
0
0
-2.96587e-09
2.96587e-09
0
0
0
0
0
0
0
0
2.59858e-17
0
6.49645e-18
0
0
1.62411e-18
4.06028e-19
0
0
-2.96587e-09
-2.96587e-09
0
0
5.07535e-20
-2.96587e-09
1.98256e-22
0
-1.58605e-21
7.74437e-25
-1.48293e-09
0
9.68047e-26
0
0
0
0
0
-1.48293e-09
0
0
-2.96587e-09
0
0
0
9.9128e-23
0
0
-2.96587e-09
0
-2.96587e-09
0
-2.96587e-09
-2.96587e-09
0
0
0
0
0
-2.96587e-09
2.96587e-09
0
-1.62411e-18
0
2.96587e-09
0
0
0
0
1.01507e-19
0
0
0
0
-2.96587e-09
-2.96587e-09
-3.87219e-25
-1.48293e-09
3.87219e-25
-1.48293e-09
-1.48293e-09
0
-1.48293e-09
-1.48293e-09
0
0
0
0
-1.48293e-09
0
-2.96587e-09
0
-2.96587e-09
-2.96587e-09
1.2391e-23
0
2.4782e-23
-2.96587e-09
8.12056e-19
0
0
0
0
0
0
0
0
0
0
0
0
-2.96587e-09
0
0
0
0
0
1.01507e-19
0
0
-2.96587e-09
-2.96587e-09
0
0
-2.96587e-09
-1.48293e-09
-1.48293e-09
0
4.84023e-26
-1.48293e-09
0
0
0
0
0
2.42012e-26
0
0
0
0
0
1.2391e-23
-2.96587e-09
0
0
0
0
4.06028e-19
0
0
0
-2.96587e-09
0
0
0
0
-2.96587e-09
0
0
6.49645e-18
0
4.06028e-19
0
0
1.01507e-19
0
0
0
0
0
0
0
0
-2.96587e-09
0
0
-1.48293e-09
0
3.02515e-27
0
0
0
0
0
0
0
-1.48293e-09
4.84023e-26
0
0
3.09775e-24
-2.96587e-09
-2.96587e-09
0
0
0
0
0
0
0
0
-2.96587e-09
6.49645e-18
0
0
0
0
-2.96587e-09
-2.96587e-09
-2.96587e-09
0
0
0
0
0
0
3.09775e-24
-2.96587e-09
0
0
0
0
0
1.21006e-26
0
0
0
0
0
0
0
0
0
-1.48293e-09
0
-1.51257e-27
0
0
0
0
0
0
0
0
-2.96587e-09
0
0
0
0
-2.96587e-09
0
0
-2.96587e-09
-2.96587e-09
0
-2.96587e-09
0
0
0
2.03014e-19
0
0
0
0
2.03014e-19
3.09775e-24
0
0
-2.96587e-09
0
0
3.09775e-24
0
-1.48293e-09
0
3.02515e-27
9.45358e-29
0
0
-1.48293e-09
0
0
0
0
0
0
0
0
0
0
-2.96587e-09
0
0
4.06028e-19
0
0
0
0
-2.96587e-09
-2.96587e-09
3.24823e-18
0
0
0
0
-2.96587e-09
0
-2.96587e-09
-2.96587e-09
1.01507e-19
0
2.53768e-20
-2.96587e-09
-2.96587e-09
0
0
0
0
1.93609e-25
0
-2.96587e-09
0
0
7.56286e-28
0
0
0
3.02515e-27
-1.48293e-09
0
0
0
-5.90849e-30
0
0
0
0
0
0
0
0
0
0
0
0
0
0
0
-2.96587e-09
0
3.24823e-18
-2.96587e-09
-2.96587e-09
0
0
0
-2.96587e-09
-2.96587e-09
0
0
0
-2.96587e-09
0
0
7.74437e-25
0
0
0
0
-2.96587e-09
0
0
0
3.6928e-31
0
1.47712e-30
-1.48293e-09
)
;

boundaryField
{
    fuel
    {
        type            calculated;
        value           uniform 0;
    }
    primary_air
    {
        type            calculated;
        value           uniform 0;
    }
    Secondary_air_RHS
    {
        type            calculated;
        value           uniform 0;
    }
    Secondary_air_LHS
    {
        type            calculated;
        value           uniform 0;
    }
    outlet
    {
        type            calculated;
        value           uniform 0;
    }
    stove_body
    {
        type            calculated;
        value           uniform 0;
    }
    frontAndBack
    {
        type            empty;
    }
}


// ************************************************************************* //
