/*--------------------------------*- C++ -*----------------------------------*\
  =========                 |
  \\      /  F ield         | OpenFOAM: The Open Source CFD Toolbox
   \\    /   O peration     | Website:  https://openfoam.org
    \\  /    A nd           | Version:  6
     \\/     M anipulation  |
\*---------------------------------------------------------------------------*/
FoamFile
{
    version     2.0;
    format      ascii;
    class       volScalarField;
    location    "0.025";
    object      Qdot;
}
// * * * * * * * * * * * * * * * * * * * * * * * * * * * * * * * * * * * * * //

dimensions      [1 -1 -3 0 0 0 0];

internalField   nonuniform List<scalar> 
3773
(
3.98555e-05
3.98551e-05
0
3.98555e-05
3.98551e-05
-3.83751e-10
2.62818e-05
5.25637e-05
5.25629e-05
0.000132274
0.000132274
0.000132275
-1.535e-09
7.97094e-05
5.25637e-05
0.000159422
5.25645e-05
0.000211986
-1.535e-09
-1.535e-09
0.000159421
0.000159421
0.00026455
0.000105127
0.000159422
0.000264551
-7.67502e-10
0.000159421
0.000105128
5.25637e-05
0.000159421
0.000105128
0.000211986
0.000211986
0.000159421
5.25645e-05
7.97094e-05
7.9711e-05
7.9711e-05
0.000132274
0.000132275
0.000132275
0
2.62822e-05
0
6.61373e-05
0
-3.83751e-10
3.98555e-05
2.62818e-05
5.29966e-05
5.29958e-05
5.29962e-05
6.61373e-05
1.31407e-05
1.31411e-05
9.96387e-06
3.28528e-06
3.28221e-06
3.28221e-06
-3.07001e-09
6.56749e-06
9.9608e-06
1.65314e-05
-3.07001e-09
9.96387e-06
1.65344e-05
-3.07001e-09
1.65314e-05
1.65314e-05
9.9608e-06
1.32461e-05
3.28221e-06
3.28221e-06
9.9608e-06
0
1.65344e-05
1.65314e-05
8.26414e-06
6.56749e-06
9.9608e-06
9.9608e-06
6.56749e-06
1.65344e-05
1.65314e-05
0
3.28528e-06
3.28528e-06
1.32461e-05
3.28221e-06
6.57056e-06
5.29962e-05
5.29966e-05
5.29966e-05
6.61377e-05
1.31411e-05
3.98555e-05
1.31403e-05
3.98555e-05
1.31411e-05
1.31411e-05
3.98547e-05
0
-7.67502e-10
-7.67502e-10
1.3138e-05
1.99247e-05
1.99247e-05
6.57056e-06
6.57056e-06
-3.07001e-09
1.99247e-05
8.26721e-06
1.24241e-06
8.1825e-07
2.06373e-06
8.1825e-07
2.48483e-06
4.97887e-06
4.97887e-06
5.13631e-07
2.0226e-07
-3.07001e-09
3.11371e-07
2.0533e-07
8.26414e-06
4.97887e-06
1.24241e-06
2.4879e-06
1.24241e-06
8.1825e-07
8.1825e-07
4.97887e-06
3.30658e-05
1.99247e-05
2.64952e-05
6.56749e-06
1.99247e-05
1.99247e-05
3.30689e-05
6.61369e-05
5.29958e-05
5.29958e-05
5.29958e-05
-7.67502e-10
5.29966e-05
3.98555e-05
5.29966e-05
1.31411e-05
1.31411e-05
1.31411e-05
5.29958e-05
5.29966e-05
3.98555e-05
3.30658e-05
0
1.99247e-05
6.57056e-06
2.64952e-05
2.64983e-05
0
0
8.1825e-07
2.0668e-06
1.24241e-06
-3.07001e-09
-3.07001e-09
4.97887e-06
3.28528e-06
4.82625e-08
1.00439e-07
2.56662e-08
7.47727e-08
7.47727e-08
6.62458e-06
8.26414e-06
2.06066e-06
1.24241e-06
2.06373e-06
1.24241e-06
3.30615e-06
4.98194e-06
3.30689e-05
6.57056e-06
1.99247e-05
6.56749e-06
0
0
0
-7.67502e-10
3.98555e-05
1.31403e-05
1.31403e-05
5.29958e-05
5.29958e-05
1.31403e-05
-7.67502e-10
1.31403e-05
3.30689e-05
3.30689e-05
3.30689e-05
1.31411e-05
5.29958e-05
3.30689e-05
2.64952e-05
2.64952e-05
0
1.99247e-05
-3.07001e-09
3.30658e-05
3.28221e-06
8.1825e-07
1.24241e-06
-3.07001e-09
-6.14001e-09
0
3.28528e-06
6.62151e-06
0
4.86845e-08
1.28331e-08
5.17545e-08
7.47727e-08
6.62151e-06
4.97887e-06
2.06373e-06
0
2.06373e-06
2.06373e-06
1.24548e-06
4.97887e-06
3.30658e-05
6.57056e-06
2.64952e-05
6.57056e-06
6.57056e-06
1.99247e-05
1.3138e-05
1.31411e-05
3.30689e-05
1.9927e-05
3.30689e-05
3.30681e-05
0
-7.67502e-10
3.98547e-05
1.9927e-05
5.29966e-05
-7.67502e-10
5.29958e-05
1.31411e-05
3.30681e-05
0
1.65314e-05
1.65314e-05
0
6.57056e-06
6.56749e-06
0
4.97887e-06
1.24548e-06
1.65307e-06
1.65614e-06
1.65307e-06
-3.07001e-09
8.26414e-06
6.62151e-06
1.28331e-08
1.61469e-08
6.66034e-09
6.66034e-09
2.25962e-08
1.64264e-06
4.97887e-06
2.06373e-06
1.24241e-06
1.65307e-06
1.65e-06
1.24241e-06
8.26414e-06
6.56749e-06
9.96387e-06
9.96387e-06
1.65314e-05
1.65314e-05
1.65314e-05
2.64983e-05
3.30689e-05
-7.67502e-10
1.9927e-05
1.31411e-05
0
1.31411e-05
3.30689e-05
9.96234e-06
1.65344e-05
3.28374e-06
1.32492e-05
1.32476e-05
6.57056e-06
1.65329e-05
-3.07001e-09
-3.07001e-09
-6.14001e-09
0
-3.07001e-09
-3.07001e-09
-6.14001e-09
0
0
-3.07001e-09
-3.07001e-09
0
-3.07001e-09
0
-3.07001e-09
-3.07001e-09
0
0
-3.07001e-09
-3.07001e-09
0
0
-6.14001e-09
0
0
-6.14001e-09
-3.07001e-09
-3.07001e-09
-3.07001e-09
-3.07001e-09
0
-3.07001e-09
0
-3.07001e-09
-3.07001e-09
9.96387e-06
6.57056e-06
9.96234e-06
1.32492e-05
3.28528e-06
9.96387e-06
9.96234e-06
-1.535e-09
-1.535e-09
4.40701e-13
4.40701e-13
-1.535e-09
-1.53412e-09
-1.535e-09
-3.06648e-09
1.7628e-12
-3.06824e-09
-3.06824e-09
-3.06648e-09
-3.06648e-09
-3.07001e-09
-6.14001e-09
-6.13296e-09
7.05121e-12
7.05121e-12
1.41024e-11
-6.14001e-09
-6.14001e-09
2.82049e-11
-6.14001e-09
-6.11181e-09
-6.14001e-09
-6.12591e-09
1.41024e-11
2.82049e-11
-6.14001e-09
0
-6.14001e-09
-6.13296e-09
-6.12591e-09
0
-6.12591e-09
-3.06296e-09
-3.07001e-09
-3.07001e-09
-3.07001e-09
0
-3.07001e-09
0
0
8.81402e-13
0
-1.53412e-09
8.81402e-13
-1.535e-09
-1.53324e-09
-1.53495e-09
1.10175e-13
1.10175e-13
-1.535e-09
-1.53478e-09
0
-1.535e-09
8.81402e-13
0
8.81402e-13
-3.06913e-09
8.81402e-13
-3.07001e-09
-3.06648e-09
-6.14001e-09
-6.13825e-09
3.52561e-12
1.7628e-12
-6.13825e-09
0
-6.14001e-09
2.82049e-11
0
-6.12591e-09
-6.14001e-09
0
-6.12591e-09
1.41024e-11
7.05121e-12
3.52561e-12
3.52561e-12
-6.13296e-09
-6.13296e-09
-6.13296e-09
0
0
0
-3.07001e-09
-3.06957e-09
-3.06957e-09
-3.06957e-09
-3.06648e-09
-1.535e-09
-1.53489e-09
1.10175e-13
-1.535e-09
-1.535e-09
2.2035e-13
-1.53324e-09
-1.53495e-09
0
-1.535e-09
-1.53478e-09
-1.53456e-09
-1.53478e-09
0
4.40701e-13
-3.06957e-09
-3.06913e-09
8.81402e-13
-3.06913e-09
0
-3.07001e-09
0
0
-6.13825e-09
8.81402e-13
8.81402e-13
-6.13825e-09
0
1.41024e-11
-6.14001e-09
1.41024e-11
1.41024e-11
1.41024e-11
1.41024e-11
-6.12591e-09
3.52561e-12
3.52561e-12
-6.13649e-09
0
0
3.52561e-12
-6.14001e-09
-3.06957e-09
4.40701e-13
-3.06957e-09
0
-3.07001e-09
-3.06957e-09
1.7628e-12
-1.535e-09
-1.535e-09
-1.53489e-09
1.10175e-13
-1.53489e-09
2.2035e-13
-1.535e-09
0
-1.53489e-09
-1.535e-09
-1.53478e-09
-1.535e-09
2.2035e-13
8.81402e-13
-3.06957e-09
0
-3.06913e-09
-3.07001e-09
8.81402e-13
1.7628e-12
-3.06648e-09
1.7628e-12
0
1.7628e-12
-6.13825e-09
-6.13825e-09
1.7628e-12
7.05121e-12
-6.14001e-09
-6.14001e-09
1.41024e-11
7.05121e-12
-6.13296e-09
-6.12591e-09
-6.12591e-09
-6.14001e-09
0
3.52561e-12
3.52561e-12
-6.14001e-09
-6.14001e-09
-6.13649e-09
-3.06957e-09
-3.06913e-09
-3.07001e-09
-3.06957e-09
0
0
-3.07001e-09
-1.535e-09
-1.53478e-09
-1.53489e-09
-1.53489e-09
0
-1.53495e-09
-1.53498e-09
0
1.10175e-13
-1.535e-09
-1.53478e-09
0
-1.535e-09
8.81402e-13
-3.06913e-09
-3.06913e-09
-3.06913e-09
-3.06913e-09
-3.06913e-09
-3.07001e-09
-3.07001e-09
0
1.7628e-12
1.7628e-12
1.7628e-12
0
-6.14001e-09
-6.14001e-09
7.05121e-12
-6.14001e-09
-6.13296e-09
7.05121e-12
-6.13296e-09
-6.13296e-09
-6.14001e-09
0
-6.14001e-09
3.52561e-12
1.7628e-12
-6.13825e-09
1.7628e-12
-6.14001e-09
-3.06957e-09
0
-3.06913e-09
-3.07001e-09
-3.06979e-09
-3.07001e-09
0
-1.535e-09
2.2035e-13
-1.53478e-09
-1.53478e-09
1.10175e-13
1.10175e-13
-1.535e-09
-1.53489e-09
-1.53489e-09
-1.53478e-09
2.2035e-13
0
-1.53412e-09
-1.53412e-09
-3.06913e-09
-3.06913e-09
-3.06913e-09
8.81402e-13
0
8.81402e-13
-3.07001e-09
-6.13825e-09
-6.13825e-09
1.7628e-12
1.7628e-12
-6.13825e-09
0
3.52561e-12
-6.14001e-09
-6.14001e-09
-6.14001e-09
-6.13296e-09
0
7.05121e-12
-6.14001e-09
7.05121e-12
-6.13649e-09
-6.14001e-09
-6.13825e-09
-6.13825e-09
0
-6.14001e-09
-3.06957e-09
-3.07001e-09
-3.06824e-09
-3.06913e-09
-3.06957e-09
-3.07001e-09
-3.07e-09
-1.53489e-09
2.2035e-13
-1.535e-09
-1.535e-09
-1.53489e-09
-1.535e-09
4.30372e-16
-1.53498e-09
-1.53489e-09
0
2.2035e-13
4.40701e-13
-1.53456e-09
-1.53412e-09
0
-3.06913e-09
8.81402e-13
-3.06913e-09
0
-3.06913e-09
-3.06979e-09
-6.13825e-09
0
0
-6.14001e-09
-6.14001e-09
-6.14001e-09
0
7.05121e-12
-6.13296e-09
7.05121e-12
-6.14001e-09
7.05121e-12
7.05121e-12
7.05121e-12
0
-6.14001e-09
0
-6.13825e-09
0
-6.14001e-09
0
-3.07001e-09
-3.07001e-09
0
-3.07001e-09
-3.06957e-09
0
0
-1.53489e-09
-1.53478e-09
-1.53478e-09
-1.53478e-09
-1.53489e-09
-1.53489e-09
0
0
0
0
-1.535e-09
0
-1.535e-09
-1.535e-09
-3.06957e-09
-3.07001e-09
-3.07001e-09
-3.07001e-09
-3.07001e-09
-3.06824e-09
0
1.7628e-12
0
-6.13649e-09
0
-6.14001e-09
-6.13825e-09
0
-6.13296e-09
7.05121e-12
-6.14001e-09
7.05121e-12
7.05121e-12
7.05121e-12
-6.14001e-09
3.52561e-12
3.52561e-12
0
-6.13825e-09
0
-6.14001e-09
-6.13996e-09
-3.07001e-09
0
-3.06913e-09
-3.07001e-09
-3.06957e-09
-3.06957e-09
0
0
-1.53478e-09
-1.535e-09
-1.535e-09
0
1.10175e-13
5.50876e-14
1.10175e-13
1.10175e-13
-1.53478e-09
0
-1.535e-09
2.2035e-13
-1.53456e-09
-3.07001e-09
0
1.7628e-12
1.7628e-12
-3.06824e-09
0
-3.06824e-09
1.7628e-12
-6.13649e-09
0
3.52561e-12
-6.13649e-09
-6.13825e-09
-6.13825e-09
-6.14001e-09
0
7.05121e-12
-6.14001e-09
7.05121e-12
0
3.52561e-12
-6.13649e-09
-6.13649e-09
3.52561e-12
0
0
-6.13825e-09
-6.14001e-09
0
-3.06913e-09
-3.07001e-09
-3.07001e-09
4.40701e-13
-3.07001e-09
-3.07001e-09
-1.535e-09
-1.53478e-09
-1.53478e-09
-1.535e-09
1.10175e-13
1.10175e-13
0
0
-1.53489e-09
-1.535e-09
-1.535e-09
-1.53456e-09
-1.53478e-09
4.40701e-13
0
-3.07001e-09
-3.07001e-09
0
0
0
-3.07001e-09
1.7628e-12
0
-6.14001e-09
-6.14001e-09
0
-6.14001e-09
-6.14001e-09
-6.14001e-09
0
-6.14001e-09
-6.13296e-09
0
-6.13649e-09
-6.14001e-09
3.52561e-12
3.52561e-12
-6.13649e-09
3.52561e-12
0
1.7628e-12
4.40701e-13
0
-3.06913e-09
-3.06913e-09
-3.07001e-09
8.81402e-13
8.81402e-13
0
2.2035e-13
-1.53478e-09
2.2035e-13
0
2.2035e-13
1.10175e-13
0
-1.535e-09
0
2.2035e-13
-1.53456e-09
-1.53456e-09
-1.53456e-09
-1.535e-09
-3.07001e-09
3.52561e-12
-3.06824e-09
1.7628e-12
0
1.7628e-12
-3.06824e-09
-6.13825e-09
3.52561e-12
7.05121e-12
-6.14001e-09
3.52561e-12
1.7628e-12
-6.14001e-09
0
-6.14001e-09
7.05121e-12
-6.14001e-09
-6.14001e-09
-6.13649e-09
3.52561e-12
1.7628e-12
3.52561e-12
3.52561e-12
-6.13649e-09
1.7628e-12
0
0
-3.06913e-09
1.7628e-12
-3.06824e-09
-3.06824e-09
-3.07001e-09
0
-3.06957e-09
2.2035e-13
-1.53478e-09
-1.53478e-09
0
0
1.10175e-13
-1.53489e-09
-1.53495e-09
0
0
0
0
0
0
-3.06824e-09
-3.07001e-09
-3.07001e-09
-3.07001e-09
-3.07001e-09
-3.06824e-09
-3.06824e-09
1.7628e-12
0
0
-6.14001e-09
3.52561e-12
1.7628e-12
-6.14001e-09
-6.13296e-09
0
0
0
0
0
0
0
3.52561e-12
3.52561e-12
3.52561e-12
-6.13825e-09
1.7628e-12
-6.13913e-09
-3.07001e-09
1.7628e-12
-3.07001e-09
-3.06824e-09
8.81402e-13
-3.06913e-09
4.40701e-13
2.2035e-13
-1.53478e-09
2.2035e-13
-1.53478e-09
1.10175e-13
-1.535e-09
-1.53489e-09
0
0
2.2035e-13
2.2035e-13
0
0
-1.535e-09
-3.07001e-09
-3.07001e-09
-3.07001e-09
0
0
-3.06824e-09
-3.06913e-09
-6.13825e-09
3.52561e-12
0
7.05121e-12
3.52561e-12
0
1.7628e-12
-6.13296e-09
0
7.05121e-12
7.05121e-12
-6.14001e-09
0
-6.13825e-09
0
0
-6.14001e-09
3.52561e-12
-6.13825e-09
-6.13913e-09
8.81402e-13
-3.06913e-09
-3.07001e-09
0
8.81402e-13
8.81402e-13
8.81402e-13
4.40701e-13
-1.535e-09
2.2035e-13
-1.535e-09
1.10175e-13
0
-1.53489e-09
1.10175e-13
-1.535e-09
-1.53489e-09
-1.53489e-09
2.2035e-13
-1.535e-09
-1.53478e-09
2.2035e-13
-3.06913e-09
0
2.2035e-13
0
-3.06648e-09
-3.06824e-09
-3.06913e-09
3.52561e-12
-6.13649e-09
-6.13649e-09
-6.13649e-09
0
-6.13649e-09
0
3.52561e-12
-6.13296e-09
0
-6.13296e-09
0
-6.13649e-09
3.52561e-12
-6.13825e-09
-6.13825e-09
-6.13649e-09
0
0
1.7628e-12
-6.14001e-09
0
-3.07001e-09
-3.06957e-09
-3.07001e-09
-3.07001e-09
-3.06957e-09
-3.07001e-09
-1.53478e-09
-1.53489e-09
-1.535e-09
-1.53489e-09
0
1.10175e-13
-1.53489e-09
0
-1.53489e-09
-1.535e-09
-1.53478e-09
4.40701e-13
-1.53456e-09
-1.535e-09
-3.07001e-09
-3.07001e-09
-3.06824e-09
-3.07001e-09
0
1.7628e-12
-3.07001e-09
-6.13825e-09
-6.13649e-09
3.52561e-12
3.52561e-12
-6.13825e-09
-6.13825e-09
-6.14001e-09
0
7.05121e-12
7.05121e-12
0
-6.14001e-09
7.05121e-12
0
-6.13296e-09
-6.13649e-09
-6.14001e-09
1.7628e-12
1.7628e-12
-6.13825e-09
1.7628e-12
0
-3.07001e-09
0
-3.06913e-09
-3.07001e-09
-3.06957e-09
-3.07001e-09
0
-1.53478e-09
-1.53478e-09
-1.535e-09
-1.53489e-09
-1.535e-09
-1.535e-09
0
-1.535e-09
-1.535e-09
-1.53478e-09
2.2035e-13
-1.53456e-09
-1.535e-09
0
0
-3.06824e-09
-3.07001e-09
-3.06824e-09
-3.06824e-09
2.2035e-13
-6.13825e-09
-6.13649e-09
-6.13649e-09
-6.14001e-09
-6.13825e-09
-6.14001e-09
-6.14001e-09
-6.14001e-09
-6.13296e-09
7.05121e-12
0
7.05121e-12
7.05121e-12
0
-6.14001e-09
0
0
-6.13825e-09
-6.13825e-09
1.7628e-12
-6.14001e-09
-3.07001e-09
-3.07001e-09
-3.07001e-09
-3.06913e-09
4.40701e-13
-3.07001e-09
0
0
-1.53478e-09
-1.53478e-09
2.2035e-13
-1.535e-09
-1.535e-09
-1.535e-09
0
0
-1.535e-09
2.2035e-13
2.2035e-13
2.2035e-13
0
-3.07001e-09
-3.07001e-09
0
-3.07001e-09
-3.07001e-09
0
-3.07001e-09
-6.13825e-09
-6.14001e-09
3.52561e-12
0
1.7628e-12
0
-6.14001e-09
-6.13296e-09
0
7.05121e-12
-6.14001e-09
0
-6.13296e-09
-6.13296e-09
7.05121e-12
0
3.52561e-12
1.7628e-12
1.7628e-12
1.7628e-12
0
0
-3.06913e-09
-3.07001e-09
-3.06913e-09
-3.06957e-09
0
-3.07001e-09
0
-1.53478e-09
-1.53478e-09
2.2035e-13
-1.53489e-09
-1.535e-09
0
0
-1.53489e-09
-1.535e-09
2.2035e-13
0
-1.53456e-09
-1.535e-09
-3.07001e-09
8.81402e-13
-3.06824e-09
-3.07001e-09
-3.06824e-09
-3.07001e-09
8.81402e-13
-6.13825e-09
-6.14001e-09
0
-6.13649e-09
-6.13825e-09
0
0
7.05121e-12
0
-6.14001e-09
-6.13296e-09
-6.13296e-09
7.05121e-12
-6.14001e-09
3.52561e-12
3.52561e-12
3.52561e-12
-6.13825e-09
-6.13825e-09
-6.13825e-09
-6.14001e-09
0
-3.06913e-09
8.81402e-13
-3.07001e-09
4.40701e-13
0
-3.07001e-09
-1.535e-09
-1.53478e-09
-1.53478e-09
0
-1.535e-09
-1.535e-09
-1.535e-09
-1.535e-09
1.10175e-13
0
-1.53478e-09
-1.53456e-09
4.40701e-13
0
-3.07001e-09
-3.07001e-09
-3.06913e-09
-3.07001e-09
-3.07001e-09
0
8.81402e-13
8.81402e-13
-6.13649e-09
3.52561e-12
1.7628e-12
-6.13825e-09
1.7628e-12
0
-6.14001e-09
-6.13296e-09
-6.14001e-09
-6.13296e-09
-6.13296e-09
7.05121e-12
0
3.52561e-12
3.52561e-12
-6.14001e-09
1.7628e-12
0
0
-6.14001e-09
-3.06979e-09
-3.06913e-09
0
-3.07001e-09
-3.07001e-09
4.40701e-13
-3.07001e-09
-1.535e-09
-1.53478e-09
-1.53478e-09
-1.53478e-09
1.10175e-13
-1.535e-09
0
-1.53495e-09
1.10175e-13
-1.535e-09
-1.53456e-09
2.2035e-13
4.40701e-13
0
-3.07001e-09
0
-3.06913e-09
8.81402e-13
-3.06824e-09
-3.07001e-09
-3.07001e-09
8.81402e-13
-6.14001e-09
-6.13649e-09
-6.13825e-09
-6.13825e-09
-6.13825e-09
-6.14001e-09
-6.13296e-09
7.05121e-12
-6.13296e-09
-6.14001e-09
7.05121e-12
7.05121e-12
0
-6.13649e-09
3.52561e-12
3.52561e-12
0
0
1.7628e-12
-6.14001e-09
-3.06957e-09
-3.06913e-09
-3.06913e-09
-3.06957e-09
-3.07001e-09
-3.07001e-09
0
0
2.2035e-13
0
2.2035e-13
-1.535e-09
0
0
-1.53489e-09
-1.535e-09
0
0
-1.53478e-09
4.40701e-13
0
1.10175e-13
-3.06913e-09
8.81402e-13
-3.07001e-09
1.7628e-12
-3.06824e-09
-3.07001e-09
-6.14001e-09
-6.14001e-09
3.52561e-12
-6.14001e-09
0
1.7628e-12
0
-6.13296e-09
-6.13296e-09
-6.13296e-09
-6.14001e-09
0
7.05121e-12
7.05121e-12
-6.13649e-09
3.52561e-12
3.52561e-12
-6.14001e-09
1.7628e-12
-6.14001e-09
0
-3.06957e-09
-3.07001e-09
-3.07001e-09
-3.06957e-09
4.40701e-13
-3.07001e-09
-3.06979e-09
0
-1.535e-09
-1.53478e-09
-1.53478e-09
-1.53489e-09
1.10175e-13
5.50876e-14
0
-1.535e-09
5.50876e-14
-1.53498e-09
-1.53498e-09
1.37719e-14
-1.535e-09
-3.07e-09
-3.07001e-09
-3.06979e-09
-3.07001e-09
-3.07001e-09
-3.06957e-09
-3.0699e-09
-6.13649e-09
-6.14001e-09
-6.13649e-09
0
0
0
0
-6.14001e-09
-6.13296e-09
7.05121e-12
7.05121e-12
7.05121e-12
3.52561e-12
-6.14001e-09
1.7628e-12
1.7628e-12
-6.14001e-09
-6.14001e-09
3.52561e-12
3.52561e-12
-6.13825e-09
-3.06995e-09
-3.06995e-09
5.50876e-14
0
1.10175e-13
1.10175e-13
5.50876e-14
-1.535e-09
-1.535e-09
-1.53499e-09
1.37719e-14
-1.53499e-09
-1.535e-09
-1.535e-09
-1.535e-09
2.75438e-14
-1.535e-09
-1.53498e-09
0
0
0
3.44298e-15
-3.06999e-09
-3.06979e-09
-3.06979e-09
2.2035e-13
-3.06979e-09
1.10175e-13
0
0
1.7628e-12
3.52561e-12
-6.13649e-09
3.52561e-12
3.52561e-12
-6.14001e-09
-6.14001e-09
7.05121e-12
0
-6.14001e-09
3.52561e-12
-6.13649e-09
1.7628e-12
-6.14001e-09
-6.13825e-09
1.7628e-12
-6.13649e-09
-6.13649e-09
-6.13825e-09
-3.06995e-09
5.50876e-14
0
-3.0699e-09
-3.07001e-09
-3.07001e-09
-3.06995e-09
0
1.37719e-14
1.37719e-14
-1.535e-09
-1.53499e-09
0
-1.535e-09
1.37719e-14
-1.53498e-09
-1.535e-09
-1.53495e-09
-1.535e-09
-1.535e-09
-1.535e-09
-3.06999e-09
-3.06999e-09
2.2035e-13
0
-3.06979e-09
0
-3.07001e-09
3.52561e-12
-6.13825e-09
-6.13825e-09
3.52561e-12
-6.14001e-09
-6.13649e-09
3.52561e-12
3.52561e-12
0
7.05121e-12
-6.13296e-09
-6.13296e-09
0
3.52561e-12
-6.13825e-09
-6.13649e-09
3.52561e-12
-6.13649e-09
3.52561e-12
0
-6.14001e-09
5.50876e-14
0
-3.0699e-09
-3.06979e-09
2.2035e-13
-3.06979e-09
-3.07001e-09
-1.53499e-09
-1.53499e-09
-1.53498e-09
-1.53498e-09
-1.53498e-09
-1.53499e-09
1.37719e-14
-1.53499e-09
5.50876e-14
-1.53489e-09
-1.53489e-09
1.10175e-13
-1.535e-09
-1.535e-09
-3.07001e-09
2.75438e-14
2.2035e-13
0
-3.06957e-09
-3.06957e-09
-3.07001e-09
0
1.7628e-12
0
1.7628e-12
-6.13649e-09
3.52561e-12
0
7.05121e-12
7.05121e-12
-6.13296e-09
-6.14001e-09
-6.14001e-09
3.52561e-12
3.52561e-12
-6.13825e-09
-6.14001e-09
-6.13649e-09
0
3.52561e-12
-6.13649e-09
-6.14001e-09
-3.06995e-09
1.10175e-13
-3.07001e-09
-3.06979e-09
-3.07001e-09
-3.07001e-09
-3.06979e-09
-1.53499e-09
-1.53498e-09
-1.53498e-09
-1.535e-09
0
2.75438e-14
-1.53498e-09
0
-1.535e-09
0
1.10175e-13
-1.535e-09
-1.53495e-09
0
-3.06995e-09
0
-3.06979e-09
-3.06957e-09
-3.06957e-09
-3.06957e-09
0
-6.14001e-09
0
-6.14001e-09
-6.14001e-09
0
-6.14001e-09
-6.13649e-09
-6.13296e-09
-6.13296e-09
7.05121e-12
-6.13296e-09
-6.13296e-09
0
-6.14001e-09
-6.14001e-09
-6.13649e-09
-6.14001e-09
0
3.52561e-12
0
0
-3.07001e-09
-3.07001e-09
-3.07001e-09
-3.06979e-09
-3.07001e-09
4.40701e-13
-3.07001e-09
-1.535e-09
0
-1.53498e-09
-1.53498e-09
-1.535e-09
-1.53495e-09
5.50876e-14
-1.535e-09
-1.53495e-09
-1.535e-09
5.50876e-14
5.50876e-14
0
0
-3.06995e-09
-3.06998e-09
-3.07001e-09
-3.06979e-09
-3.07001e-09
-3.06979e-09
-3.07001e-09
-6.13825e-09
-6.13825e-09
0
-6.13913e-09
0
1.7628e-12
-6.14001e-09
-6.13296e-09
-6.13296e-09
-6.13296e-09
0
7.05121e-12
0
-6.14001e-09
0
0
-6.14001e-09
-6.13649e-09
-6.13649e-09
-6.13649e-09
3.52561e-12
-3.0699e-09
-3.06979e-09
-3.06979e-09
2.2035e-13
-3.06979e-09
2.2035e-13
-3.07001e-09
-1.53498e-09
-1.53498e-09
0
-1.535e-09
2.75438e-14
5.50876e-14
0
0
-1.535e-09
5.50876e-14
-1.535e-09
-1.535e-09
5.50876e-14
-1.53495e-09
-3.06995e-09
-3.07001e-09
-3.06995e-09
-3.0699e-09
0
-3.0699e-09
1.10175e-13
-6.14001e-09
-6.14001e-09
2.2035e-13
4.40701e-13
0
-6.13825e-09
3.52561e-12
-6.13296e-09
7.05121e-12
-6.13296e-09
7.05121e-12
-6.14001e-09
-6.13296e-09
7.05121e-12
1.7628e-12
8.81402e-13
-6.14001e-09
3.52561e-12
-6.14001e-09
3.52561e-12
3.52561e-12
-3.07001e-09
-3.07001e-09
-3.0699e-09
-3.0699e-09
-3.07001e-09
0
-3.07001e-09
2.75438e-14
0
0
-1.535e-09
-1.53498e-09
-1.53498e-09
2.75438e-14
-1.535e-09
-1.535e-09
0
1.72149e-15
-1.535e-09
-1.535e-09
-1.535e-09
0
1.37719e-14
0
-3.07001e-09
1.72149e-15
-3.07001e-09
-3.07001e-09
3.52561e-12
-6.13825e-09
-6.1399e-09
-6.14001e-09
0
-6.1399e-09
1.10175e-13
3.52561e-12
1.7628e-12
-6.14001e-09
4.40701e-13
2.2035e-13
0
-6.13979e-09
1.7628e-12
-6.13825e-09
-6.13913e-09
1.10175e-13
5.50876e-14
-6.14001e-09
-6.1399e-09
0
-3.07001e-09
1.37719e-14
-3.07001e-09
-3.07001e-09
-3.07001e-09
-3.07001e-09
-1.535e-09
0
-1.535e-09
4.30372e-16
-1.535e-09
-1.535e-09
-1.535e-09
-1.535e-09
0
-1.535e-09
-1.535e-09
-1.535e-09
0
3.44298e-15
-3.07001e-09
-3.06995e-09
-3.06999e-09
0
-3.07e-09
-3.07e-09
0
-6.14001e-09
-6.13649e-09
0
1.10175e-13
-6.1399e-09
1.10175e-13
1.10175e-13
-6.13649e-09
-6.13649e-09
0
0
-6.13913e-09
8.81402e-13
-6.13913e-09
0
-6.13825e-09
0
8.81402e-13
2.2035e-13
-6.1399e-09
0
-3.06995e-09
-3.07001e-09
-3.06998e-09
-3.06999e-09
-3.07e-09
0
4.30372e-16
-1.535e-09
3.44298e-15
3.44298e-15
-1.535e-09
-1.535e-09
0
-1.535e-09
5.50876e-14
0
2.75438e-14
2.75438e-14
-1.53498e-09
0
6.88595e-15
-3.06979e-09
-3.0699e-09
-3.07001e-09
-3.07001e-09
2.75438e-14
2.75438e-14
-3.07001e-09
3.52561e-12
-6.13649e-09
-6.13649e-09
-6.13913e-09
1.10175e-13
-6.1399e-09
0
3.52561e-12
-6.14001e-09
-6.14001e-09
3.52561e-12
-6.13825e-09
-6.14001e-09
8.81402e-13
-6.13825e-09
-6.13825e-09
-6.14001e-09
1.7628e-12
-6.13825e-09
-6.13913e-09
0
1.10175e-13
0
-3.06995e-09
-3.06998e-09
2.75438e-14
-3.07e-09
-3.07001e-09
0
-1.535e-09
6.88595e-15
-1.535e-09
-1.535e-09
0
-1.535e-09
-1.53489e-09
-1.535e-09
5.50876e-14
5.50876e-14
5.50876e-14
0
-1.535e-09
-3.06957e-09
-3.06957e-09
-3.06979e-09
1.10175e-13
-3.07001e-09
-3.07001e-09
5.50876e-14
3.52561e-12
-6.14001e-09
3.52561e-12
-6.14001e-09
-6.14001e-09
-6.13957e-09
0
-6.14001e-09
-6.14001e-09
-6.14001e-09
3.52561e-12
-6.13649e-09
3.52561e-12
-6.13825e-09
-6.14001e-09
0
3.52561e-12
0
-6.13825e-09
-6.13825e-09
0
-3.06979e-09
-3.0699e-09
-3.0699e-09
1.10175e-13
5.50876e-14
-3.07001e-09
-3.06998e-09
-1.535e-09
2.75438e-14
-1.53498e-09
-1.535e-09
-1.53499e-09
-1.53499e-09
0
1.10175e-13
0
0
-1.53489e-09
-1.53495e-09
-1.53495e-09
5.50876e-14
-3.07001e-09
0
0
-3.06979e-09
-3.0699e-09
-3.07001e-09
0
0
0
-6.13649e-09
-6.14001e-09
1.7628e-12
-6.14001e-09
8.81402e-13
-6.14001e-09
-6.13649e-09
0
-6.14001e-09
-6.13649e-09
-6.14001e-09
-6.14001e-09
0
-6.14001e-09
3.52561e-12
0
3.52561e-12
3.52561e-12
-6.14001e-09
-3.0699e-09
-3.07001e-09
-3.0699e-09
0
0
-3.07001e-09
-3.0699e-09
-1.53498e-09
2.75438e-14
-1.53498e-09
-1.535e-09
-1.53498e-09
-1.535e-09
0
5.50876e-14
-1.53495e-09
1.10175e-13
-1.53495e-09
5.50876e-14
-1.535e-09
-1.535e-09
-3.06979e-09
4.40701e-13
-3.06957e-09
4.40701e-13
0
-3.06979e-09
-3.06979e-09
-6.14001e-09
-6.13825e-09
1.7628e-12
-6.13825e-09
0
0
-6.14001e-09
3.52561e-12
3.52561e-12
3.52561e-12
3.52561e-12
-6.13649e-09
0
0
-6.14001e-09
3.52561e-12
3.52561e-12
3.52561e-12
0
0
-6.14001e-09
-3.07001e-09
0
-3.07001e-09
1.10175e-13
1.10175e-13
-3.0699e-09
1.10175e-13
0
2.75438e-14
-1.535e-09
-1.53498e-09
2.75438e-14
0
-1.535e-09
-1.535e-09
-1.53495e-09
-1.535e-09
-1.535e-09
-1.53495e-09
5.50876e-14
-1.535e-09
0
-3.07001e-09
-3.07001e-09
2.2035e-13
2.2035e-13
0
2.2035e-13
3.52561e-12
-6.14001e-09
0
-6.13649e-09
-6.13649e-09
-6.13649e-09
3.52561e-12
0
-6.14001e-09
7.05121e-12
0
-6.13649e-09
-6.13649e-09
-6.14001e-09
0
3.52561e-12
0
-6.14001e-09
-6.14001e-09
-6.14001e-09
3.52561e-12
-3.0699e-09
-3.0699e-09
1.10175e-13
-3.0699e-09
-3.0699e-09
-3.0699e-09
-3.0699e-09
-1.535e-09
0
-1.53498e-09
2.75438e-14
0
2.75438e-14
0
4.30372e-16
-3.07001e-09
-1.535e-09
-1.535e-09
-1.535e-09
-1.535e-09
8.60744e-16
-3.07001e-09
-3.07001e-09
-3.07001e-09
4.30372e-16
-3.07001e-09
3.44298e-15
-3.07001e-09
2.2035e-13
-6.14001e-09
3.52561e-12
-6.14001e-09
-6.14001e-09
-6.14001e-09
-6.14001e-09
-6.13825e-09
-6.14001e-09
1.7628e-12
-6.14001e-09
-6.13825e-09
-6.13825e-09
-6.13649e-09
1.10175e-13
0
1.10175e-13
1.10175e-13
-6.14001e-09
1.10175e-13
-6.14001e-09
-6.14001e-09
-3.07001e-09
0
8.60744e-16
8.60744e-16
-3.07001e-09
0
-1.535e-09
-1.535e-09
-1.535e-09
-1.535e-09
-1.535e-09
-1.535e-09
0
-1.535e-09
3.44298e-15
-1.535e-09
-1.535e-09
0
-1.535e-09
-1.535e-09
-3.07001e-09
8.60744e-16
-3.07001e-09
-3.07001e-09
1.72149e-15
0
-3.07001e-09
0
-6.14001e-09
-6.13649e-09
0
3.52561e-12
0
0
1.7628e-12
1.7628e-12
-6.13825e-09
-6.13825e-09
0
-6.13649e-09
3.52561e-12
-6.1399e-09
0
-6.1399e-09
-6.1399e-09
1.10175e-13
-6.14001e-09
-6.13957e-09
-3.07e-09
-3.07001e-09
6.88595e-15
-3.07e-09
6.88595e-15
6.88595e-15
-3.07001e-09
1.72149e-15
-1.535e-09
-1.535e-09
-1.535e-09
-1.535e-09
-1.535e-09
-1.535e-09
-1.535e-09
-1.535e-09
-1.535e-09
-1.53499e-09
-1.535e-09
-1.53499e-09
0
-3.07e-09
0
-3.07001e-09
-3.07e-09
-3.07e-09
-3.06999e-09
-3.06999e-09
0
-6.13825e-09
0
3.52561e-12
0
-6.13649e-09
3.52561e-12
0
-6.13825e-09
1.7628e-12
1.7628e-12
0
-6.14001e-09
-6.13649e-09
0
1.10175e-13
0
-6.1399e-09
-6.1399e-09
-6.14001e-09
-6.13913e-09
-3.06998e-09
0
2.75438e-14
2.75438e-14
-3.06995e-09
-3.07001e-09
-3.06995e-09
-1.535e-09
-1.53499e-09
-1.53499e-09
1.37719e-14
1.37719e-14
1.37719e-14
-1.535e-09
-1.535e-09
2.75438e-14
2.75438e-14
-1.535e-09
0
-1.53499e-09
-1.53499e-09
-3.07001e-09
2.75438e-14
-3.07001e-09
2.75438e-14
2.75438e-14
-3.07001e-09
-3.06995e-09
8.81402e-13
0
-6.13649e-09
-6.14001e-09
0
3.52561e-12
-6.14001e-09
1.7628e-12
1.7628e-12
0
-6.14001e-09
-6.13649e-09
-6.13649e-09
-6.13649e-09
-6.1399e-09
0
1.10175e-13
-6.14001e-09
-6.13957e-09
0
-6.13825e-09
5.50876e-14
-3.06995e-09
-3.07001e-09
-3.0699e-09
-3.07001e-09
-3.0699e-09
-3.07001e-09
1.37719e-14
-1.53498e-09
-1.53498e-09
1.37719e-14
1.37719e-14
-1.535e-09
-1.535e-09
-1.53499e-09
-1.53498e-09
0
-1.535e-09
-1.53499e-09
0
-1.53499e-09
2.75438e-14
-3.06995e-09
5.50876e-14
-3.06995e-09
-3.06995e-09
5.50876e-14
-3.06995e-09
1.7628e-12
0
0
-6.13649e-09
-6.14001e-09
0
-6.13649e-09
-6.13649e-09
3.52561e-12
-6.13649e-09
3.52561e-12
-6.13649e-09
3.52561e-12
3.52561e-12
-6.13979e-09
-6.13957e-09
-6.14001e-09
0
8.81402e-13
1.7628e-12
1.7628e-12
-3.07001e-09
-3.0699e-09
-3.07001e-09
1.10175e-13
1.10175e-13
-3.0699e-09
-3.0699e-09
-1.535e-09
0
-1.53498e-09
0
0
-1.53499e-09
0
-1.535e-09
2.75438e-14
-1.53498e-09
2.75438e-14
-1.53498e-09
-1.53498e-09
0
-3.07001e-09
-3.06995e-09
-3.06995e-09
0
0
0
5.50876e-14
1.7628e-12
-6.13825e-09
-6.13825e-09
1.7628e-12
-6.13825e-09
-6.13825e-09
-6.14001e-09
3.52561e-12
3.52561e-12
-6.13649e-09
0
0
-6.13296e-09
7.05121e-12
8.81402e-13
-6.14001e-09
-6.13913e-09
-6.14001e-09
8.81402e-13
-6.13825e-09
-6.14001e-09
-3.0699e-09
-3.0699e-09
-3.07001e-09
-3.07001e-09
-3.0699e-09
-3.0699e-09
-3.0699e-09
-1.535e-09
2.75438e-14
-1.53498e-09
-1.535e-09
-1.53498e-09
2.75438e-14
-1.53498e-09
-1.53499e-09
2.75438e-14
2.75438e-14
2.75438e-14
-1.535e-09
2.75438e-14
0
-3.07001e-09
0
5.50876e-14
-3.06995e-09
5.50876e-14
-3.07001e-09
-3.06995e-09
-6.13825e-09
-6.13825e-09
0
3.52561e-12
1.7628e-12
1.7628e-12
1.7628e-12
3.52561e-12
-6.14001e-09
0
-6.14001e-09
0
7.05121e-12
-6.13296e-09
0
-6.13913e-09
-6.13913e-09
8.81402e-13
0
1.7628e-12
0
5.50876e-14
-3.06995e-09
-3.0699e-09
-3.07001e-09
-3.07001e-09
-3.0699e-09
-3.0699e-09
-1.53498e-09
-1.535e-09
-1.535e-09
2.75438e-14
0
-1.53498e-09
0
0
-3.07001e-09
-3.07001e-09
-3.07001e-09
1.07593e-16
-1.535e-09
-1.535e-09
-6.14001e-09
-3.07001e-09
0
-3.07001e-09
-3.07001e-09
-3.07001e-09
-3.07001e-09
4.40701e-13
4.40701e-13
4.40701e-13
-6.13979e-09
2.2035e-13
2.2035e-13
-6.14001e-09
-6.14001e-09
-6.14001e-09
0
-6.13825e-09
-6.14001e-09
-6.14001e-09
1.7628e-12
4.40701e-13
-6.13957e-09
4.40701e-13
2.2035e-13
-6.14001e-09
-6.14001e-09
-6.14001e-09
-3.07001e-09
-3.07001e-09
1.07593e-16
2.15186e-16
-3.07001e-09
-3.07001e-09
-3.07001e-09
1.34491e-17
-3.07001e-09
-3.07001e-09
5.37965e-17
0
2.15186e-16
-3.07001e-09
-3.07001e-09
0
5.37965e-17
-3.07001e-09
-1.535e-09
-1.535e-09
-1.535e-09
-3.07001e-09
-3.07001e-09
-3.07001e-09
2.15186e-16
2.15186e-16
-3.07001e-09
4.30372e-16
4.40701e-13
-6.14001e-09
-6.13957e-09
4.40701e-13
2.2035e-13
0
0
0
1.7628e-12
-6.13825e-09
-6.14001e-09
0
0
-6.13825e-09
4.40701e-13
4.40701e-13
-6.13957e-09
2.2035e-13
0
2.2035e-13
-6.14001e-09
0
-3.07001e-09
-3.07001e-09
1.72149e-15
0
0
-3.07e-09
-3.07001e-09
-3.07001e-09
-3.07001e-09
0
-3.07001e-09
0
8.60744e-16
0
0
5.37965e-17
2.15186e-16
-1.535e-09
2.15186e-16
5.37965e-17
0
-3.07001e-09
-3.07001e-09
-3.07001e-09
8.60744e-16
1.72149e-15
-3.07001e-09
-6.14001e-09
4.40701e-13
0
-6.13957e-09
2.2035e-13
2.2035e-13
2.2035e-13
-6.14001e-09
1.7628e-12
1.7628e-12
-6.14001e-09
-6.14001e-09
-6.13825e-09
-6.13825e-09
4.40701e-13
4.40701e-13
-6.14001e-09
4.40701e-13
0
2.2035e-13
0
-3.07001e-09
0
8.60744e-16
-3.07001e-09
0
0
-3.06998e-09
6.72456e-18
-3.07001e-09
0
0
-1.535e-09
-3.07001e-09
1.72149e-15
0
-1.535e-09
-1.535e-09
-3.07001e-09
0
-1.535e-09
0
0
1.07593e-16
0
0
0
-3.07e-09
1.37719e-14
0
0
4.40701e-13
0
-6.13979e-09
-6.14001e-09
-6.13979e-09
1.7628e-12
-6.14001e-09
-6.14001e-09
0
-6.14001e-09
-6.14001e-09
1.7628e-12
0
-6.14001e-09
4.40701e-13
0
-6.13957e-09
-6.14001e-09
1.10175e-13
0
-3.07001e-09
-3.07e-09
1.37719e-14
-3.07001e-09
-3.06998e-09
-3.07001e-09
0
2.68982e-17
-3.07001e-09
0
4.30372e-16
8.60744e-16
0
-1.535e-09
0
-3.07001e-09
0
-1.535e-09
2.68982e-17
1.34491e-17
-3.07001e-09
-3.07001e-09
-3.07001e-09
-3.07e-09
-3.07e-09
0
-3.06998e-09
4.40701e-13
-3.06957e-09
-3.06957e-09
-3.07001e-09
-3.06979e-09
4.40701e-13
1.7628e-12
0
-6.14001e-09
-6.13825e-09
1.7628e-12
1.7628e-12
1.7628e-12
3.52561e-12
4.40701e-13
4.40701e-13
0
4.40701e-13
2.2035e-13
0
2.2035e-13
-3.07001e-09
-6.14001e-09
0
-3.06998e-09
-3.06995e-09
0
-3.0699e-09
-3.07001e-09
-3.07001e-09
-1.535e-09
0
-1.535e-09
0
-1.535e-09
0
-1.535e-09
-1.535e-09
2.15186e-16
-1.535e-09
-1.535e-09
1.34491e-17
-6.14001e-09
-3.07001e-09
1.72149e-15
-3.07e-09
2.75438e-14
-3.06998e-09
-3.06995e-09
-3.07001e-09
-3.06957e-09
-6.13957e-09
-6.14001e-09
-3.06957e-09
0
1.7628e-12
1.7628e-12
1.7628e-12
0
0
1.7628e-12
3.52561e-12
0
4.40701e-13
-6.13957e-09
0
-3.06979e-09
2.2035e-13
-6.13979e-09
4.40701e-13
1.07593e-16
4.30372e-16
-3.06999e-09
-3.06998e-09
-3.07001e-09
-3.07001e-09
1.10175e-13
-3.07001e-09
0
-1.535e-09
-3.07001e-09
0
-1.535e-09
-1.535e-09
-1.535e-09
-1.535e-09
-1.535e-09
-1.535e-09
0
-1.535e-09
0
-3.07001e-09
-3.07001e-09
-3.07e-09
-3.06999e-09
-3.07001e-09
-3.06998e-09
5.50876e-14
-3.07001e-09
-3.06957e-09
4.40701e-13
-3.07001e-09
0
1.7628e-12
-6.14001e-09
1.7628e-12
-6.13825e-09
-6.14001e-09
-6.14001e-09
-6.13649e-09
-6.13649e-09
-6.13649e-09
-3.06957e-09
0
-3.06957e-09
4.40701e-13
-3.06957e-09
4.40701e-13
0
-3.07001e-09
8.60744e-16
-3.07001e-09
-3.06998e-09
0
-3.06995e-09
0
-1.535e-09
-1.535e-09
2.15186e-16
-1.535e-09
-1.535e-09
-1.535e-09
-1.535e-09
-1.535e-09
-1.535e-09
-1.535e-09
0
4.30372e-16
-1.535e-09
-1.535e-09
1.07593e-16
-3.07001e-09
-3.07001e-09
-3.07001e-09
-3.07001e-09
6.88595e-15
-3.07001e-09
-3.06957e-09
4.40701e-13
-3.06957e-09
-3.06957e-09
-3.07001e-09
-3.06913e-09
8.81402e-13
-6.13825e-09
1.7628e-12
-3.07001e-09
-6.13825e-09
0
0
0
-3.07001e-09
4.40701e-13
-3.06957e-09
-3.06979e-09
-3.06979e-09
-6.13979e-09
-3.07001e-09
-3.07001e-09
-3.07001e-09
-3.07e-09
0
0
2.75438e-14
5.50876e-14
-1.535e-09
-1.535e-09
0
-1.535e-09
4.30372e-16
-1.535e-09
-1.535e-09
1.68114e-18
-1.535e-09
-1.535e-09
1.07593e-16
4.30372e-16
-1.535e-09
8.4057e-19
-3.07001e-09
8.60744e-16
-3.07001e-09
0
-3.07e-09
4.30372e-16
0
-3.07001e-09
-3.07001e-09
-3.06979e-09
-3.06979e-09
-3.07001e-09
0
0
-3.06824e-09
-6.14001e-09
0
-3.07001e-09
-3.06824e-09
-6.13825e-09
-3.06824e-09
-3.06979e-09
-3.06979e-09
2.2035e-13
0
0
-3.07001e-09
2.2035e-13
-3.07001e-09
-3.07001e-09
-3.07e-09
-3.07001e-09
-3.07001e-09
-3.06999e-09
2.75438e-14
-1.535e-09
-1.535e-09
1.07593e-16
-1.535e-09
-1.535e-09
-1.535e-09
8.60744e-16
2.62678e-20
0
5.25356e-20
1.05071e-19
1.05071e-19
5.25356e-20
-1.535e-09
0
6.72456e-18
6.72456e-18
-3.07001e-09
-3.07001e-09
1.34491e-17
-3.07001e-09
-3.07001e-09
-3.06979e-09
-3.07001e-09
-3.07001e-09
-3.06957e-09
0
-3.07001e-09
-3.06824e-09
-6.13825e-09
-3.07001e-09
-3.07001e-09
-3.06824e-09
1.7628e-12
-3.07001e-09
-3.07001e-09
-3.06979e-09
0
2.2035e-13
-3.0699e-09
0
2.2035e-13
6.72456e-18
-3.07001e-09
0
-3.07001e-09
-3.07001e-09
-3.07001e-09
-3.07001e-09
-1.535e-09
-1.535e-09
0
1.05071e-19
1.05071e-19
-1.535e-09
-1.535e-09
0
0
-1.535e-09
-1.535e-09
-1.535e-09
1.31339e-20
-1.535e-09
0
6.72456e-18
-3.07001e-09
-3.07001e-09
0
-3.07001e-09
0
-3.07001e-09
-3.06979e-09
2.2035e-13
-3.06979e-09
0
-3.06957e-09
-3.07001e-09
1.7628e-12
-3.06824e-09
-3.06824e-09
0
1.7628e-12
-3.06824e-09
1.7628e-12
1.10175e-13
-3.07001e-09
-3.07001e-09
2.2035e-13
0
-3.07001e-09
-3.07001e-09
0
0
0
-3.07001e-09
-3.07001e-09
-3.07001e-09
3.36228e-18
-1.535e-09
2.62678e-20
0
-1.535e-09
1.31339e-20
0
-1.535e-09
6.56696e-21
-1.535e-09
-1.535e-09
-1.535e-09
-1.535e-09
1.31339e-20
1.31339e-20
-3.07001e-09
3.36228e-18
-3.07001e-09
3.36228e-18
-3.07001e-09
-3.07001e-09
-3.07001e-09
-3.06979e-09
-3.06979e-09
-3.06979e-09
0
-3.07001e-09
-3.06957e-09
-3.06979e-09
-3.07001e-09
0
-3.07001e-09
-3.07001e-09
-3.06824e-09
-3.07001e-09
-3.07001e-09
0
0
2.2035e-13
-3.07001e-09
-3.0699e-09
-3.0699e-09
1.10175e-13
-3.07001e-09
-3.07001e-09
3.36228e-18
0
0
0
3.36228e-18
0
-1.535e-09
-1.535e-09
2.62678e-20
1.31339e-20
1.31339e-20
-1.535e-09
-1.535e-09
-1.535e-09
3.28348e-21
-1.535e-09
-1.535e-09
0
-1.535e-09
0
-3.07001e-09
0
-3.07001e-09
3.36228e-18
-3.07001e-09
-3.07001e-09
-3.06979e-09
2.2035e-13
-3.06979e-09
0
-3.06979e-09
-3.07001e-09
-3.06979e-09
-3.07001e-09
1.7628e-12
-3.07001e-09
-3.06824e-09
-3.07001e-09
1.7628e-12
-3.06913e-09
-3.06979e-09
0
-3.0699e-09
1.10175e-13
-3.0699e-09
-3.0699e-09
-3.07001e-09
3.36228e-18
-3.07001e-09
0
-3.07001e-09
-3.07001e-09
-3.07001e-09
1.68114e-18
6.56696e-21
-1.535e-09
-1.535e-09
-1.535e-09
3.28348e-21
0
-1.535e-09
-1.535e-09
0
0
3.20652e-24
-1.535e-09
-1.535e-09
0
1.68114e-18
0
-3.07001e-09
-3.07001e-09
-3.07001e-09
-3.07001e-09
0
-3.06979e-09
2.2035e-13
0
2.2035e-13
-3.06979e-09
-3.06957e-09
-3.06979e-09
-3.07001e-09
-3.06824e-09
0
-3.06913e-09
-3.06824e-09
-3.06824e-09
8.81402e-13
2.2035e-13
-3.06979e-09
-3.06979e-09
-3.07001e-09
-3.0699e-09
1.10175e-13
0
-3.07001e-09
0
8.4057e-19
0
-3.07001e-09
8.4057e-19
0
0
-1.535e-09
-1.535e-09
0
-1.535e-09
0
-1.535e-09
-1.535e-09
1.07593e-16
0
-3.07001e-09
0
-3.07001e-09
2.68982e-17
-3.07001e-09
-3.07001e-09
-3.07001e-09
-3.07001e-09
-3.07001e-09
-6.14001e-09
0
-6.14001e-09
1.10175e-13
-3.07001e-09
-3.07001e-09
-6.14001e-09
2.2035e-13
2.2035e-13
4.40701e-13
2.2035e-13
-6.14001e-09
4.40701e-13
0
4.40701e-13
-6.14001e-09
-6.1399e-09
-3.0699e-09
-3.0699e-09
-3.07001e-09
1.10175e-13
-6.13979e-09
-6.13979e-09
1.07593e-16
1.07593e-16
-6.14001e-09
-3.07001e-09
-3.07001e-09
-3.07001e-09
-3.07001e-09
-1.535e-09
1.07593e-16
-3.07001e-09
-3.07001e-09
-3.07001e-09
0
1.34491e-17
1.72149e-15
-1.535e-09
-3.07001e-09
-3.07001e-09
0
-3.07001e-09
-3.07001e-09
-3.07001e-09
-3.07001e-09
1.72149e-15
0
-3.07001e-09
0
-3.07001e-09
-3.0699e-09
-3.0699e-09
-3.07001e-09
-3.06979e-09
0
2.2035e-13
2.2035e-13
-6.14001e-09
-6.13957e-09
4.40701e-13
0
-6.13957e-09
4.40701e-13
-6.13913e-09
0
-6.14001e-09
1.10175e-13
-3.07001e-09
0
-6.13979e-09
0
-3.07001e-09
4.30372e-16
-3.07001e-09
2.15186e-16
-3.07001e-09
-3.07001e-09
-3.07001e-09
4.30372e-16
-3.07001e-09
-3.07001e-09
-3.07001e-09
-3.07001e-09
1.34491e-17
-3.07001e-09
3.44298e-15
-1.535e-09
-1.535e-09
5.37965e-17
-3.07001e-09
2.68982e-17
2.68982e-17
2.75438e-14
-3.06999e-09
-3.07e-09
3.44298e-15
-3.07e-09
-6.14001e-09
4.30372e-16
-3.07001e-09
0
2.2035e-13
-3.06979e-09
2.2035e-13
0
-6.14001e-09
0
8.81402e-13
-6.13913e-09
8.81402e-13
8.81402e-13
8.81402e-13
8.81402e-13
1.10175e-13
-6.1399e-09
-3.07001e-09
-3.06979e-09
-6.14001e-09
-6.13979e-09
-6.13979e-09
-3.07001e-09
0
4.30372e-16
-3.07001e-09
0
-6.14001e-09
-3.07001e-09
0
-1.535e-09
-3.07001e-09
-1.535e-09
-1.535e-09
0
-3.07001e-09
6.88595e-15
-1.535e-09
-1.535e-09
-1.535e-09
-1.535e-09
0
0
5.50876e-14
-3.07001e-09
-3.06995e-09
-3.06998e-09
-3.07e-09
-3.07001e-09
-3.07001e-09
0
-3.06979e-09
-3.06979e-09
0
2.2035e-13
-6.13979e-09
4.40701e-13
-6.14001e-09
-6.13825e-09
0
1.7628e-12
0
-6.13913e-09
-6.13913e-09
-6.14001e-09
-6.14001e-09
0
-6.13979e-09
-6.13979e-09
2.2035e-13
2.2035e-13
-3.07001e-09
-3.07001e-09
-3.07001e-09
-3.07001e-09
-6.14001e-09
2.15186e-16
0
-1.535e-09
1.72149e-15
-1.535e-09
-1.535e-09
2.68982e-17
0
6.72456e-18
-1.535e-09
-1.535e-09
-1.535e-09
-1.535e-09
0
-3.07001e-09
-1.535e-09
0
-3.0699e-09
-3.07001e-09
-3.06995e-09
6.88595e-15
8.60744e-16
-3.07001e-09
-3.06957e-09
-3.06979e-09
0
2.2035e-13
0
-3.06957e-09
-3.07001e-09
-6.13649e-09
1.7628e-12
1.7628e-12
0
-6.14001e-09
1.7628e-12
-6.13913e-09
3.52561e-12
1.7628e-12
-6.14001e-09
-6.14001e-09
-3.06957e-09
0
4.40701e-13
1.10175e-13
-3.06998e-09
3.44298e-15
-3.07001e-09
-3.07001e-09
0
-3.07001e-09
-1.535e-09
-1.535e-09
0
-1.535e-09
-1.535e-09
-1.535e-09
-1.535e-09
-1.535e-09
-1.535e-09
0
-1.535e-09
-3.07001e-09
-1.535e-09
-1.535e-09
-3.06979e-09
0
-3.0699e-09
-3.0699e-09
-3.06999e-09
-3.07001e-09
-3.07001e-09
1.7628e-12
-3.06957e-09
2.2035e-13
-3.06979e-09
-3.07001e-09
-3.06957e-09
-3.06957e-09
0
-6.13825e-09
1.7628e-12
-6.13825e-09
1.7628e-12
0
1.7628e-12
0
-6.13825e-09
-6.14001e-09
-3.06957e-09
-3.07001e-09
-3.07001e-09
-3.06957e-09
-3.06995e-09
-3.06995e-09
-3.07001e-09
0
-3.07001e-09
2.15186e-16
-6.14001e-09
-1.535e-09
-1.535e-09
-1.535e-09
-1.535e-09
2.68982e-17
-3.07001e-09
-1.535e-09
-1.535e-09
-1.535e-09
-1.535e-09
0
-1.535e-09
1.34491e-17
2.68982e-17
2.2035e-13
0
-3.07001e-09
1.10175e-13
-3.06999e-09
-3.07001e-09
0
-6.14001e-09
1.7628e-12
0
-6.14001e-09
4.40701e-13
0
4.40701e-13
-6.13649e-09
3.52561e-12
-6.14001e-09
-6.14001e-09
1.7628e-12
3.52561e-12
-6.13825e-09
-6.13649e-09
0
-6.13825e-09
-3.06824e-09
8.81402e-13
4.40701e-13
-3.07001e-09
-3.07001e-09
-3.06995e-09
-3.07001e-09
-3.07001e-09
4.30372e-16
-3.07001e-09
-3.07001e-09
-1.535e-09
1.72149e-15
-1.535e-09
0
0
-1.535e-09
-1.535e-09
-1.535e-09
1.72149e-15
-1.535e-09
2.68982e-17
-1.535e-09
-1.535e-09
-1.535e-09
-3.07001e-09
5.50876e-14
2.75438e-14
6.88595e-15
0
-3.07001e-09
0
-3.06913e-09
-3.07001e-09
4.40701e-13
-3.06957e-09
-3.07001e-09
4.40701e-13
4.40701e-13
-3.07001e-09
-3.06824e-09
-3.07001e-09
-3.07001e-09
1.7628e-12
-6.13825e-09
-6.14001e-09
-3.06824e-09
-3.07001e-09
-3.06824e-09
8.81402e-13
-3.06957e-09
-3.07001e-09
-3.06957e-09
0
-3.06999e-09
-3.07e-09
8.60744e-16
-3.07001e-09
-3.07001e-09
5.37965e-17
1.72149e-15
-1.535e-09
1.07593e-16
-1.535e-09
-1.535e-09
-1.535e-09
0
8.60744e-16
-1.535e-09
0
-1.535e-09
-1.535e-09
0
-1.535e-09
2.75438e-14
-3.06999e-09
6.88595e-15
-3.07001e-09
4.30372e-16
-3.07001e-09
-3.07001e-09
-3.06957e-09
-3.06957e-09
0
-3.06979e-09
0
-3.07001e-09
-3.06957e-09
-6.14001e-09
-3.07001e-09
1.7628e-12
-3.07001e-09
-3.07001e-09
1.7628e-12
-3.06824e-09
-3.07001e-09
-3.06913e-09
-3.06913e-09
-3.06957e-09
0
-3.07001e-09
-3.07001e-09
0
-3.07e-09
0
4.30372e-16
-3.07001e-09
0
5.37965e-17
1.07593e-16
0
0
3.36228e-18
6.72456e-18
0
1.68114e-18
1.05071e-19
5.25356e-20
0
0
2.62678e-20
5.25356e-20
0
-3.07001e-09
-3.07001e-09
6.72456e-18
-3.07001e-09
-3.07001e-09
-3.07001e-09
-3.07001e-09
4.40701e-13
0
-3.06979e-09
-3.06979e-09
-3.06979e-09
-3.07001e-09
-3.06979e-09
0
-3.06824e-09
1.7628e-12
-3.07001e-09
-3.06824e-09
1.7628e-12
-3.06824e-09
-3.07001e-09
-3.06913e-09
-3.06913e-09
-3.06957e-09
0
-3.07001e-09
1.10175e-13
1.34491e-17
1.34491e-17
1.34491e-17
-3.07001e-09
0
0
-3.07001e-09
-1.535e-09
0
5.25356e-20
-1.535e-09
-1.535e-09
-1.535e-09
3.28348e-21
-1.535e-09
5.25356e-20
2.62678e-20
0
0
0
1.68114e-18
1.34491e-17
-3.07001e-09
6.72456e-18
0
0
2.68982e-17
-3.07001e-09
4.40701e-13
-3.06957e-09
-3.07001e-09
2.2035e-13
0
2.2035e-13
2.2035e-13
-3.07001e-09
-3.06824e-09
-3.06824e-09
-3.06824e-09
-3.07001e-09
-3.07001e-09
-3.07001e-09
8.81402e-13
-3.06913e-09
-3.07001e-09
-3.06957e-09
-3.06979e-09
0
-3.0699e-09
1.34491e-17
0
-3.07001e-09
6.72456e-18
0
-3.07001e-09
-3.07001e-09
-1.535e-09
-1.535e-09
1.31339e-20
-1.535e-09
6.56696e-21
6.56696e-21
0
5.25356e-20
3.28348e-21
-1.535e-09
8.20869e-22
-1.535e-09
-1.535e-09
0
0
6.72456e-18
-3.07001e-09
-3.07001e-09
3.36228e-18
-3.07001e-09
3.36228e-18
-3.06957e-09
-3.06957e-09
0
-3.06979e-09
-3.06979e-09
0
-3.07001e-09
-3.07001e-09
-3.06824e-09
-3.06824e-09
0
0
-3.06824e-09
0
-3.07001e-09
-3.06913e-09
-3.06957e-09
0
-3.07001e-09
0
-3.07001e-09
-3.07001e-09
1.34491e-17
-3.07001e-09
0
-3.07001e-09
0
-3.07001e-09
-1.535e-09
-1.535e-09
-1.535e-09
6.56696e-21
-1.535e-09
-1.535e-09
0
6.56696e-21
-1.535e-09
-1.535e-09
-1.535e-09
-1.535e-09
6.56696e-21
0
0
3.36228e-18
-3.07001e-09
-3.07001e-09
3.36228e-18
-3.07001e-09
-3.07001e-09
-3.07001e-09
-3.07001e-09
0
-3.07001e-09
-3.06979e-09
2.2035e-13
0
1.7628e-12
1.7628e-12
-3.06824e-09
0
0
-3.06824e-09
-3.06824e-09
-3.06957e-09
0
0
2.2035e-13
-3.07001e-09
-3.0699e-09
-3.0699e-09
6.72456e-18
-3.07001e-09
-3.07001e-09
-3.07001e-09
1.68114e-18
0
-3.07001e-09
1.64174e-21
1.64174e-21
0
4.10435e-22
-1.535e-09
2.56522e-23
0
-1.535e-09
0
-1.535e-09
0
-1.535e-09
-1.535e-09
-1.535e-09
-3.07001e-09
-3.07001e-09
-3.07001e-09
8.4057e-19
-3.07001e-09
-3.07001e-09
-3.07001e-09
-3.07001e-09
-3.07001e-09
-3.06979e-09
-3.07001e-09
2.2035e-13
-3.06979e-09
0
-3.06824e-09
1.7628e-12
1.7628e-12
8.81402e-13
-3.06913e-09
-3.07001e-09
0
-3.07001e-09
0
4.40701e-13
-3.07001e-09
1.10175e-13
1.10175e-13
0
0
3.36228e-18
0
-3.07001e-09
-3.07001e-09
-3.07001e-09
4.20285e-19
6.41304e-24
-1.535e-09
-1.535e-09
0
1.60326e-24
0
8.0163e-25
)
;

boundaryField
{
    fuel
    {
        type            calculated;
        value           uniform 0;
    }
    primary_air
    {
        type            calculated;
        value           uniform 0;
    }
    Secondary_air_RHS
    {
        type            calculated;
        value           uniform 0;
    }
    Secondary_air_LHS
    {
        type            calculated;
        value           uniform 0;
    }
    outlet
    {
        type            calculated;
        value           uniform 0;
    }
    stove_body
    {
        type            calculated;
        value           uniform 0;
    }
    frontAndBack
    {
        type            empty;
    }
}


// ************************************************************************* //
