/*--------------------------------*- C++ -*----------------------------------*\
  =========                 |
  \\      /  F ield         | OpenFOAM: The Open Source CFD Toolbox
   \\    /   O peration     | Website:  https://openfoam.org
    \\  /    A nd           | Version:  6
     \\/     M anipulation  |
\*---------------------------------------------------------------------------*/
FoamFile
{
    version     2.0;
    format      ascii;
    class       volScalarField;
    location    "0.005";
    object      Qdot;
}
// * * * * * * * * * * * * * * * * * * * * * * * * * * * * * * * * * * * * * //

dimensions      [1 -1 -3 0 0 0 0];

internalField   nonuniform List<scalar> 
3773
(
0
0
-8.19691e-06
0
-8.19691e-06
0
9.57474e-10
0
1.63938e-05
0
0
0
0
0
4.97205e-05
0
0
0
0
0
-4.97205e-05
0
-4.97205e-05
0
0
0
0
0
0
0
0
-4.97205e-05
0
0
0
0
0
0
0
1.63938e-05
0
1.63938e-05
0
0
0
0
0
-8.19691e-06
0
2.04923e-06
0
-3.10753e-06
2.04923e-06
0
3.10753e-06
2.04923e-06
3.8299e-09
3.8299e-09
-1.02461e-06
-1.55377e-06
0
0
0
0
0
0
0
-3.10753e-06
-3.8299e-09
0
0
5.16137e-07
0
0
0
0
0
0
-1.55377e-06
-3.10753e-06
-3.8299e-09
0
2.04923e-06
0
0
0
0
1.55377e-06
0
2.57838e-06
0
0
0
0
0
2.04923e-06
-1.91495e-09
0
0
-3.88442e-07
-1.91495e-09
-3.90357e-07
0
1.91495e-09
0
5.12307e-07
0
3.8299e-09
0
0
0
5.12307e-07
0
0
0
0
-3.8299e-09
0
0
3.8299e-09
-3.8299e-09
8.00479e-09
-3.8299e-09
0
-2.81075e-08
0
0
-3.8299e-09
0
0
3.8299e-09
1.90391e-07
0
5.16137e-07
0
0
0
3.58491e-08
0
0
-1.55377e-06
-1.91495e-09
0
0
0
1.91495e-09
1.91495e-09
0
-1.91495e-09
1.91495e-09
0
0
0
0
0
-1.21388e-08
0
0
2.0012e-09
0
-7.76884e-07
7.76884e-07
7.83229e-09
-4.0024e-09
-3.8299e-09
3.8299e-09
6.0694e-09
-5.12307e-07
-5.12307e-07
4.8305e-09
0
0
0
4.0024e-09
2.68407e-07
0
-3.8299e-09
3.8299e-09
3.0347e-09
0
1.72498e-10
-7.76884e-07
3.8299e-09
0
0
7.95197e-10
0
3.8299e-09
0
7.76884e-07
0
3.01042e-08
0
0
0
7.76884e-07
-7.78799e-07
1.00718e-08
0
0
0
8.62488e-11
0
0
0
3.8299e-09
-3.8299e-09
0
0
-5.12307e-07
5.12307e-07
0
0
-6.25374e-11
0
-4.8305e-09
0
0
0
0
0
3.8299e-09
-2.2395e-09
-3.8299e-09
-3.8299e-09
0
3.8299e-09
9.48344e-11
-3.73506e-09
0
0
3.8299e-09
-3.8299e-09
0
-3.8299e-09
1.89669e-10
0
-5.12307e-07
0
0
0
-8.62488e-11
0
1.91495e-09
0
7.76884e-07
2.67362e-09
-1.78987e-09
0
1.78987e-09
1.91495e-09
-1.91495e-09
5.12307e-07
0
0
2.44287e-13
-3.8299e-09
0
-3.8299e-09
0
-6.0694e-09
0
0
0
0
7.76884e-07
5.12307e-07
3.8299e-09
0
0
0
0
0
-5.12307e-07
3.8299e-09
-3.8299e-09
0
0
-3.8299e-09
7.80713e-07
3.8299e-09
-2.2395e-09
0
-3.83027e-09
0
-3.8299e-09
0
1.91495e-09
0
0
0
0
0
0
0
0
1.91495e-09
0
0
-1.91495e-09
0
-3.8299e-09
0
-3.8299e-09
0
0
0
0
0
0
0
0
-3.8299e-09
0
-3.8299e-09
3.8299e-09
0
3.8299e-09
0
0
3.8299e-09
0
0
3.8299e-09
0
0
0
0
0
3.8299e-09
0
3.8299e-09
0
3.8299e-09
3.8299e-09
0
1.91495e-09
0
0
0
0
-1.91495e-09
0
0
0
-1.91495e-09
0
0
0
0
-8.79654e-12
0
-3.8299e-09
0
0
0
8.79654e-12
0
0
0
0
0
0
0
0
1.75931e-11
-1.75931e-11
0
0
0
1.75931e-11
0
0
0
0
0
0
0
0
8.79654e-12
0
8.79654e-12
0
0
-3.8299e-09
0
0
0
0
0
1.91495e-09
0
0
0
0
0
0
0
-1.91495e-09
3.8299e-09
0
0
3.8299e-09
0
-1.37446e-13
-3.8299e-09
0
0
0
-1.09957e-12
1.09957e-12
0
0
0
2.19913e-12
0
0
2.19913e-12
0
0
0
0
0
0
0
0
0
0
0
0
-3.8299e-09
0
0
0
0
0
0
-1.91495e-09
-1.91495e-09
0
0
0
0
-2.09726e-18
1.91495e-09
1.91495e-09
0
1.91495e-09
-3.8299e-09
3.8299e-09
0
-3.8299e-09
0
0
0
-1.37446e-13
0
0
0
0
0
0
0
0
0
0
0
0
-1.37446e-13
0
0
0
0
0
0
1.37446e-13
0
0
3.8299e-09
-3.8299e-09
0
0
-3.8299e-09
1.91495e-09
0
0
1.91495e-09
-4.19452e-18
0
0
1.91495e-09
-1.91495e-09
0
-8.19241e-21
0
0
-1.91495e-09
0
0
0
0
0
0
0
0
0
0
0
0
1.71807e-14
0
0
0
0
0
0
0
0
0
0
0
0
0
0
0
0
0
0
3.8299e-09
0
-3.8299e-09
-1.34224e-16
0
1.91495e-09
0
-1.63848e-20
0
0
-1.91495e-09
-8.19241e-21
-1.91495e-09
1.91495e-09
0
-1.91495e-09
-1.31079e-19
0
0
3.8299e-09
0
0
0
-3.8299e-09
0
0
0
0
-1.0738e-15
0
0
0
0
0
0
0
-4.29518e-15
0
0
0
0
0
0
0
0
1.0738e-15
0
4.19452e-18
0
0
0
0
0
0
-1.91495e-09
1.91495e-09
1.91495e-09
0
0
1.91495e-09
0
-1.31079e-19
-1.91495e-09
0
-1.91495e-09
-1.91495e-09
0
3.8299e-09
-3.8299e-09
0
0
-1.31079e-19
3.8299e-09
3.8299e-09
0
0
0
0
-2.68449e-16
0
0
0
0
-5.36898e-16
0
0
5.36898e-16
0
0
0
0
0
0
-1.34224e-16
0
0
-1.31079e-19
0
3.8299e-09
6.55393e-20
-3.8299e-09
3.8299e-09
1.91495e-09
0
0
0
0
0
8.19241e-21
0
0
0
-1.91495e-09
0
-1.91495e-09
0
3.8299e-09
-3.8299e-09
5.24314e-19
3.8299e-09
3.8299e-09
0
0
-1.34224e-16
0
0
0
0
0
0
0
0
0
0
0
0
2.68449e-16
0
0
0
0
0
3.35561e-17
0
0
-3.8299e-09
-6.55393e-20
2.62157e-19
3.8299e-09
0
0
1.91495e-09
0
4.09621e-21
0
1.91495e-09
-5.24314e-19
-1.91495e-09
0
-1.91495e-09
0
0
0
0
0
0
0
-3.8299e-09
0
0
0
0
0
0
0
0
0
0
0
0
0
0
0
0
0
0
0
0
0
0
0
0
0
0
-6.55393e-20
0
0
-3.8299e-09
-3.8299e-09
0
-1.91495e-09
-3.20016e-23
1.91495e-09
-1.91495e-09
-1.91495e-09
0
-1.91495e-09
1.91495e-09
0
0
-1.91495e-09
0
0
0
-1.28006e-22
0
0
0
0
0
3.8299e-09
0
0
0
0
0
0
0
-2.56013e-22
0
0
0
0
0
0
0
0
0
0
0
-6.55393e-20
0
-8.19241e-21
-3.8299e-09
0
0
0
0
0
-1.91495e-09
0
-1.91495e-09
1.28006e-22
0
0
0
0
2.56013e-22
-1.91495e-09
0
1.91495e-09
0
1.25006e-25
0
0
0
0
0
-3.8299e-09
-3.8299e-09
0
0
0
0
0
0
0
0
0
0
1.31079e-19
-6.55393e-20
-1.02405e-21
1.60008e-23
0
0
-2.0481e-21
0
0
0
0
0
0
0
3.8299e-09
-3.8299e-09
2.0481e-21
0
0
2.50013e-25
0
0
1.91495e-09
0
1.91495e-09
-1.91495e-09
0
0
0
0
-2.50013e-25
1.91495e-09
3.8299e-09
0
3.8299e-09
0
0
3.8299e-09
0
0
0
0
0
4.0002e-24
0
0
-5.12026e-22
0
0
0
0
0
0
1.02405e-21
0
0
0
0
4.09621e-21
0
0
-3.8299e-09
0
-3.8299e-09
-3.8299e-09
0
3.8299e-09
1.91495e-09
6.25031e-26
-1.25006e-25
0
0
-1.91495e-09
0
0
0
0
0
0
0
-1.91495e-09
5.12026e-22
0
0
0
0
0
0
0
0
0
0
0
0
-8.0004e-24
0
0
0
0
0
0
0
0
0
0
0
0
0
0
0
0
-3.8299e-09
0
-3.8299e-09
0
0
0
0
-1.91495e-09
-1.91495e-09
0
0
0
0
1.91495e-09
0
0
-1.91495e-09
1.56258e-26
1.91495e-09
-3.8299e-09
3.8299e-09
0
-3.8299e-09
3.8299e-09
0
0
1.02405e-21
0
8.0004e-24
0
0
0
0
0
0
2.56013e-22
0
0
0
0
0
0
0
0
0
0
0
0
0
0
0
-3.8299e-09
0
3.8299e-09
-1.91495e-09
0
0
1.91495e-09
-1.91495e-09
-1.91495e-09
0
-1.91495e-09
0
0
0
0
-7.81289e-27
7.81289e-27
0
0
0
0
3.8299e-09
0
3.8299e-09
0
0
2.0001e-24
0
-1.00005e-24
0
-5.00025e-25
6.40032e-23
0
0
0
0
0
-2.0001e-24
0
1.60008e-23
0
0
0
0
0
0
0
3.8299e-09
-2.50013e-25
0
0
0
0
0
0
0
0
0
-1.91495e-09
1.91495e-09
0
-1.91495e-09
0
0
1.91495e-09
0
0
-3.8299e-09
-3.8299e-09
0
0
0
0
0
0
0
0
0
0
0
0
0
0
0
0
0
0
0
0
0
0
0
0
0
3.8299e-09
2.62157e-19
3.8299e-09
-3.8299e-09
3.8299e-09
0
0
0
0
0
0
-1.91495e-09
0
0
1.91495e-09
-2.09726e-18
0
0
0
0
0
3.8299e-09
0
0
0
0
-3.8299e-09
-3.8299e-09
0
0
0
0
0
0
0
0
0
0
0
0
0
0
0
0
0
8.38903e-18
-8.38903e-18
0
0
0
0
-3.8299e-09
3.8299e-09
-3.8299e-09
0
3.8299e-09
-1.91495e-09
-1.91495e-09
0
0
0
0
0
-1.91495e-09
2.09726e-18
8.19241e-21
0
1.91495e-09
0
0
0
0
0
-3.8299e-09
0
0
0
0
0
0
0
3.35561e-17
0
0
0
0
0
0
0
0
0
0
0
0
-8.38903e-18
0
0
0
0
0
-3.8299e-09
0
-2.62157e-19
0
0
0
0
0
0
0
0
0
0
0
0
-1.91495e-09
0
0
0
0
0
0
0
0
3.8299e-09
3.8299e-09
0
0
0
0
0
0
0
0
0
0
0
0
0
0
0
0
0
0
0
0
0
0
0
-3.8299e-09
0
0
0
0
0
0
-1.91495e-09
0
-1.91495e-09
0
0
-1.91495e-09
0
0
0
-1.02405e-21
0
-1.91495e-09
0
0
-3.8299e-09
3.8299e-09
0
-3.8299e-09
0
0
0
0
0
0
0
0
0
0
3.35561e-17
0
0
0
0
0
0
0
0
0
0
0
0
0
0
-3.8299e-09
-3.8299e-09
0
3.8299e-09
0
0
0
0
0
0
0
0
-1.91495e-09
0
1.02405e-21
0
-1.91495e-09
-1.91495e-09
0
0
0
0
3.8299e-09
0
0
0
0
0
0
0
0
0
0
0
0
3.35561e-17
0
0
0
0
0
0
0
0
0
0
0
0
3.27697e-20
0
0
0
0
0
0
1.91495e-09
0
0
0
0
0
0
0
2.56013e-22
0
0
0
3.8299e-09
0
0
0
0
0
-3.8299e-09
0
0
0
-8.38903e-18
0
0
0
0
0
0
0
0
0
0
0
0
2.09726e-18
0
4.19452e-18
0
0
0
0
0
3.8299e-09
-3.27697e-20
3.8299e-09
0
0
0
0
0
0
0
-1.91495e-09
-1.91495e-09
-7.81289e-27
0
1.91495e-09
9.76612e-28
1.91495e-09
0
0
0
3.8299e-09
0
0
-3.12516e-26
0
0
0
0
0
0
0
0
6.40032e-23
0
0
-1.60008e-23
-1.25006e-25
0
0
0
0
0
0
0
0
0
0
0
-2.0001e-24
0
0
0
3.8299e-09
0
0
1.91495e-09
1.91495e-09
0
0
0
-1.91495e-09
0
0
-3.90645e-27
4.88306e-28
0
1.22076e-28
0
0
1.00005e-24
0
0
0
-3.8299e-09
0
0
0
0
0
0
0
0
0
0
-1.25006e-25
0
0
1.00005e-24
0
0
0
0
0
0
-7.81289e-27
0
0
-3.8299e-09
0
0
0
0
0
0
0
0
0
1.91495e-09
-1.91495e-09
0
0
1.91495e-09
1.91495e-09
0
0
0
3.8299e-09
0
0
-3.8299e-09
0
0
3.8299e-09
0
0
0
1.25006e-25
0
0
0
0
0
0
0
0
0
0
0
-4.0002e-24
0
0
0
0
0
0
0
-3.8299e-09
0
0
0
0
0
0
0
0
0
0
0
0
0
0
0
0
0
0
0
-3.8299e-09
0
0
0
-7.81289e-27
0
0
0
0
-6.25031e-26
0
0
1.25006e-25
0
0
0
0
0
0
0
0
0
0
0
0
0
1.56258e-26
3.8299e-09
0
0
0
0
3.8299e-09
0
0
0
1.25006e-25
1.25006e-25
1.91495e-09
-1.25006e-25
0
1.91495e-09
1.91495e-09
0
0
0
0
9.76612e-28
0
0
0
3.12516e-26
3.8299e-09
0
0
0
0
0
0
0
0
0
0
0
0
0
-7.81289e-27
0
0
0
0
0
0
0
0
0
0
0
0
3.8299e-09
0
0
-3.8299e-09
0
0
0
-1.25006e-25
0
0
0
1.91495e-09
-1.91495e-09
1.91495e-09
0
0
0
0
0
0
0
-3.12516e-26
3.8299e-09
0
3.8299e-09
0
0
0
0
0
-9.76612e-28
0
0
0
0
0
0
0
1.25006e-25
0
0
-2.50013e-25
0
0
0
0
0
-3.8299e-09
-1.00005e-24
0
0
0
0
0
0
6.25031e-26
0
0
0
0
-3.90645e-27
0
0
0
0
0
0
0
0
0
0
0
0
-3.8299e-09
0
0
1.56258e-26
0
0
0
0
0
-7.81289e-27
0
-7.81289e-27
0
0
0
0
0
0
0
0
0
0
0
0
-3.8299e-09
0
2.50013e-25
0
3.8299e-09
0
0
0
0
-1.91495e-09
0
0
0
-1.91495e-09
0
0
1.91495e-09
0
9.53722e-31
-3.8299e-09
0
0
0
0
3.8299e-09
3.8299e-09
0
0
0
-2.44153e-28
3.8299e-09
3.8299e-09
3.8299e-09
0
0
0
0
-3.12516e-26
0
0
0
0
0
0
0
-1.22076e-28
0
-3.8299e-09
-3.8299e-09
0
0
0
0
3.8299e-09
0
0
0
2.44153e-28
0
1.91495e-09
0
0
0
0
0
0
-1.91495e-09
0
0
0
3.8299e-09
0
0
-3.8299e-09
0
0
0
0
0
0
0
0
0
0
0
0
0
0
0
0
0
0
0
0
0
0
0
3.8299e-09
-3.8299e-09
0
0
0
-3.8299e-09
0
0
0
1.91495e-09
0
-1.91495e-09
0
0
0
0
0
0
0
1.91495e-09
-4.88306e-28
0
0
-3.8299e-09
0
-6.10382e-29
0
-3.8299e-09
-6.10382e-29
0
0
0
3.8299e-09
0
0
0
0
0
0
0
0
0
3.8299e-09
0
0
3.8299e-09
-3.8299e-09
0
0
0
0
0
0
0
0
1.95322e-27
0
0
0
-1.91495e-09
0
-1.91495e-09
6.10382e-29
0
6.10382e-29
0
0
0
-1.91495e-09
1.95322e-27
-3.8299e-09
-3.8299e-09
-2.44153e-28
3.8299e-09
-3.8299e-09
0
6.25031e-26
0
0
0
0
0
-3.8299e-09
0
0
0
0
0
0
0
0
0
0
0
0
0
0
0
0
3.8299e-09
3.8299e-09
-3.8299e-09
-3.8299e-09
0
0
0
-1.56258e-26
0
-1.91495e-09
0
0
0
0
0
0
-2.44153e-28
0
-6.10382e-29
-3.8299e-09
-3.8299e-09
-3.8299e-09
0
0
0
0
0
0
-3.8299e-09
0
-3.90645e-27
0
3.8299e-09
2.50013e-25
0
0
0
0
0
0
0
0
-3.8299e-09
0
0
0
-3.8299e-09
3.8299e-09
3.12516e-26
0
0
0
0
0
1.91495e-09
0
-3.12516e-26
0
3.12516e-26
0
1.91495e-09
0
0
4.88306e-28
0
0
0
0
0
0
0
0
0
0
0
0
-6.25031e-26
0
0
0
-3.8299e-09
0
0
-1.25006e-25
-1.25006e-25
0
0
0
0
0
0
1.56258e-26
0
0
0
0
-3.8299e-09
0
0
-3.8299e-09
3.8299e-09
0
3.8299e-09
-1.91495e-09
0
0
0
1.91495e-09
0
0
0
0
0
0
0
0
0
0
7.81289e-27
-3.8299e-09
0
3.90645e-27
0
0
-3.12516e-26
0
0
0
0
0
3.8299e-09
0
0
0
0
1.56258e-26
1.56258e-26
0
0
0
0
0
0
0
-3.8299e-09
0
0
0
0
0
-3.8299e-09
0
0
0
0
-3.12516e-26
-3.12516e-26
1.91495e-09
0
1.91495e-09
0
0
0
-3.05191e-29
0
3.05191e-29
-3.8299e-09
0
3.8299e-09
0
-3.8299e-09
0
0
0
3.90645e-27
0
0
9.76612e-28
0
0
0
0
0
0
0
0
-3.20016e-23
0
-3.8299e-09
3.8299e-09
0
3.8299e-09
-3.8299e-09
0
0
0
-6.10382e-29
0
6.10382e-29
0
0
0
-1.91495e-09
0
-1.91495e-09
1.91495e-09
1.91495e-09
0
1.91495e-09
0
0
0
0
0
0
0
0
0
0
0
3.8299e-09
0
0
-3.8299e-09
-1.95322e-27
3.8299e-09
0
0
0
-3.8299e-09
0
0
0
0
-1.60008e-23
0
0
0
0
0
0
3.8299e-09
0
0
3.8299e-09
0
0
0
3.8299e-09
-3.8299e-09
0
0
1.91495e-09
0
0
0
0
0
0
1.91495e-09
0
0
0
0
0
3.8299e-09
0
0
3.8299e-09
3.8299e-09
3.8299e-09
0
3.8299e-09
3.8299e-09
0
-3.8299e-09
0
0
-1.00005e-24
0
0
0
8.0004e-24
1.60008e-23
0
0
0
3.8299e-09
0
0
0
0
-3.8299e-09
3.8299e-09
0
0
0
0
-1.25006e-25
0
0
-1.95322e-27
0
0
0
0
1.91495e-09
1.91495e-09
3.90645e-27
0
0
0
0
0
0
3.8299e-09
3.8299e-09
0
0
0
-3.8299e-09
1.56258e-26
0
1.56258e-26
1.56258e-26
0
0
0
0
0
0
0
0
0
0
-3.8299e-09
0
-9.76612e-28
0
0
0
3.8299e-09
-7.81289e-27
-3.8299e-09
-3.90645e-27
0
0
0
0
0
0
0
0
-1.95322e-27
0
1.91495e-09
0
0
-7.81289e-27
0
7.81289e-27
0
3.8299e-09
0
0
0
0
0
0
-3.8299e-09
0
-3.8299e-09
2.0001e-24
0
0
0
0
0
0
0
0
0
-8.0004e-24
0
0
0
0
0
0
0
-3.8299e-09
3.8299e-09
0
3.8299e-09
0
0
0
0
0
0
0
0
0
0
-1.95322e-27
0
1.91495e-09
0
0
0
0
3.8299e-09
-3.8299e-09
0
0
3.8299e-09
3.8299e-09
0
0
-3.8299e-09
-4.0002e-24
0
8.0004e-24
0
0
0
0
2.0001e-24
0
0
-4.0002e-24
4.0002e-24
0
3.8299e-09
0
0
0
8.0004e-24
0
0
3.8299e-09
0
-3.8299e-09
0
-3.8299e-09
0
0
0
0
0
0
0
0
0
1.91495e-09
0
0
0
0
0
0
0
-3.8299e-09
-3.8299e-09
0
0
0
0
0
-4.0002e-24
0
0
0
0
0
0
0
0
0
2.0001e-24
0
0
-3.8299e-09
0
0
0
0
0
0
0
0
-3.8299e-09
0
3.8299e-09
0
0
0
0
0
0
0
0
0
0
-1.19215e-31
0
0
0
0
-2.98038e-32
5.96076e-32
1.90744e-30
0
6.10382e-29
-3.8299e-09
0
3.90645e-27
0
0
0
3.8299e-09
0
0
0
0
-3.8299e-09
3.8299e-09
0
-3.8299e-09
0
0
0
0
0
0
0
0
2.98038e-32
3.8299e-09
-3.8299e-09
0
0
0
3.8299e-09
0
0
0
-9.53722e-31
0
1.91495e-09
3.05191e-29
0
3.72548e-33
2.38431e-31
0
0
0
0
0
0
0
0
4.88306e-28
3.8299e-09
0
0
0
0
-3.8299e-09
-1.56258e-26
0
7.81289e-27
0
0
0
0
0
-3.8299e-09
0
3.8299e-09
3.8299e-09
0
0
3.8299e-09
3.12516e-26
-3.8299e-09
-3.8299e-09
-3.8299e-09
0
-3.8299e-09
-3.8299e-09
-3.8299e-09
0
0
0
0
7.62978e-30
3.05191e-29
1.91495e-09
0
0
0
0
0
0
0
0
-3.8299e-09
-3.8299e-09
3.8299e-09
0
3.8299e-09
3.8299e-09
0
0
0
3.12516e-26
0
0
-3.8299e-09
0
0
-3.8299e-09
0
0
-5.00025e-25
0
0
0
0
3.12516e-26
0
0
-3.8299e-09
3.8299e-09
1.19215e-31
0
0
3.8299e-09
0
3.8299e-09
-3.8299e-09
0
0
-1.91495e-09
1.91495e-09
0
0
-4.88306e-28
0
7.45096e-33
0
0
0
0
0
0
0
0
1.95322e-27
0
0
0
0
0
-3.8299e-09
3.8299e-09
3.8299e-09
3.8299e-09
0
3.8299e-09
-2.50013e-25
-5.00025e-25
0
0
-3.8299e-09
0
0
3.12516e-26
0
-3.8299e-09
3.12516e-26
-3.8299e-09
0
0
1.52596e-29
2.44153e-28
-3.8299e-09
3.8299e-09
0
0
0
-1.91495e-09
-1.91495e-09
0
0
0
0
0
0
-9.53722e-31
0
0
0
0
-3.8299e-09
-4.76861e-31
2.44153e-28
0
0
0
0
0
0
3.8299e-09
-3.8299e-09
0
0
3.8299e-09
-3.8299e-09
2.50013e-25
3.8299e-09
0
0
3.8299e-09
0
0
0
0
-3.8299e-09
0
0
0
0
0
3.8299e-09
7.81289e-27
1.56258e-26
0
0
0
0
0
-1.91495e-09
1.91495e-09
0
9.76612e-28
0
0
0
-1.91495e-09
-1.91495e-09
-1.91495e-09
0
3.8299e-09
3.8299e-09
0
3.8299e-09
-6.25031e-26
-1.25006e-25
3.8299e-09
-1.56258e-26
-3.8299e-09
-3.12516e-26
-3.8299e-09
0
0
0
0
0
0
0
0
0
0
-3.8299e-09
-3.8299e-09
0
0
3.8299e-09
0
3.8299e-09
4.76861e-31
0
0
0
3.8299e-09
-3.8299e-09
-3.8299e-09
1.91495e-09
-1.91495e-09
-1.91495e-09
0
0
1.91495e-09
0
3.72548e-33
-1.91495e-09
0
0
6.10382e-29
0
0
0
-3.8299e-09
0
-3.8299e-09
0
0
0
0
3.8299e-09
-3.8299e-09
3.8299e-09
0
0
0
-3.8299e-09
0
3.8299e-09
3.8299e-09
0
0
0
0
-3.8299e-09
0
0
0
0
3.8299e-09
-3.8299e-09
0
0
0
0
0
0
0
-1.91495e-09
1.91495e-09
-1.91495e-09
0
2.44153e-28
-1.91495e-09
0
0
0
0
6.10382e-29
0
0
0
0
-3.05191e-29
0
0
3.8299e-09
0
0
7.81289e-27
-3.8299e-09
3.8299e-09
0
0
0
0
0
-3.8299e-09
-2.50013e-25
0
3.8299e-09
-3.8299e-09
3.8299e-09
0
-3.8299e-09
0
0
-3.8299e-09
-3.8299e-09
0
0
0
0
7.81289e-27
0
7.81289e-27
0
0
0
0
2.44153e-28
2.44153e-28
0
0
1.16421e-34
0
0
3.72548e-33
0
0
0
0
0
0
0
0
-9.53722e-31
1.95322e-27
0
3.90645e-27
3.8299e-09
0
-3.8299e-09
0
0
3.8299e-09
0
0
-3.8299e-09
0
0
0
0
0
0
3.8299e-09
0
0
0
0
0
0
0
0
-2.38431e-31
0
5.82106e-35
0
0
0
0
0
0
0
0
0
0
0
0
-3.72548e-33
0
0
0
0
-2.38431e-31
0
0
0
0
-3.8299e-09
3.8299e-09
0
0
0
0
0
3.8299e-09
-3.8299e-09
0
3.8299e-09
0
0
0
0
-3.8299e-09
-3.8299e-09
0
0
0
0
0
0
0
0
0
0
0
0
0
1.45526e-35
0
0
0
0
0
0
0
-2.32842e-34
0
0
1.86274e-33
0
0
0
0
0
0
0
0
-3.8299e-09
0
0
-7.81289e-27
0
-3.8299e-09
0
0
3.8299e-09
-3.12516e-26
0
3.8299e-09
-3.8299e-09
-3.8299e-09
0
3.8299e-09
7.81289e-27
0
3.72548e-33
1.86274e-33
-3.72548e-33
0
0
-2.98038e-32
0
-3.63816e-36
0
0
0
0
0
0
0
4.5477e-37
0
-4.5477e-37
0
0
9.31369e-34
0
9.31369e-34
0
-1.49019e-32
0
0
0
3.8299e-09
0
0
0
0
0
0
0
-7.81289e-27
-3.8299e-09
0
0
0
0
0
0
0
0
0
0
0
0
-9.31369e-34
0
0
0
0
0
0
0
0
0
0
0
0
0
0
0
0
0
5.82106e-35
0
0
0
0
0
0
0
0
-1.22076e-28
0
0
0
-3.90645e-27
0
0
-3.90645e-27
3.90645e-27
3.90645e-27
0
0
7.81289e-27
0
0
0
0
0
4.88306e-28
9.76612e-28
0
4.65685e-34
0
0
0
0
0
0
0
3.55289e-39
0
0
0
0
0
0
0
0
0
0
0
0
0
0
0
-1.86274e-33
0
1.49019e-32
0
0
0
0
-4.88306e-28
0
-3.90645e-27
0
-3.8299e-09
-1.95322e-27
0
0
0
0
-6.10382e-29
0
-3.05191e-29
0
0
0
0
2.32842e-34
0
0
0
0
0
0
0
8.88223e-40
0
0
0
0
0
-1.91495e-09
0
0
0
0
0
0
0
9.53722e-31
0
0
0
7.45096e-33
0
-9.76612e-28
9.76612e-28
0
0
-3.8299e-09
0
3.8299e-09
0
0
0
-3.8299e-09
0
0
3.90645e-27
-3.8299e-09
0
3.8299e-09
-3.8299e-09
9.76612e-28
0
0
0
-3.8299e-09
0
-4.76861e-31
0
-7.45096e-33
0
0
0
0
0
0
0
0
9.53722e-31
0
0
0
1.49019e-32
0
-1.91495e-09
0
0
0
-3.8299e-09
0
7.45096e-33
-3.8299e-09
0
-3.8299e-09
0
0
0
3.8299e-09
0
0
0
0
0
0
-7.81289e-27
0
0
0
-4.88306e-28
9.76612e-28
3.8299e-09
0
4.88306e-28
0
0
0
0
0
-3.8299e-09
0
0
0
0
1.19215e-31
0
0
7.27632e-36
0
0
1.91495e-09
0
0
0
0
0
0
0
3.8299e-09
0
-3.8299e-09
0
-9.76612e-28
0
0
0
0
0
0
0
0
0
-3.8299e-09
0
0
0
-3.8299e-09
3.8299e-09
0
0
0
0
-3.8299e-09
0
0
0
3.8299e-09
0
3.8299e-09
0
-1.52596e-29
-3.81489e-30
0
0
0
0
0
0
0
-1.91495e-09
-1.91495e-09
-1.91495e-09
-1.91495e-09
0
3.8299e-09
2.44153e-28
0
1.52596e-29
3.8299e-09
-1.49019e-32
0
-3.8299e-09
3.8299e-09
0
-1.95322e-27
-3.8299e-09
0
0
0
0
0
-3.8299e-09
0
0
0
0
0
-4.88306e-28
-9.76612e-28
0
0
0
-3.8299e-09
0
0
-6.10382e-29
0
0
-3.8299e-09
3.05191e-29
-1.91495e-09
0
1.91495e-09
0
0
-1.45526e-35
0
0
1.91495e-09
0
-5.96076e-32
0
0
3.8299e-09
0
0
3.8299e-09
-3.8299e-09
-3.8299e-09
0
-3.8299e-09
0
0
0
0
0
9.76612e-28
0
0
0
0
0
0
0
0
3.8299e-09
0
0
0
0
0
-7.81289e-27
0
0
0
0
0
-3.8299e-09
0
0
-1.91495e-09
0
0
0
0
0
0
0
0
0
0
0
0
0
-3.8299e-09
0
0
0
3.8299e-09
-3.90645e-27
0
0
-3.8299e-09
0
0
0
6.25031e-26
0
0
-3.8299e-09
-3.12516e-26
-1.56258e-26
0
0
0
0
-3.8299e-09
0
0
3.8299e-09
0
3.8299e-09
0
0
0
-3.8299e-09
0
1.91495e-09
0
-1.91495e-09
1.91495e-09
0
0
0
0
7.62978e-30
0
0
0
0
2.32842e-34
0
0
-3.8299e-09
3.8299e-09
0
3.8299e-09
-3.8299e-09
0
0
0
-1.95322e-27
0
0
0
0
3.12516e-26
0
0
3.8299e-09
0
0
0
0
0
0
0
-3.8299e-09
0
0
3.8299e-09
0
0
0
0
0
0
0
0
0
0
-1.91495e-09
0
0
0
0
0
0
0
0
0
0
-3.8299e-09
0
0
0
-3.8299e-09
-3.90645e-27
3.8299e-09
0
0
3.8299e-09
0
0
0
-7.81289e-27
0
0
-3.8299e-09
-1.56258e-26
0
0
0
0
-4.88306e-28
0
0
0
3.8299e-09
0
3.8299e-09
0
1.19215e-31
0
-3.8299e-09
0
0
-3.81489e-30
0
1.16421e-34
0
0
-5.82106e-35
0
0
-1.45526e-35
0
1.45526e-35
0
0
0
0
0
-1.86274e-33
0
1.86274e-33
-3.8299e-09
0
0
-3.8299e-09
0
0
-3.8299e-09
0
0
0
0
0
0
0
0
-3.8299e-09
-3.8299e-09
3.8299e-09
0
-3.8299e-09
0
0
0
-1.86274e-33
0
0
0
0
0
0
0
0
0
0
0
0
0
0
0
4.5477e-37
0
0
0
0
0
0
0
-9.31369e-34
0
0
0
0
0
0
0
2.44153e-28
-3.8299e-09
0
1.95322e-27
0
0
0
0
0
0
0
3.8299e-09
-3.8299e-09
0
-1.22076e-28
4.65685e-34
0
0
0
4.65685e-34
0
0
0
-2.27385e-37
0
-9.09541e-37
0
0
0
0
0
0
0
0
0
0
0
0
0
0
0
0
0
-3.8299e-09
0
0
6.10382e-29
0
-3.8299e-09
0
0
-3.8299e-09
-9.76612e-28
3.8299e-09
0
1.95322e-27
0
0
3.05191e-29
0
0
0
0
0
0
-1.16421e-34
0
0
0
0
0
0
0
0
0
0
0
0
0
0
0
0
0
0
0
0
0
0
-1.16421e-34
0
0
0
0
0
0
0
0
0
0
0
0
0
0
0
0
0
0
0
0
0
0
0
-6.10382e-29
0
0
0
0
-1.16421e-34
-2.32842e-34
0
0
3.55289e-39
-1.13693e-37
0
0
-1.77645e-39
0
0
1.42116e-38
8.88223e-40
0
0
1.77645e-39
0
0
0
-5.82106e-35
0
0
0
0
0
0
-1.52596e-29
0
0
0
0
0
-3.8299e-09
0
2.44153e-28
-3.8299e-09
0
-3.8299e-09
-7.62978e-30
0
0
0
0
0
0
0
0
0
0
0
0
0
-7.10579e-39
0
0
2.84231e-38
0
0
0
0
0
0
0
0
0
0
0
0
2.91053e-35
0
-2.91053e-35
0
0
-3.05191e-29
0
0
0
7.62978e-30
0
0
0
0
-3.8299e-09
0
0
0
-3.8299e-09
0
0
0
0
0
0
0
0
0
0
0
0
0
0
0
-1.38785e-41
0
0
0
0
0
)
;

boundaryField
{
    fuel
    {
        type            calculated;
        value           uniform 0;
    }
    primary_air
    {
        type            calculated;
        value           uniform 0;
    }
    Secondary_air_RHS
    {
        type            calculated;
        value           uniform 0;
    }
    Secondary_air_LHS
    {
        type            calculated;
        value           uniform 0;
    }
    outlet
    {
        type            calculated;
        value           uniform 0;
    }
    stove_body
    {
        type            calculated;
        value           uniform 0;
    }
    frontAndBack
    {
        type            empty;
    }
}


// ************************************************************************* //
