/*--------------------------------*- C++ -*----------------------------------*\
  =========                 |
  \\      /  F ield         | OpenFOAM: The Open Source CFD Toolbox
   \\    /   O peration     | Website:  https://openfoam.org
    \\  /    A nd           | Version:  6
     \\/     M anipulation  |
\*---------------------------------------------------------------------------*/
FoamFile
{
    version     2.0;
    format      ascii;
    class       volScalarField;
    location    "0.0025";
    object      Qdot;
}
// * * * * * * * * * * * * * * * * * * * * * * * * * * * * * * * * * * * * * //

dimensions      [1 -1 -3 0 0 0 0];

internalField   nonuniform List<scalar> 
3773
(
0
0
-3.63021e-06
0
0
3.63021e-06
3.63021e-06
0
0
0
0
0
0
0
0
0
0
0
0
0
2.202e-05
0
0
0
0
0
0
0
2.202e-05
-3.39234e-09
0
0
0
0
0
0
0
0
0
0
2.202e-05
0
0
0
0
0
3.63021e-06
0
0
1.37455e-06
4.53776e-07
-1.69617e-09
0
4.53776e-07
0
0
4.50384e-07
0
0
0
0
-3.39234e-09
0
6.88125e-07
0
0
6.84733e-07
6.88125e-07
4.50384e-07
6.91518e-07
-4.53776e-07
0
5.70951e-07
-3.39234e-09
3.44063e-07
-3.39234e-09
6.88125e-07
4.53776e-07
0
-3.39234e-09
-3.39234e-09
0
-3.39234e-09
4.57168e-07
4.53776e-07
0
0
0
-2.26888e-07
0
4.53776e-07
1.37625e-06
0
0
4.53776e-07
0
0
0
0
0
0
0
0
0
0
0
0
0
0
7.09025e-09
0
1.17175e-07
2.23496e-07
7.09025e-09
0
0
0
0
0
2.26888e-07
0
1.77256e-09
-1.61977e-09
0
0
0
0
0
0
7.09025e-09
3.39234e-09
0
0
3.44063e-07
0
0
-3.39234e-09
7.09025e-09
0
-3.39234e-09
3.42366e-07
0
2.8361e-08
0
0
0
3.44063e-07
0
8.86281e-10
0
2.68799e-09
0
0
-1.69617e-09
0
0
0
0
-2.83477e-09
0
0
0
3.39234e-09
2.2157e-10
0
3.35999e-10
-2.94919e-09
3.47455e-07
-3.39234e-09
0
0
-3.39234e-09
1.38481e-11
0
2.23496e-07
0
0
1.67999e-10
-3.39234e-09
-3.39234e-09
0
-3.39234e-09
5.70951e-07
0
0
0
3.35999e-10
0
0
0
0
-2.68799e-09
2.68799e-09
0
-1.69617e-09
-1.69617e-09
0
0
0
-1.69617e-09
8.39997e-11
1.10785e-10
-1.69617e-09
3.44063e-07
8.86281e-10
0
0
0
0
0
2.23496e-07
0
-3.39234e-09
-3.39234e-09
0
-2.94919e-09
2.26888e-07
-2.26888e-07
-3.39234e-09
-3.39234e-09
-3.39212e-09
0
0
0
5.70951e-07
3.39234e-09
-3.38887e-09
0
-3.38971e-09
0
2.23496e-07
0
0
0
0
-5.24998e-12
0
3.44063e-07
0
0
8.39997e-11
8.39997e-11
0
0
-1.69617e-09
0
0
0
0
0
8.39997e-11
0
0
0
0
-3.39234e-09
0
6.71997e-10
0
0
-3.39234e-09
0
0
0
0
2.26888e-07
2.26888e-07
-3.28155e-09
0
-3.39234e-09
3.39234e-09
1.34399e-09
0
0
0
0
0
0
0
-3.39234e-09
0
0
0
-3.39234e-09
0
0
3.44063e-07
-1.69617e-09
0
0
0
-1.69617e-09
0
0
0
0
0
0
0
0
0
0
0
0
0
0
0
0
-3.39234e-09
0
-3.39234e-09
0
0
0
-3.39234e-09
0
-3.39234e-09
-3.39234e-09
-3.39234e-09
-3.39234e-09
0
0
0
0
0
0
-3.39234e-09
0
0
0
0
0
0
0
0
0
0
0
0
0
-1.69617e-09
0
0
0
0
0
0
0
0
0
0
0
-3.89577e-12
3.89577e-12
0
0
0
0
0
-3.39234e-09
-3.39234e-09
-3.39234e-09
0
-3.39234e-09
0
-3.39234e-09
3.39234e-09
0
-3.39234e-09
0
0
0
0
-3.39234e-09
0
0
0
0
0
0
0
-3.39234e-09
3.89577e-12
-3.39234e-09
3.89577e-12
0
-1.69617e-09
0
-1.69617e-09
-1.69617e-09
-1.69617e-09
-1.69617e-09
0
1.90223e-15
0
0
1.69617e-09
1.90223e-15
-1.69617e-09
-3.39234e-09
0
0
-3.39234e-09
0
0
-3.39234e-09
0
0
-3.39233e-09
0
3.80446e-15
0
0
-3.39234e-09
-3.39234e-09
0
0
0
0
0
0
0
3.39234e-09
0
0
-3.39233e-09
0
1.90223e-15
3.39234e-09
0
0
-3.39233e-09
1.90223e-15
0
0
1.69617e-09
-1.69617e-09
0
-1.69617e-09
0
0
0
0
9.28824e-19
0
-1.69617e-09
0
0
0
0
0
0
0
0
-3.39234e-09
-3.39234e-09
0
-3.39234e-09
-3.39234e-09
0
3.39234e-09
-3.39234e-09
-3.39234e-09
-3.39234e-09
3.39234e-09
0
3.7153e-18
0
3.39234e-09
0
-3.39234e-09
-3.39234e-09
0
3.39234e-09
0
0
-3.39234e-09
-3.39234e-09
1.85765e-18
0
1.85765e-18
0
1.85765e-18
4.64412e-19
0
4.64412e-19
-1.69617e-09
0
0
-1.69617e-09
-1.69617e-09
0
0
-1.69617e-09
-1.69617e-09
0
0
0
0
-3.39234e-09
0
0
0
0
3.39234e-09
0
0
-3.39234e-09
0
-3.39234e-09
1.81411e-21
0
-3.39234e-09
-3.39234e-09
-3.39234e-09
-1.81411e-21
-3.39234e-09
0
3.62822e-21
0
0
-3.39234e-09
0
0
0
0
0
0
3.39234e-09
0
9.07055e-22
0
0
0
1.69617e-09
0
1.69617e-09
0
0
0
-1.69617e-09
0
-1.69617e-09
-1.69617e-09
0
0
-3.39234e-09
-3.39234e-09
0
-3.39234e-09
0
0
0
0
3.62822e-21
0
-3.39234e-09
0
-3.39234e-09
0
0
0
-3.39234e-09
-3.39234e-09
0
-3.39234e-09
0
0
-3.39234e-09
-3.39234e-09
0
-3.39234e-09
0
0
0
0
-3.39234e-09
0
3.39234e-09
-3.39234e-09
0
-1.69617e-09
0
-1.69617e-09
0
-1.69617e-09
-1.69617e-09
-1.69617e-09
-1.69617e-09
1.69617e-09
0
-1.69617e-09
-1.69617e-09
0
0
-3.39234e-09
3.39234e-09
0
0
-3.39234e-09
0
-3.39234e-09
-3.39234e-09
3.39234e-09
0
0
0
0
-3.39234e-09
0
0
0
0
0
0
0
0
3.39234e-09
0
0
-3.39234e-09
0
-3.39234e-09
0
-8.85796e-25
9.07055e-22
0
0
0
0
-1.69617e-09
-1.69617e-09
0
-1.69617e-09
0
0
0
-1.69617e-09
0
-1.69617e-09
-1.69617e-09
1.69617e-09
-1.69617e-09
-1.69617e-09
-3.39234e-09
-3.39234e-09
-3.39234e-09
-3.39234e-09
0
2.32206e-19
0
-3.39234e-09
0
0
-3.39234e-09
0
0
0
0
0
-2.83455e-23
0
0
0
0
-3.39234e-09
-3.39234e-09
0
0
0
-3.39234e-09
0
-3.39234e-09
-3.39234e-09
-3.39234e-09
-3.39234e-09
0
3.39234e-09
0
0
1.69617e-09
0
1.41727e-23
0
0
-1.69617e-09
-1.69617e-09
-1.69617e-09
3.46014e-27
0
7.08636e-24
0
0
-3.39234e-09
0
0
0
0
-2.26764e-22
0
0
0
0
0
0
7.08636e-24
-3.39234e-09
0
0
0
0
0
9.07055e-22
0
-3.39234e-09
0
0
2.76811e-26
0
0
-3.39234e-09
0
3.39234e-09
3.39234e-09
0
0
0
0
0
0
-1.69617e-09
0
0
0
-1.69617e-09
-1.69617e-09
-1.69617e-09
-1.69617e-09
-1.69617e-09
-1.69617e-09
-1.69617e-09
0
0
-3.39234e-09
0
-3.39234e-09
-3.39234e-09
0
-3.39234e-09
0
0
0
0
0
0
0
0
0
0
0
0
0
0
0
3.39234e-09
0
8.4476e-31
8.65035e-28
0
-3.39234e-09
0
-3.39234e-09
2.70323e-29
0
4.32517e-28
0
0
1.69617e-09
-1.69617e-09
0
0
0
0
0
0
-1.69617e-09
4.2238e-31
-1.69617e-09
0
-1.69617e-09
0
-3.39234e-09
3.39234e-09
-4.2238e-31
-4.12481e-34
0
-3.39234e-09
0
0
-3.39234e-09
5.27975e-32
-3.39234e-09
0
3.39234e-09
-3.39234e-09
0
0
0
0
0
0
0
-3.39234e-09
0
0
0
-3.39234e-09
0
0
0
-3.39234e-09
0
-3.39234e-09
0
0
-3.39234e-09
-1.69617e-09
0
0
0
6.59969e-33
-1.69617e-09
0
0
0
0
-1.69617e-09
1.69617e-09
0
-1.69617e-09
0
0
-3.39234e-09
-3.39234e-09
0
0
3.39234e-09
-3.39234e-09
0
-1.289e-35
2.51758e-38
-3.39234e-09
0
-3.39234e-09
0
0
0
0
0
0
0
0
8.24961e-34
-3.39234e-09
1.25879e-38
-3.39234e-09
-3.39234e-09
-3.39234e-09
-1.68952e-30
0
-3.39234e-09
0
0
2.0624e-34
1.05595e-31
0
0
0
0
0
-1.69617e-09
-1.69617e-09
0
0
0
0
0
-1.69617e-09
0
0
0
0
-3.39234e-09
1.57349e-39
-3.39234e-09
-3.39234e-09
0
0
7.86744e-40
0
-3.39234e-09
0
2.578e-35
0
0
0
-7.68305e-43
0
0
0
-3.39234e-09
0
3.93372e-40
0
0
-5.03516e-38
3.39234e-09
-3.39234e-09
0
3.93372e-40
-3.39234e-09
0
-3.39234e-09
0
-1.69617e-09
2.51758e-38
-1.69617e-09
-1.69617e-09
0
0
-1.69617e-09
-1.69617e-09
0
-1.69617e-09
-3.00119e-45
-1.69617e-09
6.14644e-42
1.57349e-39
3.39234e-09
-3.39234e-09
-3.39234e-09
0
0
-3.39234e-09
0
-3.39234e-09
0
4.80191e-44
-3.39234e-09
0
0
0
0
3.84153e-43
0
0
0
0
0
-3.39234e-09
0
-3.39234e-09
0
0
1.53661e-42
0
-3.39234e-09
-3.39234e-09
0
0
-3.39234e-09
9.60381e-44
0
0
0
1.69617e-09
0
0
0
-1.69617e-09
0
0
0
0
0
0
0
-3.39234e-09
0
0
7.50298e-46
0
0
0
0
0
0
0
1.5006e-45
-3.39234e-09
1.92076e-43
0
0
0
0
0
3.39234e-09
-3.39234e-09
0
0
-3.39234e-09
0
0
-3.39234e-09
-3.39234e-09
0
0
-3.39234e-09
-3.39234e-09
-3.39234e-09
2.40095e-44
0
0
0
0
0
0
-1.69617e-09
0
0
-1.69617e-09
-1.69617e-09
0
0
2.90257e-20
0
0
0
-3.39234e-09
-3.39234e-09
0
0
0
-3.39234e-09
-3.39234e-09
0
-3.39234e-09
0
0
0
0
0
0
0
0
0
0
3.39234e-09
-3.39234e-09
0
-3.39234e-09
-3.39234e-09
-3.39234e-09
-3.39234e-09
0
-3.39234e-09
0
0
0
0
0
0
0
0
3.54318e-24
-1.69617e-09
0
0
0
0
0
0
0
0
0
0
0
0
0
0
0
0
0
0
-3.39234e-09
-3.39234e-09
0
0
0
0
0
0
8.85796e-25
0
0
0
3.39234e-09
-3.39234e-09
-3.39234e-09
0
3.39234e-09
0
0
0
0
0
0
-3.39234e-09
0
0
0
-1.69617e-09
-1.69617e-09
0
0
0
0
0
-1.69617e-09
-1.69617e-09
-1.69617e-09
0
0
0
0
0
0
-3.39234e-09
3.39234e-09
0
0
0
0
0
0
-3.39234e-09
3.39234e-09
0
0
0
0
0
0
0
0
-3.39234e-09
-3.39234e-09
3.39234e-09
-3.39234e-09
0
0
0
0
0
-3.39234e-09
0
-3.39234e-09
0
0
-1.69617e-09
0
0
0
-1.69617e-09
-1.69617e-09
0
-1.69617e-09
0
0
0
0
0
0
0
0
-3.39234e-09
-3.39234e-09
-3.39234e-09
0
0
0
0
0
2.76811e-26
-3.39234e-09
-3.39234e-09
-3.39234e-09
0
0
0
0
0
0
0
0
0
0
-3.39234e-09
0
-3.39234e-09
0
0
-3.39234e-09
-3.39234e-09
2.76811e-26
0
3.39234e-09
-3.39234e-09
0
0
0
-1.69617e-09
0
-1.69617e-09
0
0
0
0
-1.69617e-09
-1.69617e-09
-1.69617e-09
-1.69617e-09
0
-3.39234e-09
0
0
3.39234e-09
0
-3.39234e-09
-3.39234e-09
-3.39234e-09
2.76811e-26
-3.39234e-09
-3.39234e-09
-3.39234e-09
0
0
0
0
0
0
0
0
0
0
-3.39234e-09
0
0
-3.39234e-09
0
3.39234e-09
-3.39234e-09
0
-3.39234e-09
-3.39234e-09
3.39234e-09
0
-1.69617e-09
0
0
0
0
0
-1.69617e-09
-1.69617e-09
0
-1.69617e-09
-1.69617e-09
0
7.25644e-21
0
-3.39234e-09
0
0
0
0
0
3.39234e-09
0
0
-3.39234e-09
0
0
-3.39234e-09
0
0
0
0
0
0
0
0
-3.39234e-09
-3.39234e-09
0
-3.39234e-09
0
0
0
0
0
-3.39234e-09
0
0
0
3.39234e-09
0
-1.69617e-09
1.69617e-09
0
0
0
0
-1.69617e-09
0
-1.69617e-09
0
0
0
0
-3.39234e-09
0
0
0
-3.39234e-09
0
0
0
0
0
0
0
3.39234e-09
0
0
0
0
0
0
0
0
0
0
0
0
1.41727e-23
-3.39234e-09
0
-3.39234e-09
0
0
3.39234e-09
0
0
-3.39234e-09
0
0
0
0
0
0
-1.69617e-09
0
0
-1.69617e-09
7.32713e-49
0
4.68936e-47
0
0
2.93085e-48
0
-3.39234e-09
0
0
-3.39234e-09
0
-3.39234e-09
0
5.72432e-51
9.15891e-50
0
0
4.57946e-50
0
0
0
1.43108e-51
0
0
7.32713e-49
0
0
0
0
0
0
-3.39234e-09
1.17234e-47
-3.39234e-09
0
0
0
-3.39234e-09
0
0
0
-5.8617e-48
0
0
0
0
4.47212e-53
0
-1.69617e-09
0
0
0
0
-3.39234e-09
0
-3.39234e-09
0
0
0
0
-3.39234e-09
0
5.59016e-54
2.23606e-53
0
0
0
0
0
0
0
0
0
0
-3.39234e-09
0
0
0
0
3.39234e-09
0
0
-3.39234e-09
0
2.79508e-54
0
0
0
0
5.72432e-51
-1.69617e-09
0
0
0
5.59016e-54
0
0
-1.69617e-09
0
0
0
0
0
4.36731e-56
0
0
0
0
-3.39234e-09
0
0
0
-1.74692e-55
0
-3.39234e-09
0
-2.72957e-57
0
0
0
0
0
0
0
0
0
0
6.82392e-58
0
0
0
0
-3.39234e-09
0
0
0
0
0
4.47212e-53
5.59016e-54
2.18365e-56
0
0
0
0
0
0
0
0
0
6.82392e-58
0
-3.39234e-09
0
3.49385e-55
0
0
-3.39234e-09
3.41196e-58
0
0
0
0
-3.41196e-58
0
0
0
0
6.82392e-58
0
0
-3.39234e-09
-4.36731e-56
0
5.45914e-57
2.13248e-59
-3.39234e-09
0
0
-3.39234e-09
0
0
0
0
0
0
0
0
-1.69617e-09
0
0
0
0
0
0
0
0
0
0
0
0
-3.39234e-09
-4.36731e-56
0
0
0
0
0
0
0
-2.18365e-56
0
0
0
0
1.70598e-58
0
0
3.41196e-58
0
-3.39234e-09
0
0
0
5.33119e-60
-3.39234e-09
0
-3.39234e-09
0
3.39234e-09
0
0
0
0
0
0
0
-1.69617e-09
-1.69617e-09
0
2.72957e-57
0
0
0
1.69617e-09
0
-3.49385e-55
0
-3.39234e-09
0
0
0
0
3.39234e-09
-3.39234e-09
3.39234e-09
0
0
0
0
1.09183e-56
-3.39234e-09
0
0
0
0
0
0
0
0
-3.39234e-09
0
0
0
-3.39234e-09
-1.3328e-60
0
-3.39234e-09
-3.39234e-09
0
-3.39234e-09
0
0
0
0
1.74692e-55
0
-1.69617e-09
0
0
2.72957e-57
-1.69617e-09
-1.69617e-09
0
0
8.73462e-56
1.74692e-55
3.39234e-09
0
-3.39234e-09
0
0
3.39234e-09
-3.39234e-09
0
-3.39234e-09
0
0
0
0
3.39234e-09
0
1.06624e-59
0
0
0
0
0
-3.39234e-09
-3.39234e-09
0
0
0
0
3.33199e-61
0
-3.39234e-09
0
1.70598e-58
3.39234e-09
0
0
0
0
-1.69617e-09
6.82392e-58
-1.69617e-09
-1.69617e-09
0
0
0
3.33199e-61
0
-1.69617e-09
1.3328e-60
-1.69617e-09
0
1.36478e-57
0
0
0
0
0
0
0
0
0
0
0
0
0
0
0
0
0
0
0
5.59016e-54
4.26495e-59
0
0
0
0
0
0
0
0
0
0
0
0
-1.69617e-09
0
0
0
-1.69617e-09
0
-1.69617e-09
0
0
0
0
0
0
-1.69617e-09
0
0
0
6.66398e-61
0
1.3328e-60
0
0
0
5.20624e-63
0
-3.39234e-09
-3.39234e-09
0
0
0
0
0
0
1.30156e-63
0
0
6.66398e-61
0
0
-3.39234e-09
0
0
0
-3.39234e-09
0
0
0
0
8.13475e-65
0
0
0
3.2539e-64
0
0
6.5078e-64
1.39754e-54
0
5.33119e-60
0
0
2.13248e-59
0
0
0
0
0
0
0
0
0
0
0
0
0
0
0
0
6.5078e-64
0
0
0
2.60312e-63
0
0
0
0
0
-3.39234e-09
0
0
0
0
0
0
0
0
0
0
8.32998e-62
0
0
-1.69617e-09
0
0
0
0
-2.13248e-59
4.26495e-59
0
0
0
0
0
0
0
-3.39234e-09
0
0
0
-3.39234e-09
0
1.04125e-62
0
0
0
0
0
0
0
0
0
0
0
0
0
-3.39234e-09
-3.39234e-09
0
-3.39234e-09
2.13248e-59
3.2539e-64
0
-3.39234e-09
0
-3.2539e-64
0
0
0
0
0
0
0
1.04125e-62
0
0
0
0
0
0
0
0
0
0
0
1.3328e-60
0
0
0
-3.39234e-09
3.2539e-64
-3.39234e-09
0
-3.39234e-09
-3.39234e-09
0
0
0
0
0
0
0
0
0
0
0
0
-3.39234e-09
6.35527e-67
0
0
0
0
1.62695e-64
0
4.06737e-65
0
5.20624e-63
0
0
0
0
0
0
0
0
2.72957e-57
0
0
0
0
0
0
-3.39234e-09
0
0
0
0
0
0
-3.39234e-09
-3.39234e-09
-3.39234e-09
0
-3.39234e-09
-3.39234e-09
0
0
0
-3.39234e-09
-3.39234e-09
-3.39234e-09
0
7.94409e-68
0
0
0
0
3.33199e-61
-3.39234e-09
3.2539e-64
0
0
0
0
0
0
0
0
0
8.32998e-62
0
0
0
0
0
1.09183e-56
0
0
-3.39234e-09
-3.39234e-09
0
1.36478e-57
0
8.5299e-59
0
0
-3.39234e-09
-3.39234e-09
-3.39234e-09
-3.39234e-09
-3.39234e-09
4.06737e-65
-3.39234e-09
0
0
-3.39234e-09
-3.39234e-09
0
-3.39234e-09
0
1.30156e-63
0
-3.39234e-09
0
-3.39234e-09
0
-3.39234e-09
0
0
-1.666e-61
0
0
0
0
0
0
0
0
3.33199e-61
0
0
0
0
0
0
0
0
0
0
0
6.5078e-64
0
0
-3.39234e-09
0
8.13475e-65
0
0
0
0
0
0
0
5.08422e-66
2.03369e-65
0
0
0
0
0
0
0
0
0
0
0
0
0
0
0
0
1.78885e-52
0
-1.69617e-09
0
0
0
0
0
0
0
0
0
0
0
6.98769e-55
0
5.20624e-63
0
0
1.30156e-63
0
0
0
-3.39234e-09
-3.39234e-09
0
0
0
0
0
3.2539e-64
0
0
0
0
4.26495e-59
0
-3.39234e-09
3.39234e-09
0
0
0
0
0
0
0
0
0
0
0
-2.66559e-60
-1.69617e-09
0
0
0
0
0
0
0
8.32998e-62
0
0
0
0
0
0
0
0
0
0
0
0
0
-3.39234e-09
0
0
0
0
0
0
0
0
0
0
0
0
-3.39234e-09
-3.39234e-09
0
-2.60312e-63
0
-3.41196e-58
-3.39234e-09
-3.39234e-09
0
3.33199e-61
1.666e-61
0
0
-1.69617e-09
0
0
-1.69617e-09
0
0
0
0
3.33199e-61
3.33199e-61
0
1.666e-61
0
0
0
0
0
0
0
0
0
3.2539e-64
0
-3.39234e-09
-3.39234e-09
0
0
-2.66559e-60
0
0
0
0
0
0
0
1.04125e-62
0
-3.39234e-09
2.60312e-63
0
-3.39234e-09
-3.39234e-09
0
0
0
0
0
0
0
0
0
0
0
0
0
0
6.66398e-61
0
0
0
0
-1.69617e-09
8.5299e-59
2.60312e-63
0
0
0
-3.39234e-09
0
0
0
-3.39234e-09
0
-3.39234e-09
0
0
0
0
2.03369e-65
0
-2.54211e-66
6.35527e-67
0
0
2.60312e-63
-3.39234e-09
-3.39234e-09
0
0
0
0
1.666e-61
0
0
0
0
0
0
0
0
0
0
0
0
0
0
0
0
0
0
0
0
0
0
0
3.33199e-61
0
0
3.33199e-61
0
0
-3.39234e-09
4.06737e-65
5.08422e-66
0
0
0
-3.39234e-09
0
-3.39234e-09
-3.39234e-09
1.01684e-65
0
0
0
0
0
0
-3.39234e-09
-3.39234e-09
0
-2.66559e-60
0
0
0
0
0
0
0
6.82392e-58
0
0
0
0
5.33119e-60
0
0
8.5299e-59
0
0
0
0
0
0
0
0
-3.39234e-09
0
0
-3.39234e-09
0
5.20624e-63
-4.16499e-62
0
0
-3.39234e-09
2.03369e-65
0
0
-3.39234e-09
-3.39234e-09
0
0
0
-3.39234e-09
-3.39234e-09
0
-3.39234e-09
0
0
0
0
0
0
0
-3.39234e-09
0
1.36478e-57
0
0
0
0
0
-1.69617e-09
-1.69617e-09
-1.69617e-09
0
-1.69617e-09
7.7579e-71
0
-3.39234e-09
2.31203e-78
-3.39234e-09
-1.4797e-76
0
0
0
0
0
0
0
0
0
0
1.80628e-80
0
0
0
0
2.42434e-72
9.93011e-69
0
0
0
0
0
0
0
-3.39234e-09
0
0
0
0
0
0
-1.69617e-09
0
4.73505e-75
-1.69617e-09
0
0
1.69617e-09
0
-1.69617e-09
-1.69617e-09
0
0
-1.69617e-09
0
-3.39234e-09
9.24814e-78
0
5.91881e-76
-3.39234e-09
0
3.17764e-67
-3.39234e-09
0
-3.39234e-09
-3.39234e-09
0
-3.39234e-09
0
0
0
0
0
0
0
0
0
0
0
-3.39234e-09
0
-3.39234e-09
0
0
0
-3.39234e-09
-3.39234e-09
0
-3.39234e-09
0
0
-1.69617e-09
-1.69617e-09
0
0
0
0
-1.69617e-09
0
0
1.89402e-74
1.51521e-73
1.69617e-09
2.03369e-65
-3.39234e-09
0
0
-2.36752e-75
0
0
0
0
-3.39234e-09
1.84963e-77
-3.39234e-09
0
0
0
0
-3.39234e-09
3.39234e-09
-3.39234e-09
0
0
0
0
0
0
-3.39234e-09
0
0
-5.08422e-66
-3.39234e-09
-3.39234e-09
0
0
0
0
0
-1.69617e-09
0
-1.69617e-09
0
-1.69617e-09
0
0
-1.84963e-77
0
0
-1.69617e-09
0
0
0
0
-3.39234e-09
0
0
0
0
2.54211e-66
0
-3.39234e-09
0
-3.39234e-09
-3.39234e-09
0
0
-3.39234e-09
3.39234e-09
-7.39851e-77
-3.39234e-09
3.39234e-09
0
0
-3.39234e-09
-3.39234e-09
0
0
-3.39234e-09
0
-3.39234e-09
-3.39234e-09
3.39234e-09
-3.39234e-09
0
0
0
0
0
-1.69617e-09
0
0
0
0
0
0
0
-1.69617e-09
-1.69617e-09
0
0
8.13475e-65
-3.39234e-09
0
0
0
0
3.10316e-70
0
-3.39234e-09
-3.39234e-09
-3.39234e-09
0
0
9.69737e-72
-3.39234e-09
0
-3.39234e-09
0
5.91881e-76
0
0
1.98602e-68
0
0
0
0
0
0
0
3.39234e-09
0
0
0
0
0
-3.39234e-09
0
0
0
0
0
0
0
0
-1.69617e-09
0
7.57607e-74
6.06086e-73
0
0
0
0
2.36752e-75
0
7.57607e-74
0
6.35527e-67
-3.39234e-09
-3.39234e-09
-3.39234e-09
0
0
0
0
0
0
-3.39234e-09
-3.39234e-09
0
0
-3.39234e-09
-3.39234e-09
0
3.39234e-09
-3.39234e-09
0
0
3.17764e-67
0
0
0
1.21217e-72
0
0
0
0
0
0
0
0
0
-1.69617e-09
0
0
1.89402e-74
0
0
-1.69617e-09
-8.13475e-65
0
0
0
-3.39234e-09
0
0
0
-3.39234e-09
0
0
-3.39234e-09
-3.39234e-09
0
0
0
0
-3.39234e-09
3.39234e-09
-3.39234e-09
0
0
0
0
0
0
-3.39234e-09
-3.39234e-09
1.27105e-66
5.91881e-76
0
0
0
0
9.93011e-69
0
0
0
0
0
0
0
0
-8.48084e-10
-8.48084e-10
0
0
0
-8.48084e-10
-8.48084e-10
-3.39234e-09
0
0
1.84963e-77
0
9.47009e-75
1.21217e-72
0
0
-3.39234e-09
-3.39234e-09
0
3.03043e-73
0
0
0
0
-3.39234e-09
-3.39234e-09
1.93947e-71
0
0
1.84963e-77
0
0
-3.39234e-09
-3.39234e-09
0
0
3.61255e-80
0
0
0
0
0
0
-8.48084e-10
0
0
7.7579e-71
0
0
0
0
2.25785e-81
0
0
0
0
0
0
0
2.82231e-82
0
0
0
0
0
-3.39234e-09
0
1.18376e-75
0
0
0
0
0
-3.39234e-09
-3.39234e-09
0
7.7579e-71
-3.39234e-09
-3.39234e-09
-3.39234e-09
0
0
0
0
0
0
0
0
0
0
0
0
0
0
0
0
0
0
0
6.72891e-89
0
0
2.20493e-84
0
0
0
0
0
0
-7.05577e-83
0
2.89004e-79
4.40986e-84
0
0
0
0
4.73505e-75
-3.39234e-09
0
-3.39234e-09
0
-3.39234e-09
0
0
0
0
0
0
0
0
0
0
0
0
0
0
0
0
0
0
0
2.75616e-85
0
0
0
0
0
0
0
0
0
0
0
0
8.41113e-90
0
0
0
0
0
2.75616e-85
0
0
0
0
-3.39234e-09
0
-3.39234e-09
-3.39234e-09
0
0
-3.39234e-09
3.39234e-09
0
0
5.64461e-82
-3.39234e-09
0
0
0
0
0
0
0
0
0
0
0
0
0
0
0
0
0
5.51232e-85
0
0
0
6.5712e-92
0
1.34578e-88
8.613e-87
0
0
0
0
6.8904e-86
4.40986e-84
0
8.613e-87
-3.39234e-09
0
0
0
0
0
2.20493e-84
0
0
0
0
0
0
0
-3.39234e-09
0
0
0
2.9594e-76
0
0
0
0
0
0
0
-1.80628e-80
0
5.13375e-94
0
0
0
0
0
0
0
0
0
0
0
1.68223e-89
0
0
0
0
4.3065e-87
0
0
0
0
1.10246e-84
0
4.51569e-81
0
0
0
4.40986e-84
0
0
0
0
0
0
0
0
0
0
0
0
0
2.10278e-90
0
4.3065e-87
2.75616e-85
0
0
0
0
0
0
2.62848e-91
0
0
1.52998e-101
0
0
0
2.56687e-94
1.6428e-92
0
0
0
0
0
0
0
1.10246e-84
0
0
0
0
0
0
1.15602e-78
0
0
0
0
1.12892e-81
0
0
0
0
0
-2.82231e-82
0
0
0
-3.39234e-09
0
0
0
0
0
0
0
0
0
0
0
0
0
8.13475e-65
0
0
0
-1.69617e-09
0
2.9594e-76
-3.39234e-09
-2.48253e-69
0
0
0
3.39234e-09
0
0
3.10316e-70
7.57607e-74
0
0
0
0
0
0
0
0
0
0
0
0
0
0
0
0
0
0
0
-3.39234e-09
-3.39234e-09
0
-3.39234e-09
3.39234e-09
0
0
-1.69617e-09
0
-1.69617e-09
-1.69617e-09
0
-1.69617e-09
3.2539e-64
-1.69617e-09
0
0
0
-1.69617e-09
-1.69617e-09
0
0
0
-3.39234e-09
0
-3.39234e-09
0
-3.39234e-09
0
0
0
-3.39234e-09
0
0
0
0
2.36752e-75
0
0
0
1.15602e-78
-3.39234e-09
0
0
0
0
0
0
0
0
-3.39234e-09
-3.39234e-09
0
-3.39234e-09
4.51569e-81
0
0
0
3.69925e-77
0
0
1.69617e-09
0
0
0
0
3.03043e-73
0
0
1.62695e-64
0
0
-6.06086e-73
-7.57607e-74
0
0
5.08422e-66
-3.39234e-09
6.06086e-73
7.57607e-74
0
1.18376e-75
0
0
0
0
0
0
0
0
0
-3.39234e-09
0
-2.31203e-78
0
-3.39234e-09
1.12892e-81
0
0
5.91881e-76
0
0
3.39234e-09
1.80628e-80
0
0
4.73505e-75
-1.69617e-09
1.84963e-77
0
0
-1.69617e-09
-1.69617e-09
-1.69617e-09
0
1.69617e-09
0
-1.69617e-09
0
0
0
0
0
-3.39234e-09
-3.39234e-09
5.08422e-66
2.48253e-69
0
-3.39234e-09
-3.39234e-09
0
0
0
-3.39234e-09
-3.39234e-09
0
-3.39234e-09
7.39851e-77
0
-3.39234e-09
0
7.39851e-77
4.62407e-78
0
0
-3.39234e-09
0
0
0
0
0
-3.39234e-09
-3.39234e-09
0
7.7579e-71
-1.69617e-09
0
-1.69617e-09
0
0
-1.69617e-09
0
0
9.69737e-72
0
0
0
0
0
0
0
0
-3.78804e-74
0
0
0
-3.39234e-09
0
0
0
0
-3.39234e-09
-3.39234e-09
-3.39234e-09
-3.39234e-09
-3.39234e-09
7.39851e-77
1.84963e-77
0
0
0
0
0
3.39234e-09
4.51569e-81
0
0
0
0
0
-3.39234e-09
-3.39234e-09
0
0
0
-1.18376e-75
1.69617e-09
0
-1.69617e-09
0
0
0
9.69737e-72
0
0
0
1.62695e-64
0
0
0
0
0
-3.39234e-09
0
0
3.39234e-09
3.39234e-09
-3.39234e-09
-3.39234e-09
-3.39234e-09
-3.97204e-68
0
-3.39234e-09
-3.39234e-09
0
0
-3.39234e-09
3.39234e-09
0
-3.39234e-09
0
0
-3.39234e-09
-3.39234e-09
0
0
0
0
0
4.62407e-78
0
0
0
0
-1.69617e-09
0
-1.69617e-09
5.78009e-79
0
3.17764e-67
0
0
0
0
0
0
0
0
2.42434e-72
3.03043e-73
0
2.36752e-75
3.39234e-09
-3.39234e-09
3.39234e-09
0
0
0
0
0
0
-3.39234e-09
-3.39234e-09
0
0
0
-3.39234e-09
1.51521e-73
0
-3.39234e-09
-3.39234e-09
2.89004e-79
0
0
0
0
0
0
0
0
0
0
0
0
0
0
0
-8.48084e-10
0
-8.48084e-10
0
-8.48084e-10
-8.48084e-10
0
0
0
0
1.18376e-75
0
0
0
-3.39234e-09
0
0
0
0
-3.39234e-09
0
0
-3.39234e-09
1.51521e-73
0
3.69925e-77
-3.39234e-09
0
0
0
-3.39234e-09
2.89004e-79
0
-2.25785e-81
0
0
0
0
0
0
0
-3.39234e-09
-8.48084e-10
-8.48084e-10
8.48084e-10
-8.48084e-10
8.48084e-10
-8.48084e-10
-8.48084e-10
3.78804e-74
0
0
0
0
0
0
0
0
0
0
0
7.05577e-83
1.10246e-84
0
3.39234e-09
0
0
-3.39234e-09
0
7.22511e-80
0
0
-3.39234e-09
-3.39234e-09
-3.39234e-09
0
-3.39234e-09
0
0
0
0
-3.39234e-09
0
0
0
0
0
0
0
0
0
0
0
0
2.25785e-81
0
0
0
0
0
0
0
0
0
1.34578e-88
7.39851e-77
0
0
0
0
0
0
0
0
0
0
0
0
0
0
0
0
0
0
0
0
0
0
0
0
0
0
0
0
0
0
0
0
0
0
0
5.51232e-85
0
0
0
0
-3.2856e-92
0
0
0
0
0
0
0
0
0
0
0
0
2.15325e-87
0
0
-3.39234e-09
0
0
0
-3.39234e-09
0
0
0
-3.39234e-09
-3.39234e-09
0
-3.39234e-09
0
0
0
0
0
1.76394e-83
0
0
0
0
3.4452e-86
0
0
0
-4.107e-93
0
0
0
4.107e-93
0
0
0
0
0
0
0
0
0
0
-7.22511e-80
1.12892e-81
0
2.75616e-85
4.3065e-87
0
0
0
0
0
0
0
1.41115e-82
0
0
-7.39851e-77
0
0
0
0
0
0
0
0
0
0
0
2.69156e-88
0
0
0
0
0
0
0
0
4.20557e-90
0
0
0
0
0
0
6.72891e-89
0
0
2.56687e-94
8.02148e-96
0
0
0
0
0
-2.69156e-88
0
0
0
0
0
1.80628e-80
2.82231e-82
8.81971e-84
0
0
0
0
0
0
0
0
5.78009e-79
0
0
0
3.4452e-86
0
-3.39234e-09
0
0
0
0
-3.2856e-92
0
0
0
0
0
0
0
9.79185e-100
0
0
0
-1.69617e-09
0
0
5.01342e-97
0
0
0
0
-1.07662e-87
0
0
0
0
0
0
0
0
0
0
0
2.89004e-79
0
0
0
0
0
0
-3.39234e-09
0
0
0
0
0
0
2.69156e-88
0
0
0
1.28344e-94
0
0
0
0
0
0
0
0
)
;

boundaryField
{
    fuel
    {
        type            calculated;
        value           uniform 0;
    }
    primary_air
    {
        type            calculated;
        value           uniform 0;
    }
    Secondary_air_RHS
    {
        type            calculated;
        value           uniform 0;
    }
    Secondary_air_LHS
    {
        type            calculated;
        value           uniform 0;
    }
    outlet
    {
        type            calculated;
        value           uniform 0;
    }
    stove_body
    {
        type            calculated;
        value           uniform 0;
    }
    frontAndBack
    {
        type            empty;
    }
}


// ************************************************************************* //
