/*--------------------------------*- C++ -*----------------------------------*\
  =========                 |
  \\      /  F ield         | OpenFOAM: The Open Source CFD Toolbox
   \\    /   O peration     | Website:  https://openfoam.org
    \\  /    A nd           | Version:  6
     \\/     M anipulation  |
\*---------------------------------------------------------------------------*/
FoamFile
{
    version     2.0;
    format      ascii;
    class       volScalarField;
    location    "0.0125";
    object      N2;
}
// * * * * * * * * * * * * * * * * * * * * * * * * * * * * * * * * * * * * * //

dimensions      [0 0 0 0 0 0 0];

internalField   nonuniform List<scalar> 
3773
(
0.57803
0.580153
0.577361
0.577628
0.579413
0.579422
0.580032
0.660451
0.671909
0.664599
0.667893
0.6712
0.667853
0.66271
0.580546
0.595596
0.592941
0.592388
0.593128
0.594594
0.581562
0.578899
0.586379
0.586882
0.585942
0.586027
0.588848
0.579928
0.580432
0.58757
0.592823
0.591963
0.593361
0.593765
0.581773
0.66288
0.66866
0.666553
0.669896
0.672392
0.666709
0.662672
0.581967
0.590447
0.580888
0.578215
0.581268
0.580921
0.582138
0.68077
0.698509
0.695637
0.697594
0.695711
0.695085
0.684253
0.981746
0.99037
0.989289
0.989945
0.990624
0.990069
0.982107
0.972402
0.969238
0.96435
0.967636
0.970075
0.961659
0.973715
0.975087
0.984502
0.984633
0.98377
0.98396
0.986645
0.976786
0.972783
0.981251
0.968075
0.967938
0.971296
0.966435
0.973971
0.982157
0.991297
0.989782
0.990482
0.990861
0.990201
0.982246
0.68661
0.691447
0.696996
0.698597
0.69937
0.697734
0.686341
0.758082
0.783741
0.784899
0.78567
0.783433
0.779948
0.757632
0.977716
0.989513
0.989577
0.989391
0.988796
0.988447
0.97771
0.991179
0.998486
0.997058
0.997642
0.997931
0.997481
0.9909
0.99183
0.999223
0.99956
0.999554
0.999592
0.999469
0.991968
0.990798
0.998887
0.99791
0.997831
0.998136
0.997387
0.990915
0.978184
0.988442
0.988755
0.989218
0.988838
0.988561
0.977957
0.754657
0.770873
0.776412
0.778807
0.781987
0.778084
0.753289
0.891376
0.913486
0.916228
0.916235
0.913675
0.910469
0.890339
0.983842
0.994855
0.995155
0.995137
0.994457
0.994227
0.983598
0.991945
0.999834
0.999752
0.999822
0.999856
0.999857
0.991929
0.992403
0.999939
0.999982
0.999981
0.999981
0.999902
0.992399
0.99195
0.999908
0.999849
0.999888
0.999869
0.999784
0.991964
0.983652
0.993955
0.994401
0.99423
0.994781
0.994283
0.983478
0.886315
0.904792
0.909079
0.91022
0.912402
0.909182
0.885409
0.960175
0.9768
0.978295
0.978412
0.978208
0.976777
0.959723
0.988095
0.998353
0.998651
0.998665
0.998631
0.998443
0.987987
0.992013
0.999899
0.999984
0.999987
0.999983
0.999962
0.992009
0.992437
0.999981
0.999999
0.999999
0.999999
0.999933
0.992414
0.992021
0.999964
0.999982
0.999984
0.999988
0.999965
0.992035
0.987915
0.998295
0.998491
0.998503
0.998647
0.998386
0.987868
0.957722
0.974259
0.976093
0.976572
0.977682
0.976059
0.957436
0.97859
0.99626
0.996507
0.996593
0.996563
0.996316
0.978511
0.989462
0.999619
0.999787
0.9998
0.999792
0.999676
0.989442
0.992111
0.999889
0.999999
0.999999
0.999998
0.999973
0.99211
0.992542
0.999988
1
1
1
0.999927
0.992488
0.992108
0.999953
0.999999
0.999997
0.999999
0.999978
0.992125
0.98938
0.999688
0.99978
0.999784
0.999779
0.999707
0.989369
0.977513
0.99581
0.99621
0.996311
0.996261
0.996172
0.977452
1
1
1
1
1
1
1
1
1
1
1
1
1
1
1
1
1
1
1
1
1
1
1
1
1
1
1
1
1
1
1
1
1
1
1
1
1
1
1
1
1
1
1
1
1
1
1
1
1
0.997565
0.998642
0.999197
0.999269
0.999243
0.999207
0.999012
0.997295
0.998293
0.998827
0.999004
0.999054
0.999055
0.998987
0.995835
0.996453
0.996644
0.99696
0.997098
0.996999
0.996802
0.991621
0.991743
0.990886
0.990883
0.991163
0.991899
0.991945
0.995587
0.996815
0.996911
0.996919
0.996805
0.996597
0.995969
0.997979
0.998988
0.998974
0.998926
0.998743
0.998121
0.997146
0.998741
0.999276
0.999262
0.999215
0.999079
0.998528
0.997318
0.99807
0.999752
0.999992
0.999992
0.999993
0.999993
0.999997
0.998041
0.999715
0.999987
0.999982
0.999971
0.999949
0.999967
0.996854
0.998207
0.998307
0.998276
0.998407
0.998166
0.998022
0.992474
0.992667
0.992866
0.991915
0.992774
0.992717
0.992709
0.997769
0.998163
0.998375
0.99841
0.998665
0.998704
0.997572
0.999918
0.999944
0.999953
0.999968
0.999979
0.999916
0.998489
0.999995
0.999993
0.999992
0.999984
0.999964
0.99985
0.998236
0.998565
0.999959
0.999984
0.999989
0.99999
0.999991
0.999996
0.998963
0.99995
0.999987
0.999983
0.999952
0.999867
0.999941
0.997969
0.998817
0.998875
0.998826
0.99875
0.99822
0.997591
0.993709
0.994389
0.994672
0.993233
0.994371
0.99438
0.993722
0.997929
0.998648
0.99891
0.998895
0.999087
0.999122
0.998393
0.999949
0.999946
0.999953
0.999974
0.999976
0.999928
0.999267
0.999995
0.999991
0.99999
0.99998
0.999949
0.999826
0.999498
0.999156
0.999924
0.999982
0.999987
0.999988
0.99999
0.999996
0.99942
0.99995
0.999983
0.999979
0.999928
0.999821
0.999934
0.998168
0.999073
0.999144
0.999097
0.999043
0.99819
0.997407
0.994269
0.995623
0.995141
0.995113
0.995156
0.995891
0.994298
0.997622
0.998579
0.999082
0.999095
0.999224
0.999119
0.99837
0.999908
0.999905
0.999943
0.999976
0.999959
0.999847
0.999648
0.999994
0.999991
0.999991
0.99999
0.999986
0.99998
0.999979
0.999544
0.99993
0.999985
0.999986
0.999988
0.99999
0.999996
0.999604
0.999865
0.999965
0.999955
0.999893
0.999806
0.999922
0.998095
0.999124
0.999303
0.999243
0.999266
0.998346
0.997542
0.995598
0.996154
0.996382
0.996558
0.996772
0.996229
0.995251
0.997562
0.998623
0.999191
0.999176
0.999357
0.999053
0.998158
0.999776
0.999818
0.999912
0.999971
0.999959
0.999908
0.999874
0.999994
0.999985
0.999988
0.999992
0.999992
0.999994
0.999999
0.999974
0.999995
0.999992
0.999985
0.999987
0.99999
0.999998
0.999893
0.99994
0.999967
0.999929
0.999871
0.99983
0.999915
0.9985
0.999085
0.999432
0.999453
0.999422
0.998906
0.997936
0.996117
0.996876
0.997565
0.997304
0.99748
0.99679
0.996171
0.997704
0.998811
0.999393
0.999378
0.999366
0.998928
0.998298
0.999668
0.999715
0.999872
0.999965
0.999975
0.999972
0.999982
0.999994
0.999976
0.999978
0.99999
0.999992
0.999993
0.999999
1
0.999998
0.999992
0.999987
0.999988
0.999991
1
1
0.999965
0.999945
0.99991
0.999855
0.999843
0.999923
0.998779
0.999108
0.999523
0.999541
0.999486
0.999195
0.998296
0.997273
0.997709
0.998318
0.997951
0.998271
0.997624
0.996853
0.998501
0.998978
0.999518
0.999568
0.999427
0.998948
0.998432
0.999652
0.999661
0.999806
0.99993
0.999957
0.999966
0.999989
0.999996
0.999966
0.999961
0.999989
0.999993
0.999995
1
1
1
1
1
1
1
1
0.999999
0.999983
0.999997
0.999995
0.999997
0.999999
0.999999
0.999916
0.999476
0.999531
0.999672
0.999722
0.999715
1
0.999038
0.998732
0.998767
0.998755
0.999008
0.99894
0.999045
0.999999
0.999535
0.99963
0.999658
0.999575
0.999629
0.999962
0.999997
0.999992
0.999988
0.999999
0.999999
0.999998
1
1
0.999999
0.999999
1
0.999999
1
1
1
1
1
1
1
1
1
0.999998
0.999981
0.999994
0.999998
0.999999
0.999999
0.999999
0.99999
0.999773
0.999743
0.999803
0.999875
0.99999
1
0.999757
0.999112
0.999085
0.99921
0.999216
0.999316
0.999691
0.999998
0.999906
0.999738
0.99979
0.999792
0.999834
0.999983
0.999999
0.999999
0.999998
0.999997
0.999992
0.999994
1
1
1
0.999999
0.999999
0.999999
1
1
1
1
1
0.999999
0.999999
0.999999
1
0.999998
0.999993
0.999997
0.999998
0.999996
0.999997
0.999999
0.999999
0.999897
0.999871
0.999903
0.999937
0.999937
0.999999
0.999952
0.999422
0.999345
0.999324
0.999374
0.999561
0.999921
0.999996
0.999904
0.999811
0.99986
0.999908
0.999941
0.999997
0.999999
0.999997
0.999994
0.999987
0.999985
0.999994
0.999999
1
1
0.999999
0.999999
0.999999
1
1
1
1
0.999999
0.999999
0.999998
0.999999
0.999999
0.999998
0.99999
0.999996
0.999996
0.999993
0.999995
0.999998
0.999999
0.999948
0.999934
0.999922
0.999922
0.999913
0.999995
0.999991
0.999627
0.99953
0.99947
0.999604
0.999751
0.999982
0.999998
0.999915
0.999885
0.999918
0.999959
0.999985
1
0.999999
0.999994
0.99998
0.999977
0.999986
0.999996
0.999999
1
0.999999
0.999999
0.999999
0.999999
1
1
1
1
1
0.999999
0.999998
0.999999
1
0.999999
0.999995
0.999995
0.999995
0.99999
0.999994
0.999998
0.999999
0.999965
0.999954
0.99994
0.999937
0.999946
0.999994
0.999999
0.99977
0.999695
0.999655
0.999755
0.99986
0.999996
0.999998
0.999943
0.999938
0.999955
0.999984
0.999997
1
0.999999
0.999991
0.999983
0.999985
0.999993
0.999998
0.999999
1
0.999998
0.999999
0.999999
0.999999
1
1
1
1
1
1
0.999998
0.999999
1
0.999999
0.999998
0.999999
0.999999
0.999991
0.999993
0.999999
0.999998
0.999987
0.999982
0.999977
0.999966
0.999968
0.999992
1
0.999883
0.999859
0.999826
0.999847
0.999909
0.999998
0.999993
0.999969
0.999972
0.999985
0.999994
0.999994
1
0.999997
0.999992
0.999991
0.999994
0.999997
0.999999
0.999999
0.999999
0.999999
0.999999
0.999999
1
1
1
1
1
1
1
1
1
1
0.999999
0.999999
1
1
0.999996
0.999995
0.999999
0.999998
0.99999
0.999983
0.999992
0.99999
0.999987
0.999993
0.999999
0.999936
0.9999
0.999873
0.999901
0.999924
0.999988
0.999996
0.999992
0.999991
0.999994
0.99999
0.999993
0.999998
0.999998
0.999998
0.999999
0.999999
0.999999
0.999999
1
0.999999
1
1
1
1
1
1
1
0.999998
0.999996
0.999992
0.999991
0.999994
1
1
0.999938
0.99991
0.99988
0.999867
0.999898
1
0.998856
0.999122
0.999412
0.999542
0.999466
0.999187
0.998774
0.997384
0.998407
0.998343
0.998414
0.998308
0.998013
0.997049
1
0.999014
0.999486
0.999544
0.99939
0.99894
0.998671
1
0.999715
0.999759
0.999914
0.999969
0.999972
1
1
0.99995
0.999944
0.999994
0.999998
0.999999
1
1
0.999999
0.999998
0.999995
0.999996
0.999998
1
1
0.99996
0.999925
0.999912
0.999903
0.999925
1
0.998913
0.999136
0.999409
0.99954
0.999461
0.999193
0.998948
0.997447
0.99841
0.998359
0.998424
0.998342
0.998002
0.99714
1
0.999038
0.999489
0.999545
0.999378
0.998949
0.998821
1
0.999806
0.99979
0.999949
0.999983
0.999985
1
1
0.999975
0.999967
0.999997
0.999999
0.999999
1
1
0.999999
0.999998
0.999996
0.999997
0.999999
1
1
0.999964
0.999924
0.999923
0.999919
0.999936
1
0.999096
0.999157
0.999399
0.999541
0.999465
0.99921
0.999211
0.997568
0.998413
0.998418
0.998448
0.998363
0.998008
0.99722
1
0.999087
0.999493
0.999552
0.999367
0.99897
0.998923
1
0.999837
0.999803
0.999964
0.999984
0.999986
1
1
0.99998
0.999971
0.999997
0.999999
0.999999
1
1
0.999999
0.999998
0.999997
0.999997
0.999999
1
1
0.999961
0.999923
0.999936
0.99995
0.999952
1
0.999236
0.999177
0.999399
0.999545
0.999469
0.999226
0.999492
0.997659
0.998419
0.998448
0.998462
0.998416
0.998032
0.997396
1
0.999204
0.999503
0.99956
0.999365
0.999021
0.999139
1
0.999861
0.999822
0.999967
0.999983
0.999982
1
1
0.999982
0.999972
0.999998
0.999999
0.999999
1
1
1
0.999998
0.999997
0.999998
0.999999
1
1
0.999959
0.999943
0.999957
0.999967
0.999967
1
0.999312
0.999194
0.999402
0.999547
0.999481
0.999249
0.999706
0.997867
0.998425
0.99848
0.998489
0.998449
0.998128
0.997506
1
0.999245
0.999513
0.999563
0.999363
0.999084
0.999265
1
0.999868
0.999827
0.999967
0.999982
0.999981
1
1
0.999983
0.999973
0.999998
0.999999
0.999999
1
1
1
0.999999
0.999999
0.999999
0.999999
1
1
0.999968
0.999969
0.999968
0.999983
0.999984
1
0.999479
0.999208
0.999412
0.999558
0.999491
0.999262
0.999815
0.997961
0.998443
0.998498
0.998502
0.998531
0.998308
0.99776
1
0.999264
0.999514
0.999568
0.999361
0.999117
0.99953
1
0.999897
0.999843
0.999974
0.999981
0.99998
1
1
0.999992
0.999986
0.999999
0.999999
0.999999
1
1
1
1
0.999999
1
1
1
1
0.999976
0.999976
0.999974
0.999995
0.999996
1
0.999727
0.999247
0.999417
0.999561
0.999505
0.999301
1
0.998163
0.998452
0.998535
0.998529
0.998571
0.998374
0.997867
1
0.999287
0.999516
0.999567
0.999366
0.999209
0.999787
1
0.999936
0.999878
0.999983
0.99999
0.99999
1
1
0.999997
0.999995
1
1
1
1
1
1
1
1
1
1
1
1
1
1
0.999999
0.999999
0.999999
1
0.999998
0.999987
0.999984
0.999983
0.999982
0.99999
0.999993
0.999999
0.999956
0.999915
0.9999
0.999921
0.999945
0.999989
1
0.999994
0.99999
0.999989
0.999976
0.999985
0.999997
1
1
1
1
1
1
1
1
1
1
1
1
1
1
1
1
1
1
1
1
1
1
1
1
1
0.999999
0.999999
1
0.999998
0.999988
0.999986
0.999985
0.999983
0.999987
0.999992
0.999999
0.999961
0.999919
0.99991
0.999922
0.999949
0.999988
0.999999
0.999993
0.999987
0.999983
0.999975
0.999982
0.999994
1
1
1
1
1
1
1
1
1
1
1
1
1
1
1
1
1
1
1
1
1
1
1
1
0.999999
0.999999
0.999999
1
0.999998
0.999989
0.999983
0.999982
0.999983
0.999985
0.999991
0.999998
0.999963
0.999926
0.999919
0.999925
0.999952
0.999986
0.999996
0.99999
0.999982
0.999974
0.999976
0.999979
0.999988
1
1
1
0.999999
0.999999
1
1
1
1
1
1
1
1
1
1
1
1
1
1
1
1
1
1
1
1
1
0.999999
1
0.999998
0.99999
0.999989
0.999987
0.999984
0.999985
0.999988
0.999996
0.999964
0.999934
0.99993
0.999934
0.999953
0.999984
0.999996
0.99999
0.999981
0.999974
0.999976
0.999978
0.999983
1
1
0.999999
0.999999
0.999999
0.999999
0.999999
1
1
1
1
1
1
1
1
1
1
1
1
1
1
1
1
1
1
1
1
1
0.999995
0.999992
0.999994
0.999992
0.999987
0.999986
0.999989
0.999993
0.999963
0.999946
0.99994
0.999941
0.999954
0.999979
0.999996
0.99999
0.999986
0.999983
0.999978
0.99998
0.999982
1
1
0.999999
0.999999
0.999999
0.999999
0.999999
1
1
1
1
1
1
1
1
1
1
1
1
1
1
1
1
1
1
1
1
1
0.999995
0.999993
0.999996
0.999995
0.999991
0.999989
0.999989
0.999989
0.999966
0.99996
0.999959
0.999953
0.999958
0.999975
0.999995
0.999993
0.999991
0.99999
0.999983
0.999985
0.999987
1
1
0.999999
0.999999
0.999999
0.999999
0.999999
1
1
1
1
1
1
1
1
1
1
1
1
1
1
1
1
1
1
1
1
1
0.999997
0.999997
0.999999
0.999998
0.999995
0.999994
0.999992
0.999988
0.999984
0.999981
0.999983
0.999976
0.999976
0.999978
0.999997
0.999997
0.999996
0.999995
0.999992
0.999992
0.999991
1
1
1
1
1
1
1
1
1
1
1
1
1
1
1
1
1
1
1
1
1
1
1
1
1
1
1
1
0.999995
0.999997
1
1
1
1
1
0.999991
0.999996
0.999999
1
1
1
1
0.999997
0.999998
1
1
1
1
1
1
1
1
1
1
1
1
1
1
1
1
1
1
1
1
1
1
1
1
1
1
1
1
1
1
1
1
1
0.999995
0.999996
0.999999
1
1
1
1
0.99999
0.999994
0.999996
0.999998
0.999999
0.999999
0.999999
0.999996
0.999997
0.999998
1
1
1
1
1
1
1
1
1
1
1
1
1
1
1
1
1
1
1
1
1
1
1
1
1
1
1
1
1
1
1
1
0.999993
0.999995
0.999996
0.999999
1
1
1
0.999989
0.999991
0.999994
0.999995
0.999997
0.999998
0.999998
0.999993
0.999994
0.999996
0.999998
0.999999
1
1
1
1
1
1
1
1
1
1
1
1
1
1
1
1
1
1
1
1
1
1
1
0.999999
1
1
1
1
1
1
0.999991
0.999992
0.999995
0.999997
0.999999
1
1
0.999987
0.99999
0.999991
0.999993
0.999994
0.999996
0.999997
0.999989
0.999991
0.999992
0.999994
0.999997
0.999998
0.999999
0.999999
1
1
1
1
1
1
1
1
1
1
1
1
1
1
1
1
1
1
1
1
1
1
1
1
1
1
1
0.999991
0.999992
0.999993
0.999995
0.999997
0.999998
0.999999
0.999986
0.999988
0.99999
0.999991
0.999993
0.999993
0.999995
0.999986
0.999988
0.999989
0.99999
0.999992
0.999994
0.999996
0.999999
0.999999
0.999999
0.999999
0.999999
1
1
1
1
1
1
1
1
1
1
1
1
1
1
1
1
1
1
1
1
1
1
1
0.999991
0.999992
0.999993
0.999993
0.999995
0.999996
0.999998
0.999982
0.999986
0.999987
0.999988
0.999989
0.99999
0.999991
0.999988
0.999988
0.999989
0.99999
0.99999
0.999991
0.999993
0.999999
1
1
1
1
1
1
1
1
1
1
1
1
1
1
1
1
1
1
1
1
1
1
1
1
1
1
1
0.999991
0.999991
0.999992
0.999992
0.999993
0.999994
0.999995
0.999981
0.999983
0.999984
0.999985
0.999987
0.999987
0.999988
0.999991
0.999991
0.999992
0.999992
0.999992
0.999992
0.999993
1
1
1
1
1
1
1
1
1
1
1
1
1
1
1
1
1
1
1
1
1
1
1
1
1
1
1
1
1
1
1
1
1
1
1
1
1
1
1
1
1
0.999999
1
1
1
1
1
1
1
1
1
1
1
1
1
1
1
1
1
1
1
1
1
1
1
1
1
1
1
1
1
1
1
1
1
1
1
1
1
1
1
1
1
1
1
1
1
1
1
1
0.999999
1
1
1
1
1
1
1
1
1
1
1
1
1
1
1
1
1
1
1
1
1
1
1
1
1
1
1
1
1
1
1
1
1
1
1
1
1
1
1
1
1
0.999999
1
1
1
1
1
0.999999
0.999999
1
1
1
1
1
1
0.999997
1
1
1
1
1
1
1
1
1
1
1
1
1
1
1
1
1
1
1
1
1
1
1
1
1
1
1
1
1
1
1
1
0.999999
0.999999
0.999998
1
0.999999
0.999999
0.999999
0.999999
0.999998
0.999998
1
1
1
0.999999
0.999999
0.999998
0.999997
1
1
1
1
1
1
1
1
1
1
1
1
1
1
1
1
1
1
1
1
1
1
1
1
1
1
1
1
1
0.999999
0.999999
0.999998
0.999998
0.999998
0.999996
0.999999
0.999998
0.999998
0.999998
0.999998
0.999997
0.999995
0.999999
0.999998
0.999998
0.999998
0.999998
0.999997
0.999997
1
1
1
1
1
1
1
1
1
1
1
1
1
1
1
1
1
1
1
1
1
1
1
1
1
1
1
1
0.999999
0.999999
0.999998
0.999998
0.999997
0.999997
0.999996
0.999997
0.999996
0.999996
0.999995
0.999995
0.999993
0.999992
0.999998
0.999998
0.999998
0.999998
0.999997
0.999997
0.999996
1
1
1
1
1
1
1
1
1
1
1
1
1
1
1
1
1
1
1
1
1
1
1
1
1
1
1
1
0.999998
0.999998
0.999998
0.999998
0.999997
0.999997
0.999997
0.999995
0.999995
0.999994
0.999994
0.999993
0.999992
0.99999
0.999999
0.999999
0.999998
0.999998
0.999998
0.999997
0.999997
1
1
1
1
1
1
1
1
1
1
1
1
1
1
1
1
1
1
1
1
1
1
1
1
1
1
1
1
1
1
1
1
1
1
1
1
1
1
1
1
1
1
1
1
1
1
1
1
1
1
1
1
1
1
1
1
1
1
1
1
1
1
1
1
1
1
1
1
1
1
1
1
1
1
1
1
1
1
1
1
1
1
1
1
1
1
1
1
1
1
1
1
1
1
1
1
1
1
1
1
1
1
1
1
1
1
1
1
1
1
1
1
1
1
1
1
1
1
1
1
1
1
1
1
1
1
1
1
1
1
1
1
1
1
1
1
1
1
1
1
1
1
1
1
1
1
1
1
1
1
1
1
1
1
1
1
1
1
1
1
1
1
1
1
1
1
1
1
1
1
1
1
1
1
1
1
1
1
1
1
1
1
1
1
1
1
1
1
1
1
1
1
1
1
1
1
1
1
1
1
1
1
1
1
1
1
1
1
1
1
1
1
1
1
1
1
1
1
1
1
1
1
1
1
1
1
1
1
1
1
1
1
1
1
1
1
0.999999
0.999999
1
1
1
1
1
1
0.999999
1
1
1
1
1
1
1
1
1
1
1
1
1
1
1
1
1
1
1
1
1
1
1
1
1
1
1
1
1
1
1
1
1
1
0.999999
1
1
1
0.999999
0.999999
0.999998
0.999998
1
1
1
1
1
0.999999
0.999999
1
1
1
1
1
1
1
1
1
1
1
1
1
1
1
1
1
1
1
1
1
1
1
1
1
1
1
1
1
1
1
1
0.999999
0.999999
0.999999
1
0.999999
0.999999
0.999998
0.999997
0.999996
0.999996
1
1
1
1
0.999999
0.999999
0.999999
1
1
1
1
1
1
1
1
1
1
1
1
1
1
1
1
1
1
1
1
1
1
1
1
1
1
1
1
1
1
1
1
1
0.999999
1
1
0.999999
0.999999
0.999998
0.999998
0.999998
0.999998
1
1
1
1
0.999999
0.999999
1
1
1
1
1
1
1
1
1
1
1
1
1
1
1
1
1
1
1
1
1
1
1
1
1
1
1
1
1
1
1
1
1
1
1
1
1
0.999999
0.999999
0.999999
0.999999
0.999998
0.999999
1
1
1
1
1
1
1
1
1
1
1
1
1
1
1
1
1
1
1
1
1
1
1
1
1
1
1
1
1
1
1
1
1
1
1
1
1
1
1
1
1
1
1
0.999999
0.999999
0.999999
0.999999
0.999999
0.999999
1
1
1
1
1
1
1
1
1
1
1
1
1
1
1
1
1
1
1
1
1
1
1
1
1
1
1
1
1
1
1
1
1
1
1
1
1
1
1
1
1
1
1
0.999999
0.999999
0.999999
0.999999
0.999999
0.999999
1
1
1
1
1
1
1
1
1
1
1
1
1
1
1
1
1
1
1
1
1
1
1
1
1
1
1
1
1
1
1
1
1
1
1
1
1
1
1
1
1
1
1
0.999999
0.999999
0.999999
0.999999
0.999999
0.999999
1
1
1
1
1
1
1
1
1
1
1
1
1
1
1
1
1
1
1
1
1
1
1
1
1
1
1
1
1
1
1
1
1
1
1
1
1
1
1
1
1
1
1
0.999999
0.999999
0.999999
0.999999
0.999999
0.999999
1
1
1
1
1
1
1
1
1
1
1
1
1
1
1
1
1
1
1
1
1
1
1
1
1
1
1
1
1
1
1
1
1
1
1
1
1
1
1
1
1
1
1
0.999999
0.999999
0.999999
0.999999
0.999999
0.999999
1
1
1
1
1
1
1
1
1
1
1
1
1
1
1
1
1
1
1
1
1
1
1
1
1
1
1
1
1
1
1
1
1
1
1
1
1
1
1
1
1
1
1
1
1
1
1
1
1
1
1
1
1
1
1
1
1
1
1
1
1
1
1
1
1
1
1
1
1
1
1
1
1
1
1
1
1
1
1
1
1
1
1
1
1
1
1
1
1
1
1
0.999999
0.999999
1
1
1
1
1
1
1
1
1
1
1
1
1
1
1
1
1
1
1
1
1
1
1
1
1
1
1
1
1
1
1
1
1
1
1
1
1
1
1
1
1
1
1
1
1
1
1
0.999998
0.999999
0.999999
0.999999
0.999999
0.999999
1
1
1
1
1
1
1
1
1
1
1
1
1
1
1
1
1
1
1
1
1
1
1
1
1
1
1
1
1
1
1
1
1
1
1
1
1
1
1
1
1
1
1
0.999998
0.999998
0.999998
0.999998
0.999998
0.999999
1
1
1
1
1
1
1
1
1
1
1
1
1
1
1
1
1
1
1
1
1
1
1
1
1
1
1
1
1
1
1
1
1
1
1
1
1
1
1
1
1
1
1
0.999996
0.999997
0.999997
0.999997
0.999998
0.999998
0.999999
0.999998
0.999999
1
1
1
1
1
1
1
1
1
1
1
1
1
1
1
1
1
1
1
1
1
1
1
1
1
1
1
1
1
1
1
1
1
0.999999
1
1
1
1
1
1
0.999993
0.999995
0.999996
0.999997
0.999997
0.999998
0.999999
0.999994
0.999996
0.999999
1
1
1
1
1
1
1
1
1
1
1
1
1
1
1
1
1
1
1
1
1
1
1
1
1
1
1
1
1
1
1
1
0.999996
0.999997
0.999999
0.999999
0.999999
0.999999
1
0.999989
0.999991
0.999992
0.999993
0.999995
0.999996
0.999998
0.999993
0.999994
0.999995
0.999998
0.999999
0.999999
1
1
1
1
1
1
1
1
1
1
1
1
1
1
1
1
1
1
1
1
1
1
1
1
1
1
1
1
1
0.999999
0.999999
0.999999
1
1
0.999999
0.999999
0.999994
0.999994
0.999995
0.999995
0.999996
0.999996
0.999998
0.999998
0.999997
0.999997
0.999998
0.999999
1
1
1
1
1
1
1
1
1
1
1
1
1
1
1
1
1
1
1
1
1
1
1
1
1
1
1
1
1
1
0.999999
0.999999
1
1
1
1
1
0.999996
0.999996
0.999996
0.999996
0.999997
0.999997
0.999998
0.999999
0.999998
0.999998
0.999999
0.999999
1
1
1
1
1
1
1
1
1
1
1
1
1
1
1
1
1
1
1
1
1
1
1
1
1
1
1
1
1
1
0.999999
1
1
1
1
1
1
0.999996
0.999996
0.999997
0.999997
0.999997
0.999997
0.999998
0.999999
0.999999
0.999999
0.999999
0.999999
1
1
1
1
1
1
1
1
1
1
1
1
1
1
1
1
1
1
1
1
1
1
1
1
1
1
1
1
1
1
0.999999
1
1
1
1
1
1
0.999997
0.999997
0.999997
0.999997
0.999997
0.999997
0.999998
0.999999
0.999999
0.999999
0.999999
0.999999
1
1
1
1
1
1
1
1
1
1
1
1
1
1
1
1
1
1
1
1
1
1
1
1
1
1
1
1
1
1
0.999999
1
1
1
1
1
1
0.999997
0.999997
0.999997
0.999998
0.999998
0.999998
0.999998
1
0.999999
0.999999
0.999999
1
1
1
1
1
1
1
1
1
1
1
1
1
1
1
1
1
1
1
1
1
1
1
1
1
1
1
1
1
1
1
1
1
1
1
1
1
1
0.999998
0.999998
0.999998
0.999998
0.999998
0.999998
0.999999
1
1
0.999999
0.999999
1
1
1
1
1
1
1
1
1
1
1
1
1
1
1
1
1
1
1
1
1
1
1
1
1
1
1
1
1
1
1
1
1
1
1
1
1
1
0.999999
0.999998
0.999998
0.999998
0.999998
0.999998
0.999999
1
1
1
1
1
1
1
1
1
1
1
1
1
1
1
1
1
1
1
1
1
)
;

boundaryField
{
    fuel
    {
        type            fixedValue;
        value           uniform 0;
    }
    primary_air
    {
        type            fixedValue;
        value           uniform 0.77;
    }
    Secondary_air_RHS
    {
        type            fixedValue;
        value           uniform 0.77;
    }
    Secondary_air_LHS
    {
        type            fixedValue;
        value           uniform 0.77;
    }
    outlet
    {
        type            inletOutlet;
        inletValue      uniform 0;
        value           nonuniform List<scalar> 
98
(
1
1
1
0.999999
1
1
1
1
1
1
0.999998
1
1
1
1
1
1
0.999998
1
1
1
1
1
1
0.999998
1
1
1
1
1
1
0.999998
1
1
1
1
1
1
0.999998
1
1
1
1
1
1
0.999999
1
1
1
1
1
1
1
1
1
1
1
1
1
0.999999
1
1
1
1
1
1
0.999999
1
1
1
1
1
1
0.999999
1
1
1
1
1
1
0.999999
1
1
1
1
1
1
0.999999
1
1
1
1
1
1
0.999999
1
1
1
)
;
    }
    stove_body
    {
        type            fixedValue;
        value           uniform 0;
    }
    frontAndBack
    {
        type            empty;
    }
}


// ************************************************************************* //
