/*--------------------------------*- C++ -*----------------------------------*\
  =========                 |
  \\      /  F ield         | OpenFOAM: The Open Source CFD Toolbox
   \\    /   O peration     | Website:  https://openfoam.org
    \\  /    A nd           | Version:  6
     \\/     M anipulation  |
\*---------------------------------------------------------------------------*/
FoamFile
{
    version     2.0;
    format      ascii;
    class       volScalarField;
    location    "0.0125";
    object      Qdot;
}
// * * * * * * * * * * * * * * * * * * * * * * * * * * * * * * * * * * * * * //

dimensions      [1 -1 -3 0 0 0 0];

internalField   nonuniform List<scalar> 
3773
(
0
0
0
0
0
0
0
0
0
0
0
0
0
-1.45783e-09
0
0
0
0
0
0
0
0
0
7.5702e-05
0
0
0
0
0
0
0
0
0
0
0
0
0
0
0
0
0
0
0
0
0
0
0
0
0
0
0
0
0
0
0
0
0
0
0
7.80028e-07
0
0
0
0
0
0
0
0
0
0
0
0
0
1.56006e-06
1.55714e-06
0
-2.91566e-09
4.73147e-06
0
0
0
0
0
0
0
0
0
0
0
0
0
0
0
0
0
0
0
0
0
0
0
0
0
0
0
0
0
0
0
0
0
0
0
0
0
0
0
0
0
0
1.47858e-07
0
0
0
-2.91566e-09
-7.82943e-07
0
0
0
0
0
0
0
0
0
0
0
0
0
0
0
0
0
0
0
0
0
0
0
0
3.12011e-06
0
0
0
0
0
0
0
0
0
0
7.80028e-07
0
0
0
0
0
0
-2.91566e-09
0
0
0
0
-1.84823e-08
0
7.80028e-07
0
0
0
1.21879e-08
0
7.80028e-07
0
0
0
0
0
0
0
0
0
0
0
0
0
0
0
0
0
0
0
0
0
0
0
0
0
0
0
0
0
0
0
-2.31029e-09
0
0
0
0
0
0
0
0
0
0
7.80028e-07
0
0
0
0
0
0
0
0
0
0
0
0
0
0
0
0
0
0
0
0
0
0
0
0
0
-2.95717e-07
0
0
0
0
0
0
0
0
-7.80028e-07
0
0
9.52182e-11
1.90436e-10
0
7.80028e-07
0
0
0
0
0
0
7.80028e-07
7.80028e-07
9.24115e-09
0
-5.77572e-10
0
0
0
0
0
-3.69646e-08
3.69646e-08
0
2.43759e-08
0
0
0
-2.95717e-07
0
2.95717e-07
0
0
0
0
0
0
0
0
0
0
0
0
0
0
0
0
0
0
0
0
0
0
0
0
0
0
0
0
0
0
0
0
0
0
0
0
0
0
0
0
0
0
0
0
0
0
0
0
0
0
0
0
0
0
0
0
0
0
0
0
1.67418e-12
0
0
0
0
0
0
0
0
0
0
0
0
0
0
0
0
0
0
0
0
0
0
0
0
0
0
0
0
0
1.67418e-12
0
0
0
0
-4.18545e-13
0
0
0
0
0
0
0
0
0
0
0
0
0
0
-2.6159e-14
0
0
0
0
0
0
0
0
0
0
0
0
0
0
0
0
0
0
3.34836e-12
0
0
0
0
0
0
0
0
0
0
0
0
0
0
0
0
0
0
0
8.37089e-13
0
0
0
0
0
0
-2.91566e-09
0
0
0
0
0
0
0
0
0
0
0
0
0
0
0
0
-1.33934e-11
0
0
0
0
0
0
0
1.67418e-12
1.67418e-12
0
0
0
0
0
0
0
0
0
0
0
0
0
0
0
0
0
0
0
0
0
0
8.37089e-13
0
0
0
0
0
0
-3.34836e-12
0
0
0
0
0
0
0
0
0
0
0
0
0
0
0
0
-1.67418e-12
0
0
3.34836e-12
0
0
0
0
0
0
0
-3.26988e-15
0
0
0
0
0
0
0
0
0
0
6.53976e-15
0
0
0
0
0
0
0
0
1.04636e-13
0
1.67418e-12
0
0
0
0
0
0
0
0
0
0
0
0
0
0
0
0
0
0
0
0
0
0
0
0
0
0
3.26988e-15
0
0
0
0
0
0
0
0
0
0
6.53976e-15
0
8.1747e-16
-2.91566e-09
0
0
0
0
0
0
0
0
0
0
0
0
0
0
-6.69671e-12
0
0
0
0
0
0
0
0
0
0
0
0
0
0
-2.91566e-09
0
0
0
0
3.26988e-15
1.30795e-14
0
0
0
0
0
0
0
0
0
6.53976e-15
0
0
0
0
0
0
0
0
-2.91566e-09
0
0
0
8.37089e-13
0
0
3.34836e-12
0
0
0
0
0
0
0
0
0
0
0
0
0
0
0
0
0
0
0
0
0
0
0
0
0
0
0
0
0
0
0
0
0
0
0
0
0
0
6.53976e-15
0
0
0
0
0
0
0
0
0
8.1747e-16
0
0
0
0
0
0
0
0
0
0
0
0
0
0
0
0
0
0
0
0
0
0
0
0
0
0
0
0
0
0
0
0
0
0
0
0
-2.6159e-14
0
0
0
1.63494e-15
0
0
-4.18545e-13
0
0
0
0
0
0
0
0
0
0
0
0
0
0
0
0
0
0
0
0
0
0
3.26988e-15
0
0
0
0
0
0
0
0
0
0
0
0
0
0
0
4.08735e-16
0
0
0
0
0
0
0
0
0
0
0
0
0
0
0
0
0
0
0
0
-8.37089e-13
0
0
0
0
0
0
0
0
0
0
0
0
0
0
0
0
0
0
0
0
0
0
0
0
0
0
0
0
0
0
1.30795e-14
0
0
0
0
0
0
0
0
0
0
0
0
0
0
0
0
0
0
0
0
0
0
0
0
0
0
0
0
0
0
0
0
0
0
0
0
0
0
0
1.02184e-16
0
0
0
0
0
0
0
0
0
0
6.53976e-15
1.30795e-14
0
0
0
0
0
-1.04636e-13
0
0
0
0
0
0
0
0
0
0
-3.26988e-15
0
0
0
0
0
0
0
0
0
0
0
0
0
0
0
0
0
0
0
0
0
0
0
0
0
0
0
0
0
1.63494e-15
0
0
0
0
0
0
0
0
0
0
0
0
0
0
0
0
0
0
0
0
0
0
0
0
0
0
0
0
0
0
0
0
0
0
0
0
0
0
0
0
0
0
0
2.04368e-16
2.04368e-16
0
0
-8.1747e-16
0
0
0
0
0
0
0
0
0
0
0
1.30795e-14
0
0
0
0
0
0
0
0
0
0
0
0
0
0
0
0
0
0
0
0
0
0
0
0
0
0
0
0
0
0
0
0
0
-3.26988e-15
0
0
0
0
0
0
0
0
0
0
0
0
0
-1.67418e-12
0
0
0
0
0
3.34836e-12
0
0
0
0
0
-8.37089e-13
0
0
0
0
0
0
0
0
0
0
0
2.6159e-14
0
3.26988e-15
0
0
0
0
0
0
0
0
0
0
0
-2.91561e-09
0
0
0
0
0
0
0
0
8.37089e-13
0
1.67418e-12
0
0
3.34836e-12
0
0
0
0
0
0
0
0
0
0
0
0
0
0
0
0
0
0
0
0
0
0
0
0
0
0
0
0
0
0
0
0
0
0
0
-1.04636e-13
-1.04636e-13
0
0
0
0
1.67418e-12
0
8.37089e-13
0
0
0
0
-3.34836e-12
0
0
0
0
0
0
0
0
8.37089e-13
0
0
0
0
0
0
0
0
0
0
0
0
0
0
0
0
0
0
0
0
0
0
0
0
0
5.23181e-14
1.04636e-13
0
0
0
0
0
0
0
0
0
0
0
0
0
0
0
0
0
0
0
0
0
0
0
0
-1.67418e-12
0
0
0
0
0
0
0
0
0
0
0
0
0
0
0
0
0
0
0
0
0
0
0
0
0
0
0
0
0
0
0
-8.37089e-13
0
0
0
0
0
0
0
0
0
0
0
0
0
0
0
0
0
0
0
0
5.23181e-14
0
0
0
0
0
0
0
0
0
0
0
0
0
0
0
0
0
0
0
0
0
0
0
0
0
0
0
8.37089e-13
0
0
0
0
0
0
0
0
0
0
0
0
0
0
0
0
0
0
0
2.09272e-13
0
0
0
0
0
0
0
0
0
0
0
0
-5.10919e-17
0
-4.08735e-16
0
0
0
0
0
0
0
0
0
0
0
0
0
0
0
0
0
0
3.34836e-12
0
0
0
0
0
0
0
0
0
0
0
0
0
0
0
0
1.30795e-14
-1.30795e-14
0
0
0
0
2.04368e-16
0
0
0
0
0
0
0
0
0
0
0
0
0
0
0
0
0
0
0
0
0
0
0
0
0
0
0
0
0
0
0
0
0
0
0
0
0
0
0
0
0
0
0
0
0
0
0
0
0
0
0
0
0
0
0
5.10919e-17
0
0
0
0
0
0
0
0
0
0
0
0
0
2.6159e-14
0
0
1.30795e-14
0
0
0
0
0
0
0
0
0
0
0
0
0
0
0
0
0
0
0
0
0
0
0
0
0
0
0
0
0
0
0
-1.02184e-16
0
0
0
0
0
0
0
0
0
0
0
0
0
0
0
0
0
0
0
0
0
0
0
-2.6159e-14
0
0
0
0
0
0
0
0
0
0
0
0
0
0
0
0
0
0
0
0
0
0
0
0
0
0
0
0
-2.91566e-09
0
0
0
0
0
0
0
0
0
0
0
-2.6159e-14
0
0
0
0
0
0
0
0
0
0
0
0
0
0
0
0
0
0
0
0
0
0
0
0
0
0
0
0
0
0
0
0
0
5.10919e-17
0
0
0
0
0
0
0
0
0
0
0
0
-1.30795e-14
0
0
0
0
0
0
0
0
0
0
0
0
0
0
0
0
0
0
0
8.1747e-16
0
0
0
0
0
0
0
0
0
0
0
0
0
0
0
2.55459e-17
0
0
0
0
0
0
0
0
0
0
0
0
0
0
0
0
2.6159e-14
0
0
0
0
0
0
0
0
0
0
0
0
0
0
0
0
0
0
0
0
0
0
0
0
0
-1.02184e-16
0
0
0
0
0
0
0
0
0
0
0
0
-2.91566e-09
0
0
0
0
0
0
0
0
0
0
0
0
0
0
0
0
0
0
0
0
-1.30795e-14
0
0
0
4.08735e-16
0
0
0
-4.08735e-16
0
0
0
0
0
0
0
0
0
0
1.99578e-19
0
0
1.99578e-19
0
0
0
0
-1.99578e-19
0
0
-2.91566e-09
0
0
0
0
0
0
-2.91566e-09
0
0
0
0
0
0
0
0
0
0
0
0
0
0
0
0
0
0
0
0
0
0
0
0
-7.98311e-19
7.98311e-19
0
0
0
1.59662e-18
1.59662e-18
0
0
0
0
0
0
0
0
0
0
0
0
-6.53976e-15
0
0
0
0
-2.91566e-09
0
0
6.53976e-15
0
0
0
0
-6.53976e-15
0
0
0
0
0
0
0
-5.10919e-17
0
-6.38648e-18
0
0
0
0
0
0
0
0
0
0
0
0
0
-6.38648e-18
0
0
0
0
0
0
0
0
0
0
0
0
0
0
0
0
0
0
0
0
0
0
0
0
0
0
0
0
0
0
0
0
0
-2.91566e-09
0
0
0
0
0
0
1.2773e-17
0
0
0
0
0
0
0
0
0
0
0
0
0
0
0
0
0
0
0
0
0
0
0
0
0
0
0
0
0
0
0
0
0
0
-1.30795e-14
0
0
0
0
0
0
0
0
2.04368e-16
0
0
0
0
0
0
0
0
0
0
0
0
0
2.55459e-17
0
0
0
-4.08735e-16
0
0
0
0
0
0
0
0
0
0
0
0
2.6159e-14
0
0
0
1.30795e-14
0
0
0
0
0
0
1.30795e-14
0
0
0
0
0
0
0
0
0
0
0
0
0
0
0
0
0
0
0
0
0
0
0
0
0
0
0
2.04368e-16
0
0
0
0
0
0
0
0
0
0
0
0
0
0
0
0
0
0
0
0
0
0
0
0
0
0
0
0
0
0
0
0
0
0
0
0
0
0
0
0
0
0
0
0
0
0
0
0
0
0
0
0
0
1.30795e-14
0
0
0
0
0
0
0
0
0
0
0
0
0
0
0
-1.30795e-14
0
0
4.08735e-16
0
0
0
0
0
0
0
5.10919e-17
0
0
0
0
-2.55459e-17
-1.45783e-09
0
0
0
0
0
0
0
-1.99578e-19
0
0
0
0
0
0
0
0
0
0
0
0
0
0
0
0
0
0
0
0
0
0
0
1.59662e-18
1.59662e-18
0
0
0
0
0
0
0
0
0
-1.45783e-09
0
0
0
0
0
7.98311e-19
0
0
0
3.19324e-18
0
0
0
0
0
0
0
0
0
0
1.2773e-17
0
0
0
0
0
0
0
0
0
4.08735e-16
0
0
0
0
0
0
0
0
0
0
3.19324e-18
0
0
0
0
0
0
0
0
0
0
0
0
0
6.38648e-18
0
0
0
0
0
0
0
0
0
0
0
0
0
0
0
0
0
0
0
0
0
0
0
0
0
0
0
0
0
0
0
0
0
0
0
0
0
0
0
0
0
0
0
0
0
0
0
0
0
0
0
0
0
0
0
0
0
0
0
0
0
1.2773e-17
0
0
0
0
0
3.26988e-15
0
0
0
0
0
0
0
0
0
0
0
0
0
0
0
0
0
0
0
0
0
0
0
0
0
0
0
0
0
0
0
0
0
0
0
0
0
0
0
0
0
0
0
0
0
0
0
0
0
0
0
0
0
0
0
0
0
0
0
0
0
0
0
0
0
0
0
0
0
0
0
0
2.55459e-17
-1.45783e-09
0
0
0
0
0
0
2.55459e-17
0
0
0
0
0
0
0
0
0
0
0
0
0
0
0
0
6.53976e-15
0
0
0
0
0
0
0
0
0
0
0
0
0
-6.53976e-15
0
0
0
0
0
2.04368e-16
0
0
0
0
0
0
0
0
0
0
0
0
0
0
0
0
0
0
0
0
0
0
0
0
0
0
0
0
0
0
0
0
0
0
0
0
0
0
0
0
0
0
0
0
5.10919e-17
0
0
0
0
-2.04368e-16
0
1.2773e-17
0
0
0
0
0
0
0
0
0
0
0
0
0
2.91566e-09
0
0
0
0
0
0
0
2.55459e-17
-2.91566e-09
0
0
0
0
0
0
0
0
0
0
0
0
0
1.2773e-17
0
0
0
-2.91566e-09
0
0
0
2.91566e-09
2.91566e-09
0
0
0
0
0
0
0
0
0
0
0
0
0
0
0
0
-2.91566e-09
1.99578e-19
3.99155e-19
0
0
0
0
0
0
0
0
0
0
0
0
0
0
0
0
0
0
0
0
0
0
0
0
-2.91566e-09
0
-2.91566e-09
0
0
1.99578e-19
0
0
0
0
0
0
0
-1.45783e-09
0
0
0
0
0
0
0
-2.91566e-09
1.99578e-19
0
0
-1.59662e-18
0
0
0
0
0
0
2.91566e-09
0
0
0
0
0
0
0
2.04368e-16
0
2.55459e-17
0
0
0
-1.2773e-17
0
0
-2.91566e-09
0
0
-2.91566e-09
0
0
0
0
0
0
0
0
-1.45783e-09
1.45783e-09
0
0
-1.45783e-09
0
-1.45783e-09
1.45783e-09
9.97888e-20
-2.91566e-09
0
0
0
0
0
-2.91566e-09
0
0
-2.91566e-09
2.91566e-09
0
0
0
0
0
0
0
0
4.08735e-16
0
0
0
0
0
0
0
0
-2.91566e-09
2.91566e-09
0
0
0
0
0
0
0
-1.45783e-09
0
-1.45783e-09
0
1.45783e-09
0
0
0
0
-1.45783e-09
-1.45783e-09
9.97888e-20
0
0
0
0
0
-2.91566e-09
0
-2.91566e-09
0
0
0
2.91566e-09
-2.91566e-09
0
0
0
0
0
0
0
0
0
5.10919e-17
0
0
1.02184e-16
0
0
-2.91566e-09
0
0
0
0
0
0
0
0
0
0
0
0
0
-1.45783e-09
0
-1.45783e-09
-1.45783e-09
4.98944e-20
0
0
0
0
0
0
0
0
0
-2.91566e-09
0
-2.91566e-09
2.91566e-09
0
2.91566e-09
0
0
0
0
0
0
0
0
0
5.10919e-17
0
0
2.91566e-09
0
0
0
0
0
0
0
0
0
0
1.45783e-09
0
1.45783e-09
0
0
0
0
1.45783e-09
0
0
0
0
0
0
0
0
0
0
0
0
0
2.91566e-09
0
0
-2.91566e-09
-2.91566e-09
2.91566e-09
0
0
0
0
0
0
0
0
0
-2.91566e-09
0
0
0
0
0
0
0
0
0
0
0
-1.45783e-09
0
1.45783e-09
6.2368e-21
0
0
0
0
0
0
0
0
0
0
0
0
0
0
0
0
0
0
1.02184e-16
0
2.91566e-09
0
0
0
0
0
0
0
0
-2.91566e-09
2.91566e-09
-2.91566e-09
0
-2.91566e-09
0
-2.91566e-09
2.91566e-09
0
0
0
0
0
0
0
0
0
1.5592e-21
0
0
0
0
0
0
0
0
0
0
0
0
0
0
-7.98311e-19
0
0
0
0
0
0
0
0
0
4.08735e-16
0
2.91566e-09
2.91566e-09
0
0
2.91566e-09
2.91566e-09
-2.91566e-09
0
0
0
0
0
0
0
0
0
0
1.24736e-20
0
0
0
0
0
0
0
0
0
0
0
0
0
0
0
0
0
0
0
0
0
0
0
0
0
0
0
0
0
0
0
0
0
0
0
0
0
0
0
0
0
0
-2.04368e-16
0
0
0
0
-7.796e-22
0
0
-3.1184e-21
0
0
0
0
0
0
0
0
0
7.61328e-25
0
0
0
0
0
0
0
0
0
0
0
0
0
0
0
0
0
0
0
0
0
0
0
0
0
0
0
0
0
0
0
0
0
0
0
0
0
0
0
0
0
0
0
0
0
0
0
0
0
0
0
0
0
0
0
0
0
0
0
0
0
-2.55459e-17
0
0
0
0
0
0
0
0
0
0
0
0
0
0
0
0
5.10919e-17
0
0
0
0
0
0
0
0
0
0
0
0
0
0
0
0
0
0
0
0
0
1.52266e-24
0
0
0
0
0
0
-1.5592e-21
0
0
0
0
2.55459e-17
0
0
0
0
0
0
8.1747e-16
0
0
0
0
0
0
0
0
0
0
-5.10919e-17
0
0
0
0
0
0
0
0
-1.90332e-25
0
0
0
0
0
1.85871e-28
-1.85871e-28
0
0
0
0
0
0
0
0
0
0
0
0
0
0
0
5.10919e-17
0
0
0
0
0
0
0
-8.1747e-16
0
0
0
0
2.55459e-17
0
-5.10919e-17
0
0
0
0
0
0
0
0
0
0
0
0
-7.43485e-28
0
0
0
0
0
0
0
0
0
0
0
0
0
0
-2.91566e-09
0
-2.91566e-09
0
0
-2.91566e-09
2.55459e-17
-2.91566e-09
0
0
0
0
0
0
0
0
0
-2.91566e-09
2.91566e-09
0
-2.91566e-09
2.55459e-17
-2.91566e-09
0
0
0
0
0
0
0
0
-1.45783e-09
0
0
0
0
0
0
-1.45783e-09
-1.45783e-09
0
-1.24736e-20
0
0
0
0
0
0
-2.91566e-09
0
-2.91566e-09
0
2.91566e-09
2.91566e-09
0
2.91566e-09
0
0
0
0
-8.1747e-16
0
0
0
0
0
-2.91566e-09
-2.91566e-09
0
0
-2.91566e-09
0
-2.91566e-09
0
0
0
0
0
0
0
0
0
0
0
0
0
0
0
0
-1.45783e-09
0
0
0
0
0
0
0
0
-2.91566e-09
2.91566e-09
-2.91566e-09
-2.91566e-09
0
0
-2.91566e-09
0
-2.91566e-09
0
0
0
0
0
0
0
0
0
0
0
2.91566e-09
0
-2.91566e-09
0
0
0
0
0
0
0
0
1.45783e-09
0
0
0
0
0
0
0
0
-1.45783e-09
-1.45783e-09
0
-1.45783e-09
0
0
0
0
0
0
2.91566e-09
0
-2.91566e-09
0
0
0
0
0
0
0
0
3.26988e-15
0
0
0
0
0
2.91566e-09
0
0
0
-2.91566e-09
-2.91566e-09
0
0
3.99155e-19
0
0
0
0
0
0
0
1.45783e-09
1.45783e-09
-1.45783e-09
0
0
0
0
-1.45783e-09
0
0
0
0
0
2.55459e-17
0
0
1.99578e-19
0
0
0
0
0
0
2.91566e-09
-2.91566e-09
0
0
0
0
0
0
0
0
0
-2.91566e-09
-2.91566e-09
-2.91566e-09
2.91566e-09
0
0
0
0
0
0
0
0
0
0
0
-1.45783e-09
-1.45783e-09
1.45783e-09
0
0
0
0
0
0
0
0
0
0
0
1.2773e-17
0
0
0
0
0
2.91566e-09
2.91566e-09
0
2.91566e-09
0
0
0
0
0
0
0
0
0
0
2.91566e-09
-2.91566e-09
2.91566e-09
0
0
0
0
0
0
4.98944e-20
0
0
0
0
0
0
0
0
0
0
0
0
0
0
0
0
0
0
0
0
0
0
0
0
2.91566e-09
-2.91566e-09
0
2.91566e-09
-8.1747e-16
-2.91566e-09
0
0
1.30795e-14
0
0
0
0
0
2.91566e-09
-2.91566e-09
0
0
0
0
0
0
0
0
0
0
0
0
0
0
0
0
0
0
0
0
0
0
0
0
0
0
0
0
0
0
0
0
0
0
0
0
2.91566e-09
-2.91566e-09
2.91566e-09
0
0
0
0
6.53976e-15
-2.91566e-09
-2.91566e-09
3.26988e-15
0
0
0
0
0
0
0
0
0
0
0
0
0
0
0
0
0
0
0
0
0
0
0
0
6.2368e-21
0
0
0
0
0
0
0
0
0
0
-8.1747e-16
0
0
4.08735e-16
0
0
0
0
0
0
0
0
0
-1.63494e-15
0
0
0
0
0
0
0
0
0
0
4.98944e-20
0
0
0
0
0
7.796e-22
0
0
0
0
0
0
0
0
0
0
-1.24736e-20
0
0
0
0
0
0
0
0
0
0
0
0
0
0
0
0
0
0
0
0
0
0
0
0
0
0
0
0
0
0
0
0
0
0
0
0
0
0
0
0
0
0
-9.745e-23
0
0
0
0
0
0
0
7.98311e-19
0
0
0
0
0
0
0
0
0
0
0
0
0
0
0
0
0
0
0
0
0
0
0
0
0
0
0
0
1.24736e-20
0
0
0
0
0
0
0
0
0
1.21813e-23
0
0
0
3.04531e-24
0
0
0
-6.2368e-21
0
3.1184e-21
0
0
0
0
0
0
0
0
0
0
0
3.26988e-15
-3.26988e-15
0
0
0
0
0
0
0
8.1747e-16
0
0
0
0
0
0
0
0
0
0
0
0
-1.52266e-24
0
0
0
0
0
1.21813e-23
0
0
5.94788e-27
0
0
0
0
3.1184e-21
0
0
0
1.5592e-21
0
0
0
-2.04368e-16
0
0
2.04368e-16
0
0
0
0
0
0
0
1.63494e-15
0
0
0
0
0
0
0
0
0
0
0
0
0
0
0
0
0
9.5166e-26
0
0
-3.04531e-24
0
0
0
-2.97394e-27
0
0
0
0
0
0
0
0
0
0
4.08735e-16
0
0
0
0
0
0
1.63494e-15
0
0
0
0
0
0
0
0
0
0
0
0
0
7.796e-22
0
0
0
0
7.796e-22
0
0
0
0
0
0
0
0
)
;

boundaryField
{
    fuel
    {
        type            calculated;
        value           uniform 0;
    }
    primary_air
    {
        type            calculated;
        value           uniform 0;
    }
    Secondary_air_RHS
    {
        type            calculated;
        value           uniform 0;
    }
    Secondary_air_LHS
    {
        type            calculated;
        value           uniform 0;
    }
    outlet
    {
        type            calculated;
        value           uniform 0;
    }
    stove_body
    {
        type            calculated;
        value           uniform 0;
    }
    frontAndBack
    {
        type            empty;
    }
}


// ************************************************************************* //
