/*--------------------------------*- C++ -*----------------------------------*\
  =========                 |
  \\      /  F ield         | OpenFOAM: The Open Source CFD Toolbox
   \\    /   O peration     | Website:  https://openfoam.org
    \\  /    A nd           | Version:  6
     \\/     M anipulation  |
\*---------------------------------------------------------------------------*/
FoamFile
{
    version     2.0;
    format      ascii;
    class       volScalarField;
    location    "0.0025";
    object      Qdot;
}
// * * * * * * * * * * * * * * * * * * * * * * * * * * * * * * * * * * * * * //

dimensions      [1 -1 -3 0 0 0 0];

internalField   nonuniform List<scalar> 
3773
(
-3.3459e-06
-3.3459e-06
-3.3459e-06
0
-3.3459e-06
0
-3.3459e-06
-6.69181e-06
0
0
0
6.69181e-06
0
0
0
0
-1.33836e-05
0
0
0
0
0
-1.33836e-05
0
0
0
3.12666e-09
0
0
0
0
0
0
0
3.12666e-09
-6.69181e-06
-2.02924e-05
0
-6.69181e-06
-6.69181e-06
0
0
0
0
0
0
-3.3459e-06
0
0
0
-4.18238e-07
0
4.18238e-07
-8.5023e-07
0
0
-1.26847e-06
0
0
0
0
-6.31107e-07
-6.34234e-07
0
-6.34234e-07
0
0
0
0
-6.34234e-07
-1.26847e-06
3.12666e-09
3.20244e-07
3.12666e-09
-3.17117e-07
-3.17117e-07
-6.34234e-07
0
3.12666e-09
0
0
0
0
-4.15111e-07
0
0
-4.18238e-07
0
-2.09119e-07
-4.15111e-07
-1.05247e-06
0
0
4.18238e-07
-4.18238e-07
0
0
0
-3.17117e-07
0
2.61399e-08
0
0
0
-3.17117e-07
-3.17117e-07
0
0
0
0
0
-3.17117e-07
0
3.12666e-09
0
0
9.66163e-09
0
3.12666e-09
0
0
1.49292e-09
0
0
4.7604e-09
0
0
-6.53497e-09
0
-6.53497e-09
-6.53497e-09
0
0
0
0
0
0
0
3.12666e-09
0
0
0
0
0
0
0
0
-3.15554e-07
0
0
0
0
1.56333e-09
0
-5.26236e-07
0
-3.09684e-10
0
0
0
0
-2.09119e-07
0
-3.09684e-10
0
0
0
-2.09119e-07
0
0
3.12666e-09
0
0
1.88792e-09
-3.12666e-09
0
0
0
3.12666e-09
3.12666e-09
0
0
-3.17117e-07
0
0
0
0
0
0
0
0
0
0
-1.63374e-09
0
0
0
0
0
0
0
0
0
-5.26236e-07
0
-4.83882e-12
0
0
0
0
0
0
0
3.12182e-09
0
2.71822e-09
3.12666e-09
-2.05992e-07
0
3.12666e-09
3.12666e-09
0
0
3.12666e-09
0
0
0
3.12506e-09
0
0
-2.09119e-07
0
-1.23874e-09
0
0
-4.83882e-12
-4.08435e-10
3.17117e-07
1.56333e-09
0
-7.74211e-11
0
1.56333e-09
1.46122e-09
0
-3.17117e-07
0
0
0
1.56333e-09
0
0
0
-1.23874e-09
0
0
0
0
-3.17117e-07
-5.26236e-07
3.12666e-09
0
3.12666e-09
3.12666e-09
2.10933e-10
-5.23109e-07
3.12666e-09
0
0
0
3.12666e-09
0
0
3.17117e-07
-1.23874e-09
0
0
0
0
0
-3.17117e-07
-4.08435e-10
3.12666e-09
0
0
0
0
0
0
0
0
0
0
-3.17117e-07
0
0
0
0
0
0
0
0
0
0
0
0
0
0
0
0
0
0
0
0
0
3.12666e-09
-3.12666e-09
3.12666e-09
0
0
0
0
0
3.12666e-09
0
0
0
0
0
0
0
0
0
0
0
0
0
0
0
0
0
0
0
-1.79533e-12
0
0
1.56333e-09
0
0
0
3.12307e-09
0
0
0
0
3.12666e-09
-3.59067e-12
0
0
0
0
0
0
0
3.12666e-09
0
0
-3.12666e-09
3.12666e-09
0
-7.18133e-12
0
0
0
0
3.12666e-09
3.12666e-09
0
0
-3.59067e-12
3.12666e-09
0
0
-3.59067e-12
-3.59067e-12
0
0
0
0
-1.79533e-12
0
0
0
0
0
0
0
0
1.56333e-09
3.12666e-09
0
0
0
0
0
-3.50651e-15
0
3.50651e-15
0
3.12666e-09
0
-3.50651e-15
3.12666e-09
0
3.12666e-09
3.12666e-09
0
-3.50651e-15
3.12666e-09
3.12666e-09
0
0
3.12666e-09
-3.12666e-09
0
0
0
0
0
-1.75326e-15
-1.75326e-15
-1.75326e-15
-1.75326e-15
-1.75326e-15
-8.76628e-16
0
1.56333e-09
0
1.56333e-09
0
1.56333e-09
0
-8.56082e-19
0
0
-8.56082e-19
-4.28041e-19
0
0
0
-3.42433e-18
-3.42433e-18
0
0
-3.42433e-18
0
-3.12666e-09
3.12666e-09
3.12666e-09
0
0
3.12666e-09
3.12666e-09
-3.42433e-18
0
0
3.12666e-09
3.12666e-09
0
3.12666e-09
3.12666e-09
-3.42433e-18
3.12666e-09
0
3.12666e-09
0
0
-8.56082e-19
0
0
0
0
0
0
0
0
0
0
0
0
1.56333e-09
-4.18009e-22
0
0
1.56333e-09
0
4.18009e-22
0
3.12666e-09
0
0
0
0
0
0
0
0
3.12666e-09
3.12666e-09
-1.67203e-21
-3.12666e-09
0
0
-3.12666e-09
3.12666e-09
0
3.12666e-09
0
0
0
0
3.12666e-09
0
0
3.12666e-09
0
-4.18009e-22
0
0
0
-4.18009e-22
0
0
0
0
1.56333e-09
0
1.56333e-09
0
0
0
0
0
0
0
0
0
0
0
0
0
3.12666e-09
0
3.12666e-09
3.12666e-09
3.12666e-09
3.12666e-09
0
3.12666e-09
3.12666e-09
0
3.12666e-09
0
-8.16423e-25
-1.63285e-24
3.12666e-09
0
0
-3.12666e-09
3.12666e-09
0
0
0
3.12666e-09
0
0
0
0
3.12666e-09
-2.61255e-23
0
0
1.56333e-09
0
-1.02053e-25
0
0
0
0
0
0
0
1.56333e-09
0
0
0
0
0
0
0
0
0
3.12666e-09
-3.12666e-09
0
3.12666e-09
-4.08212e-25
0
0
0
0
0
0
-3.26569e-24
0
0
0
0
0
0
0
0
0
3.12666e-09
0
0
-5.10264e-26
0
0
3.12666e-09
0
1.56333e-09
0
0
0
0
0
0
0
0
0
0
0
0
0
0
0
-5.10264e-26
0
0
0
3.12666e-09
-3.12666e-09
3.12666e-09
3.12666e-09
-3.26569e-24
0
0
0
0
0
5.10264e-26
0
0
0
3.12666e-09
3.12666e-09
-1.63285e-24
0
3.12666e-09
0
0
0
3.12666e-09
0
0
0
0
0
0
0
0
1.56333e-09
0
0
0
0
1.56333e-09
1.56333e-09
0
0
0
-1.56333e-09
0
3.12666e-09
0
0
0
0
0
0
-7.97288e-28
0
0
0
3.12666e-09
0
0
1.30628e-23
0
0
0
0
0
0
3.12666e-09
-3.18915e-27
-3.12666e-09
0
0
-3.12666e-09
0
0
0
0
-1.59458e-27
-7.97288e-28
0
1.56333e-09
1.56333e-09
-4.98305e-29
0
-1.56333e-09
1.56333e-09
1.56333e-09
1.56333e-09
0
1.56333e-09
0
1.56333e-09
0
0
-1.27566e-26
0
3.12666e-09
0
3.12666e-09
3.12666e-09
0
0
-3.18915e-27
0
0
0
0
0
0
0
0
0
0
0
0
0
0
3.12666e-09
0
3.12666e-09
0
-3.12666e-09
-2.55132e-26
3.12666e-09
0
3.12666e-09
0
3.12666e-09
-5.10264e-26
-3.18915e-27
0
0
0
0
-2.49153e-29
0
1.56333e-09
0
1.56333e-09
-9.28166e-38
0
-9.73252e-32
-1.56333e-09
3.12666e-09
3.12666e-09
0
-3.71266e-37
3.12666e-09
3.12666e-09
0
3.12666e-09
0
0
0
3.12666e-09
3.12666e-09
3.12666e-09
1.24576e-29
0
0
0
0
0
0
3.12666e-09
0
0
3.12666e-09
0
3.12666e-09
0
3.12666e-09
0
0
3.12666e-09
-1.90088e-34
-3.12666e-09
0
1.56333e-09
0
1.56333e-09
-4.64083e-38
0
1.56333e-09
-3.89301e-31
0
1.56333e-09
1.56333e-09
0
0
0
1.56333e-09
3.12666e-09
3.12666e-09
0
0
0
0
0
0
0
3.12666e-09
0
0
-3.12666e-09
0
0
6.25332e-09
0
0
0
0
0
3.12666e-09
-1.18805e-35
0
0
0
0
0
3.12666e-09
3.12666e-09
0
0
0
0
0
1.56333e-09
-1.56333e-09
0
0
0
1.56333e-09
0
0
0
1.56333e-09
0
0
0
1.56333e-09
3.12666e-09
0
0
3.12666e-09
0
0
0
3.12666e-09
-7.25129e-40
3.12666e-09
3.12666e-09
-3.54067e-43
3.12666e-09
0
0
0
0
0
0
0
0
3.12666e-09
3.12666e-09
0
3.12666e-09
0
-2.90052e-39
0
-2.32041e-38
0
0
0
3.12666e-09
0
0
1.56333e-09
0
0
-1.56333e-09
0
0
1.56333e-09
0
0
0
1.56333e-09
0
1.56333e-09
-4.42584e-44
0
0
0
0
0
3.12666e-09
0
0
-3.12666e-09
0
3.12666e-09
3.12666e-09
0
0
0
0
0
6.25332e-09
0
0
0
0
-3.12666e-09
0
3.12666e-09
3.12666e-09
0
3.12666e-09
0
0
1.72884e-46
3.12666e-09
0
0
-5.66507e-42
-2.83254e-42
1.56333e-09
0
1.56333e-09
-1.08053e-47
0
0
0
0
0
1.56333e-09
0
0
0
0
-8.64422e-47
0
0
-1.68832e-49
0
0
0
0
3.12666e-09
3.12666e-09
0
0
0
0
-2.70132e-48
0
0
-8.44162e-50
0
0
3.12666e-09
-3.12666e-09
-3.37665e-49
0
3.12666e-09
-2.16105e-47
3.12666e-09
0
0
0
0
0
0
0
2.21292e-44
0
1.56333e-09
0
0
0
0
0
0
0
1.56333e-09
0
0
1.56333e-09
3.12666e-09
3.12666e-09
0
0
0
0
0
0
0
0
3.12666e-09
3.12666e-09
3.12666e-09
0
0
0
0
0
0
0
0
0
0
3.12666e-09
0
3.12666e-09
0
0
0
0
0
0
0
0
0
0
1.56333e-09
0
0
0
1.56333e-09
0
0
0
0
0
0
0
0
0
0
0
0
0
0
0
3.12666e-09
0
3.12666e-09
3.12666e-09
3.12666e-09
3.12666e-09
3.12666e-09
0
0
0
7.97288e-28
0
0
0
0
0
3.12666e-09
0
3.12666e-09
0
0
0
0
0
0
0
0
0
1.56333e-09
0
0
-2.55132e-26
1.56333e-09
0
0
0
0
0
0
0
0
0
0
0
0
0
0
0
0
0
0
0
0
0
0
0
0
0
0
-7.97288e-28
7.97288e-28
0
0
0
0
3.12666e-09
3.12666e-09
0
3.12666e-09
3.12666e-09
0
0
3.12666e-09
0
0
0
0
0
0
0
0
0
1.56333e-09
0
0
0
0
1.56333e-09
0
0
0
0
0
3.12666e-09
0
3.12666e-09
0
0
0
3.12666e-09
3.12666e-09
3.12666e-09
-2.09004e-22
3.12666e-09
0
0
0
0
0
0
-1.67203e-21
0
3.12666e-09
0
0
0
-3.12666e-09
0
3.12666e-09
0
0
0
0
0
0
0
0
0
0
3.18915e-27
0
0
0
0
1.56333e-09
0
0
0
0
0
0
0
0
0
3.12666e-09
0
0
0
0
3.12666e-09
3.12666e-09
0
-3.12666e-09
3.12666e-09
0
0
0
0
0
-6.68814e-21
0
0
3.12666e-09
-1.63285e-24
0
3.12666e-09
0
0
0
0
0
0
0
0
3.12666e-09
0
1.56333e-09
0
0
0
0
0
0
0
0
1.56333e-09
1.56333e-09
0
0
0
3.12666e-09
-2.55132e-26
-1.99322e-28
0
0
0
3.12666e-09
0
0
0
0
-1.33763e-20
0
0
0
0
0
0
0
0
0
3.12666e-09
3.12666e-09
0
0
0
3.12666e-09
0
0
3.12666e-09
0
0
0
0
1.56333e-09
-1.56333e-09
0
0
0
0
0
1.56333e-09
1.56333e-09
0
1.56333e-09
0
0
0
0
3.12666e-09
0
0
0
0
3.12666e-09
0
3.12666e-09
0
3.12666e-09
0
-3.12666e-09
3.12666e-09
0
0
-1.04502e-22
0
0
0
0
0
0
0
-1.59458e-27
3.12666e-09
3.12666e-09
3.12666e-09
0
3.12666e-09
0
0
3.12666e-09
0
3.12666e-09
1.56333e-09
0
0
0
0
0
1.56333e-09
-4.22081e-50
0
0
0
0
0
0
0
0
3.12666e-09
3.12666e-09
3.12666e-09
0
3.12666e-09
3.12666e-09
-3.12666e-09
-5.15235e-54
0
0
3.12666e-09
3.12666e-09
0
0
-5.15235e-54
0
0
0
0
3.12666e-09
0
0
0
0
3.12666e-09
-3.12666e-09
-5.27601e-51
0
0
3.12666e-09
0
-1.0552e-50
0
0
0
0
-1.56333e-09
-1.319e-51
-1.0552e-50
1.56333e-09
0
0
0
-1.00632e-56
0
0
0
-8.05055e-56
0
0
0
0
-2.5158e-57
0
3.12666e-09
0
0
0
0
0
3.12666e-09
0
-1.00632e-56
0
0
5.0316e-57
0
0
0
3.12666e-09
0
0
0
0
0
0
0
-3.12666e-09
3.12666e-09
0
0
0
1.56333e-09
0
1.56333e-09
0
0
-3.22022e-55
0
-2.01264e-56
-5.0316e-57
0
1.56333e-09
-7.86187e-59
0
0
3.12666e-09
3.12666e-09
-1.57237e-58
-1.96547e-59
0
0
3.12666e-09
0
0
6.25332e-09
0
0
0
0
0
0
1.22842e-60
-3.07104e-61
0
6.25332e-09
-2.45683e-60
0
0
0
-1.96547e-59
0
3.12666e-09
-1.96547e-59
0
0
0
-3.12666e-09
0
0
0
0
-4.02528e-56
0
1.56333e-09
0
0
0
0
0
-1.57237e-58
-9.82734e-60
-9.82734e-60
0
-1.57237e-58
0
0
-1.96547e-59
0
3.12666e-09
0
0
0
0
6.25332e-09
0
0
0
-3.12666e-09
0
3.07104e-61
0
0
0
0
0
0
0
0
0
0
2.45683e-60
0
3.12666e-09
0
0
3.12666e-09
0
0
0
0
0
0
-1.57237e-58
1.56333e-09
0
0
0
0
0
1.56333e-09
0
-4.91367e-60
0
0
0
0
0
0
0
-9.59701e-63
3.12666e-09
0
0
0
0
0
0
0
0
0
0
0
0
0
0
0
-4.91367e-60
0
-6.14208e-61
0
0
-4.91367e-60
0
0
0
0
0
0
0
0
0
0
0
0
0
0
0
1.56333e-09
0
1.56333e-09
0
0
0
3.12666e-09
0
0
3.12666e-09
-1.53552e-61
3.12666e-09
-1.53552e-61
3.12666e-09
-7.67761e-62
0
-2.39925e-63
3.12666e-09
-4.7985e-63
1.9194e-62
0
-1.9194e-62
0
0
0
0
-3.12666e-09
3.12666e-09
0
0
-7.67761e-62
3.12666e-09
0
0
-7.86187e-59
0
3.12666e-09
0
3.12666e-09
0
0
0
-1.56333e-09
0
-1.56333e-09
0
0
0
0
1.56333e-09
1.56333e-09
0
1.56333e-09
0
0
3.12666e-09
0
0
0
0
-7.67761e-62
0
0
6.25332e-09
-5.99813e-64
0
0
0
0
-9.59701e-63
0
0
0
0
6.25332e-09
0
-3.12666e-09
1.53552e-61
0
6.25332e-09
3.12666e-09
3.12666e-09
1.96547e-59
3.12666e-09
0
0
3.12666e-09
-3.12666e-09
0
0
1.56333e-09
1.56333e-09
0
0
1.56333e-09
-9.82734e-60
0
0
-1.17151e-66
1.56333e-09
-5.85755e-67
0
1.56333e-09
-1.2579e-57
3.12666e-09
-7.32194e-68
3.12666e-09
0
0
3.12666e-09
0
0
0
0
0
0
0
0
0
0
0
0
0
6.25332e-09
0
0
0
0
0
0
6.25332e-09
3.12666e-09
0
0
0
-2.34302e-66
3.12666e-09
0
0
0
0
0
0
0
1.56333e-09
0
-4.7985e-63
0
0
-4.68604e-66
0
0
0
0
0
-2.92877e-67
-5.85755e-67
0
3.12666e-09
0
0
0
0
3.12666e-09
0
0
0
0
0
0
6.25332e-09
6.25332e-09
0
6.28949e-58
0
0
0
3.12666e-09
3.12666e-09
3.12666e-09
0
0
2.34302e-66
0
0
0
0
0
-7.67761e-62
0
0
0
0
0
0
0
0
-4.68604e-66
-9.37208e-66
0
0
0
0
0
0
-1.17151e-66
0
-1.17151e-66
0
0
-4.57621e-69
3.12666e-09
0
0
0
6.25332e-09
-1.17151e-66
0
0
6.25332e-09
-3.66097e-68
6.25332e-09
-9.82734e-60
0
-3.12666e-09
-2.92877e-67
0
0
3.12666e-09
0
0
0
0
0
0
0
0
0
0
0
0
0
0
0
-1.87442e-65
0
-1.87442e-65
0
1.56333e-09
0
0
0
0
0
3.12666e-09
0
0
0
0
3.12666e-09
0
0
3.12666e-09
0
-2.99906e-64
0
0
-2.2881e-69
0
-1.83048e-68
0
0
0
0
3.12666e-09
0
0
3.12666e-09
0
0
0
0
0
0
0
0
1.56333e-09
0
0
1.56333e-09
0
-1.19963e-63
0
0
0
0
0
0
0
0
0
-2.92877e-67
0
0
-2.92877e-67
0
3.12666e-09
0
3.12666e-09
-3.12666e-09
3.12666e-09
0
0
0
0
0
0
0
-1.14405e-69
0
0
0
-4.57621e-69
0
0
0
3.12666e-09
0
0
0
3.12666e-09
0
3.12666e-09
0
0
0
0
-4.7985e-63
0
0
0
1.56333e-09
0
0
0
0
0
0
0
0
0
-3.74883e-65
1.87442e-65
0
-1.17151e-66
3.12666e-09
0
-3.12666e-09
-3.12666e-09
0
-3.12666e-09
-3.12666e-09
0
0
0
0
0
-1.78758e-71
0
0
-3.12666e-09
0
0
0
3.12666e-09
3.12666e-09
0
0
-3.74883e-65
5.99813e-64
0
-7.49766e-65
0
1.56333e-09
0
-3.8388e-62
0
0
0
0
0
0
0
0
0
0
-5.99813e-64
3.12666e-09
0
0
0
0
0
0
3.12666e-09
0
0
0
0
0
0
0
0
0
-1.46439e-67
0
0
0
-3.12666e-09
3.12666e-09
0
-3.12666e-09
0
0
3.12666e-09
0
0
0
0
0
3.12666e-09
0
0
1.56333e-09
0
0
1.56333e-09
0
0
0
0
1.56333e-09
0
0
-1.22842e-60
1.56333e-09
3.12666e-09
0
0
-5.85755e-67
0
0
-2.01264e-56
0
-7.32194e-68
0
0
0
-7.67761e-62
0
-9.15242e-69
0
0
-9.37208e-66
0
0
0
0
0
0
0
0
0
0
0
0
3.12666e-09
0
0
0
0
0
0
0
0
0
0
0
0
0
1.56333e-09
-1.87442e-65
0
0
0
0
0
0
0
-1.17151e-66
0
0
3.12666e-09
0
3.12666e-09
0
-1.46439e-67
-1.19963e-63
0
0
0
0
0
0
0
0
0
0
3.12666e-09
0
0
0
0
0
0
-1.49953e-64
0
0
0
0
0
0
0
0
0
0
0
0
1.56333e-09
0
0
0
0
0
0
0
3.12666e-09
0
0
0
0
0
0
0
0
0
0
0
0
-2.92877e-67
0
0
0
6.25332e-09
0
1.87442e-65
1.87442e-65
0
0
3.12666e-09
0
0
0
0
0
0
0
0
0
0
0
0
-1.19963e-63
-1.19963e-63
1.9194e-62
0
0
-5.99813e-64
-5.99813e-64
-2.99906e-64
0
1.56333e-09
1.56333e-09
0
-1.87442e-65
0
0
0
0
3.12666e-09
0
0
3.12666e-09
3.12666e-09
0
3.12666e-09
0
0
0
0
0
0
-7.32194e-68
0
-3.12666e-09
3.12666e-09
3.12666e-09
0
3.12666e-09
0
0
0
0
0
0
3.12666e-09
0
0
0
0
-9.59701e-63
4.7985e-63
-2.39925e-63
0
0
0
0
0
1.56333e-09
1.56333e-09
0
3.07104e-61
3.12666e-09
0
0
-1.87442e-65
0
0
0
3.12666e-09
0
-9.15242e-69
0
0
-3.12666e-09
-3.74883e-65
0
0
0
0
0
0
0
3.12666e-09
-5.85755e-67
0
3.12666e-09
0
3.12666e-09
3.12666e-09
3.12666e-09
0
0
0
0
0
0
3.8388e-62
-3.8388e-62
0
0
0
-9.59701e-63
0
-4.7985e-63
0
0
0
0
-5.99813e-64
0
0
-7.49766e-65
0
0
0
3.12666e-09
3.12666e-09
3.12666e-09
0
-3.12666e-09
-7.32194e-68
0
0
2.34302e-66
0
-1.43007e-70
-1.14405e-69
0
-3.12666e-09
0
0
0
0
0
3.12666e-09
3.12666e-09
0
3.12666e-09
0
3.12666e-09
0
3.12666e-09
0
0
0
0
0
0
0
0
-4.7985e-63
0
0
0
0
0
0
0
0
0
3.12666e-09
-4.7985e-63
0
3.12666e-09
-1.53552e-61
0
3.12666e-09
3.12666e-09
0
0
3.12666e-09
0
3.12666e-09
0
-3.12666e-09
0
0
0
0
3.12666e-09
-3.12666e-09
3.12666e-09
0
3.12666e-09
0
0
0
0
0
0
0
3.12666e-09
0
0
0
0
0
0
0
0
0
1.56333e-09
0
0
1.56333e-09
0
1.56333e-09
0
0
0
3.12666e-09
0
-3.12666e-09
3.12666e-09
3.12666e-09
-3.25159e-83
0
0
-6.65926e-80
0
0
0
0
0
0
0
0
0
0
-2.60127e-82
0
0
0
-8.52386e-78
0
0
0
0
3.12666e-09
3.12666e-09
0
0
0
1.56333e-09
0
1.56333e-09
1.56333e-09
0
0
1.56333e-09
0
1.56333e-09
0
-1.56333e-09
6.81908e-77
0
1.56333e-09
0
0
0
0
0
-6.98274e-74
0
0
0
0
-3.12666e-09
3.12666e-09
0
0
0
-1.04051e-81
0
-6.65926e-80
0
0
0
0
0
3.12666e-09
3.12666e-09
3.12666e-09
3.12666e-09
0
0
0
0
0
0
0
0
0
1.56333e-09
1.56333e-09
1.56333e-09
0
-1.78758e-71
-2.92877e-67
1.56333e-09
1.56333e-09
1.56333e-09
0
0
0
0
0
0
0
0
0
0
-2.2881e-69
0
3.12666e-09
0
0
3.12666e-09
3.12666e-09
3.12666e-09
3.12666e-09
3.12666e-09
0
0
0
0
0
3.12666e-09
0
-3.12666e-09
0
0
-3.12666e-09
0
-6.65926e-80
0
0
0
0
0
0
1.56333e-09
1.56333e-09
0
-1.56333e-09
0
0
-1.17151e-66
-1.66482e-80
0
0
0
0
-8.93791e-72
0
3.12666e-09
0
-1.06548e-78
0
0
0
0
-3.12666e-09
0
0
3.12666e-09
-4.26193e-78
0
0
0
0
0
-3.12666e-09
-2.13096e-78
0
-3.57516e-71
-1.66482e-80
0
0
0
3.12666e-09
0
3.12666e-09
0
0
-6.81908e-77
-2.72763e-76
0
0
-7.32194e-68
0
1.56333e-09
1.56333e-09
0
0
0
0
0
0
1.56333e-09
0
0
0
0
0
0
0
3.12666e-09
0
0
0
3.12666e-09
-1.66482e-80
3.12666e-09
0
0
-3.12666e-09
3.12666e-09
0
0
3.12666e-09
0
3.12666e-09
0
0
3.12666e-09
3.12666e-09
-4.26193e-78
0
0
0
0
5.32741e-79
0
0
0
-4.36421e-75
3.12666e-09
0
2.13096e-78
0
0
0
0
0
0
0
0
0
0
0
0
0
0
-2.6637e-79
3.12666e-09
0
0
0
0
1.04051e-81
-3.12666e-09
0
0
-8.52386e-78
3.12666e-09
0
0
3.12666e-09
-6.65926e-80
-3.12666e-09
0
3.12666e-09
0
0
3.12666e-09
0
3.12666e-09
3.12666e-09
-2.7931e-73
0
0
0
0
0
0
3.12666e-09
0
0
0
0
0
-3.49137e-74
1.43007e-70
0
0
0
0
0
0
-4.46895e-72
0
0
0
-4.26193e-78
0
0
0
0
-3.12666e-09
0
0
0
3.12666e-09
0
3.12666e-09
3.12666e-09
-3.12666e-09
0
-1.33185e-79
0
3.49137e-74
3.12666e-09
0
0
-8.52386e-78
0
0
0
0
0
0
0
0
3.12666e-09
0
0
0
0
-1.09105e-75
0
0
-7.15033e-71
0
-1.27015e-85
0
-2.08102e-81
0
0
0
0
0
0
0
-8.32408e-81
8.32408e-81
0
0
0
3.12666e-09
0
3.12666e-09
0
0
0
3.12666e-09
0
-3.12666e-09
3.12666e-09
0
0
0
3.12666e-09
0
0
0
-3.12666e-09
8.72843e-75
3.12666e-09
0
0
3.12666e-09
0
0
0
0
-8.12898e-84
1.30064e-82
0
0
0
0
-8.93791e-72
0
0
0
0
0
0
0
-7.7524e-90
-4.96154e-88
7.93846e-87
3.12666e-09
0
0
0
0
0
0
0
0
0
0
0
3.12666e-09
-3.12666e-09
0
-3.12666e-09
3.12666e-09
0
0
0
0
0
3.12666e-09
0
0
0
1.58769e-86
-5.08061e-85
-8.12898e-84
0
-4.16204e-81
0
-1.58769e-86
0
0
0
-6.65926e-80
-1.06548e-78
0
0
0
0
1.24038e-88
0
3.17538e-86
0
0
0
0
0
0
0
0
0
0
-8.12898e-84
0
0
0
0
0
0
0
0
3.12666e-09
0
0
-5.08061e-85
0
0
0
0
3.12666e-09
0
0
0
0
0
0
-3.25159e-83
0
0
0
-2.48077e-88
0
0
0
0
0
0
0
0
0
0
0
0
3.12666e-09
-1.21131e-91
0
0
0
0
0
-1.98461e-87
0
0
0
0
0
0
2.54031e-85
0
0
0
0
-8.52386e-78
3.12666e-09
-1.27015e-85
3.12666e-09
0
0
-1.06548e-78
0
0
0
0
0
0
0
3.12666e-09
0
0
0
1.56333e-09
0
0
0
0
0
0
0
-2.95731e-95
-1.89268e-93
0
0
0
0
-4.84525e-91
3.10096e-89
0
0
-7.7524e-90
0
0
0
0
0
0
0
3.17538e-86
0
-2.03225e-84
0
3.12666e-09
0
0
0
-2.54031e-85
0
0
0
-4.26193e-78
0
0
0
0
0
0
0
-2.25625e-100
1.56333e-09
0
0
0
0
0
0
0
0
0
0
0
0
0
0
0
0
0
0
-7.93846e-87
0
-7.7524e-90
0
0
-2.03225e-84
0
0
0
0
3.12666e-09
3.12666e-09
0
0
3.32963e-80
-1.55048e-89
0
0
-2.03225e-84
0
0
0
0
0
0
0
0
-1.98461e-87
-1.27015e-85
0
-2.25625e-100
0
0
-2.95731e-95
-1.89268e-93
0
0
-2.20336e-103
0
0
-1.1552e-97
0
0
3.12666e-09
2.3104e-97
0
0
0
3.12666e-09
0
3.12666e-09
0
0
0
0
0
0
0
0
0
0
0
0
-4.16204e-81
0
0
0
-1.27015e-85
0
0
-8.32408e-81
3.12666e-09
0
0
0
0
0
0
0
1.56333e-09
1.56333e-09
0
1.56333e-09
0
0
1.56333e-09
1.56333e-09
1.56333e-09
-1.56333e-09
1.56333e-09
1.56333e-09
1.56333e-09
3.12666e-09
3.12666e-09
3.12666e-09
3.12666e-09
3.12666e-09
0
3.12666e-09
0
0
0
0
0
0
-3.96923e-87
0
0
0
0
0
0
0
-4.46895e-72
0
0
0
0
0
0
3.12666e-09
0
0
-5.32741e-79
-3.12666e-09
0
0
1.56333e-09
0
0
0
0
0
0
0
1.56333e-09
-4.26193e-78
0
1.56333e-09
0
-1.56333e-09
0
0
0
0
0
0
0
3.12666e-09
0
3.12666e-09
0
0
0
-7.93846e-87
0
6.25332e-09
0
0
0
0
0
0
-4.36421e-75
3.12666e-09
3.12666e-09
3.12666e-09
0
3.12666e-09
0
0
-1.70477e-77
0
0
0
3.12666e-09
1.56333e-09
0
-1.36382e-76
0
0
-1.56333e-09
0
0
0
0
1.56333e-09
1.56333e-09
1.56333e-09
1.56333e-09
-7.15033e-71
0
3.12666e-09
0
-8.32408e-81
0
3.12666e-09
0
0
-6.65926e-80
0
3.12666e-09
-6.50319e-83
0
0
0
0
3.12666e-09
3.12666e-09
3.12666e-09
-6.50319e-83
0
0
0
-2.6637e-79
-3.12666e-09
0
0
0
-2.7931e-73
0
0
0
0
0
0
0
0
0
0
0
0
0
0
0
0
-1.33185e-79
1.56333e-09
1.56333e-09
0
0
0
0
0
0
-2.54031e-85
0
0
3.12666e-09
3.12666e-09
0
0
-3.12666e-09
0
0
0
3.12666e-09
0
0
0
3.12666e-09
0
3.12666e-09
-5.32741e-79
-1.33185e-79
0
0
0
-5.58619e-73
1.36382e-76
0
0
0
-8.32408e-81
0
0
0
1.56333e-09
0
0
1.56333e-09
0
0
0
-4.26193e-78
0
0
1.56333e-09
0
0
0
0
0
0
0
0
3.12666e-09
0
0
0
0
0
0
3.12666e-09
3.12666e-09
0
3.12666e-09
3.12666e-09
3.12666e-09
3.12666e-09
-1.74569e-74
-1.70477e-77
0
0
-3.12666e-09
3.12666e-09
3.12666e-09
0
0
0
0
3.12666e-09
0
0
0
0
0
0
0
0
1.56333e-09
0
1.56333e-09
-8.52386e-78
0
0
-2.03225e-84
0
0
0
0
0
-8.32408e-81
0
3.12666e-09
0
3.12666e-09
0
0
3.12666e-09
3.12666e-09
3.12666e-09
-1.36382e-76
0
0
3.12666e-09
3.12666e-09
0
-4.46895e-72
-3.12666e-09
0
3.12666e-09
0
-3.12666e-09
0
0
0
0
3.12666e-09
0
0
0
0
1.56333e-09
-2.18211e-75
-1.36382e-76
-1.70477e-77
0
1.56333e-09
0
0
-6.81908e-77
0
0
0
1.01612e-84
0
0
0
3.12666e-09
0
0
0
0
0
3.12666e-09
0
0
3.12666e-09
3.12666e-09
0
-4.36421e-75
0
0
0
-1.04051e-81
0
-1.78758e-71
3.12666e-09
0
3.12666e-09
3.12666e-09
-3.32963e-80
0
2.2881e-69
-2.7931e-73
3.12666e-09
0
0
0
0
0
0
1.56333e-09
1.56333e-09
1.56333e-09
0
0
0
0
0
7.81665e-10
0
1.27015e-85
0
0
0
-2.08102e-81
3.12666e-09
0
0
0
-1.74569e-74
3.12666e-09
0
-3.12666e-09
3.12666e-09
0
0
0
3.12666e-09
0
0
0
3.12666e-09
0
-3.12666e-09
-3.12666e-09
0
3.12666e-09
0
0
0
0
-1.70477e-77
0
0
0
0
0
0
7.81665e-10
0
7.81665e-10
4.16204e-81
0
0
0
0
0
0
0
0
0
-5.20255e-82
0
0
0
0
0
0
3.12666e-09
0
0
3.12666e-09
0
0
0
-2.72763e-76
0
3.12666e-09
0
0
0
0
0
0
3.12666e-09
-1.66482e-80
0
0
0
0
0
-8.12898e-84
0
-1.58769e-86
0
0
0
-3.32963e-80
0
0
1.56333e-09
0
0
3.17538e-86
0
0
0
0
0
0
0
0
-1.98461e-87
-1.55048e-89
0
0
0
0
0
0
0
0
3.12666e-09
0
0
0
0
0
0
0
0
0
0
0
-1.04051e-81
0
-1.27015e-85
0
0
-2.03225e-84
0
0
0
-1.21131e-91
-7.5707e-93
-1.01612e-84
-6.35077e-86
-3.96923e-87
2.48077e-88
0
0
0
0
0
-2.36585e-94
0
4.62079e-97
0
0
0
0
0
0
0
0
0
0
0
0
3.12666e-09
0
3.12666e-09
0
0
0
-3.25159e-83
0
0
-3.17538e-86
0
-8.52386e-78
0
0
0
-5.08061e-85
0
0
0
0
0
-1.55048e-89
0
0
0
0
0
0
1.56333e-09
0
0
0
0
-1.18292e-94
0
0
0
1.56333e-09
0
0
0
0
0
0
0
0
0
-1.30064e-82
3.12666e-09
0
0
3.12666e-09
-3.02828e-92
0
-2.60127e-82
0
-2.54031e-85
3.12666e-09
0
3.12666e-09
0
0
3.12666e-09
-1.01612e-84
0
0
0
0
0
0
-9.6905e-91
-1.51414e-92
0
3.12666e-09
-2.42263e-91
0
0
0
1.56333e-09
0
0
0
0
0
0
0
0
0
-4.96154e-88
-7.7524e-90
0
0
0
0
0
0
-8.12898e-84
0
0
0
0
0
0
0
0
0
0
3.12666e-09
0
0
0
0
0
-9.92307e-88
3.12666e-09
0
0
0
0
0
0
0
0
-1.51414e-92
0
0
1.56333e-09
0
0
0
0
-4.62079e-97
0
0
0
0
0
0
0
0
-2.36585e-94
0
0
0
0
0
3.12666e-09
3.12666e-09
3.12666e-09
3.12666e-09
0
0
0
0
0
0
0
-3.8762e-90
0
0
0
-3.96923e-87
0
0
3.12666e-09
0
0
0
-3.78535e-93
0
0
0
0
-7.39327e-96
0
-3.60999e-99
0
0
-1.3771e-104
)
;

boundaryField
{
    fuel
    {
        type            calculated;
        value           uniform 0;
    }
    primary_air
    {
        type            calculated;
        value           uniform 0;
    }
    Secondary_air_RHS
    {
        type            calculated;
        value           uniform 0;
    }
    Secondary_air_LHS
    {
        type            calculated;
        value           uniform 0;
    }
    outlet
    {
        type            calculated;
        value           uniform 0;
    }
    stove_body
    {
        type            calculated;
        value           uniform 0;
    }
    frontAndBack
    {
        type            empty;
    }
}


// ************************************************************************* //
