/*--------------------------------*- C++ -*----------------------------------*\
  =========                 |
  \\      /  F ield         | OpenFOAM: The Open Source CFD Toolbox
   \\    /   O peration     | Website:  https://openfoam.org
    \\  /    A nd           | Version:  6
     \\/     M anipulation  |
\*---------------------------------------------------------------------------*/
FoamFile
{
    version     2.0;
    format      ascii;
    class       volScalarField;
    location    "0.0075";
    object      N2;
}
// * * * * * * * * * * * * * * * * * * * * * * * * * * * * * * * * * * * * * //

dimensions      [0 0 0 0 0 0 0];

internalField   nonuniform List<scalar> 
3773
(
0.691709
0.701578
0.701833
0.701268
0.700957
0.69975
0.68961
0.75826
0.761993
0.758876
0.760538
0.763857
0.763231
0.760224
0.734954
0.748523
0.748509
0.748487
0.748476
0.748422
0.735103
0.735351
0.74051
0.740205
0.739584
0.73963
0.741492
0.735989
0.734821
0.739241
0.748401
0.74842
0.748446
0.748427
0.735111
0.760352
0.764033
0.761553
0.762756
0.764153
0.763204
0.760491
0.689918
0.698938
0.698733
0.69939
0.700368
0.699593
0.688991
0.891412
0.907685
0.909555
0.908263
0.905064
0.902773
0.888789
0.98711
0.991037
0.989485
0.990442
0.991862
0.99148
0.987784
0.982822
0.97964
0.977535
0.978922
0.979412
0.975061
0.983316
0.986616
0.99251
0.992099
0.991547
0.991632
0.993403
0.987853
0.983104
0.988005
0.977917
0.978764
0.979962
0.977278
0.983404
0.987765
0.992925
0.990707
0.991708
0.992131
0.991576
0.987929
0.886658
0.899861
0.902055
0.902283
0.904421
0.903589
0.887207
0.967093
0.982123
0.983296
0.982644
0.979339
0.976776
0.965491
0.992933
0.999131
0.999161
0.999185
0.999016
0.998802
0.992904
0.994698
0.998938
0.998295
0.998576
0.998662
0.998852
0.994463
0.995149
0.999743
0.999856
0.999851
0.999862
0.999813
0.995217
0.994398
0.999269
0.998802
0.998612
0.998769
0.998366
0.994436
0.992937
0.998774
0.998989
0.998825
0.999167
0.998902
0.99293
0.964343
0.975779
0.978404
0.977136
0.980062
0.977897
0.964479
0.987205
0.995809
0.996316
0.996066
0.99655
0.996388
0.986704
0.993979
0.999795
0.99991
0.999904
0.999859
0.999798
0.993947
0.995115
0.999933
0.999891
0.999918
0.999928
0.999946
0.995105
0.995345
0.999982
0.999996
0.999997
0.999997
0.99996
0.99534
0.995098
0.999972
0.999936
0.999956
0.999939
0.9999
0.99511
0.993952
0.999814
0.999861
0.999913
0.999873
0.999803
0.993951
0.986448
0.996174
0.996153
0.99699
0.996077
0.996292
0.986385
0.990425
0.999237
0.999408
0.999367
0.999573
0.999654
0.990282
0.99411
0.999864
0.999987
0.999985
0.999983
0.999921
0.994096
0.995132
0.999965
0.999997
0.999998
0.999997
0.999985
0.995133
0.995353
0.999991
1
1
1
0.999973
0.995344
0.995131
0.999986
0.999997
0.999998
0.999998
0.999989
0.995138
0.994097
0.999934
0.999981
0.99999
0.999982
0.999928
0.994097
0.990156
0.9996
0.999479
0.999526
0.999432
0.999524
0.990169
0.990722
0.99994
0.999939
0.999935
0.999947
0.999953
0.990686
0.994207
0.999906
0.999999
0.999999
0.999999
0.999934
0.994195
0.99517
0.999956
1
1
1
0.999987
0.99517
0.995398
0.999995
1
1
1
0.999973
0.995375
0.995168
0.999976
1
1
1
0.999991
0.995174
0.994202
0.999955
0.999999
0.999999
0.999999
0.999957
0.994201
0.990556
0.999957
0.999935
0.999951
0.999933
0.999927
0.990574
1
1
1
1
1
1
1
1
1
1
1
1
1
1
1
1
1
1
1
1
1
1
1
1
1
1
1
1
1
1
1
1
1
1
1
1
1
1
1
1
1
1
1
1
1
1
1
1
1
0.998202
0.999354
0.999406
0.999418
0.999438
0.99939
0.998255
0.99604
0.998263
0.998862
0.99901
0.998872
0.99829
0.996046
0.993848
0.994041
0.994706
0.994969
0.994725
0.994096
0.993718
0.991209
0.991167
0.990816
0.990618
0.990887
0.991185
0.991209
0.993767
0.994338
0.994811
0.995018
0.99481
0.994283
0.993835
0.996479
0.998581
0.998964
0.99906
0.998974
0.998517
0.99646
0.998456
0.999449
0.999485
0.999459
0.999428
0.999355
0.998337
0.999294
1
1
1
1
0.999995
0.998831
0.998218
0.999901
0.999998
0.999999
0.999999
0.999914
0.99794
0.996513
0.997734
0.998049
0.998177
0.997925
0.997693
0.996433
0.995788
0.996082
0.996038
0.996192
0.996021
0.996017
0.995734
0.996476
0.997596
0.997857
0.99805
0.998011
0.997473
0.996484
0.997974
0.99994
0.999999
0.999999
0.999998
0.999881
0.998011
0.999011
0.999999
1
1
1
1
0.99915
0.999866
1
1
1
0.999999
0.999982
0.999631
0.999268
0.999953
0.999999
0.999999
1
0.999998
0.999168
0.998843
0.99921
0.999252
0.999286
0.999177
0.999109
0.998656
0.998069
0.998325
0.998404
0.998423
0.998393
0.998311
0.997933
0.998404
0.999017
0.999147
0.99922
0.999228
0.999152
0.998537
0.999171
0.999998
1
0.999999
0.999998
0.999924
0.999214
0.999688
0.999996
1
1
1
1
0.999798
0.999991
1
1
1
0.999999
0.999994
0.999966
0.999885
0.999997
1
0.999999
1
0.999981
0.999767
0.99969
0.999751
0.999744
0.999726
0.999705
0.999713
0.999583
0.999152
0.999123
0.999254
0.999157
0.999241
0.999103
0.999232
0.999524
0.999672
0.999695
0.999703
0.999727
0.999691
0.999633
0.999711
0.999978
1
0.999998
1
0.999989
0.999801
0.999968
0.999996
1
1
1
1
0.999968
1
1
1
1
1
1
1
0.999997
1
1
0.999999
1
0.999999
0.999988
0.999924
0.999936
0.999924
0.999904
0.999906
0.999917
0.999885
0.999547
0.999595
0.999592
0.999522
0.999595
0.999643
0.999604
0.999874
0.999908
0.999897
0.999899
0.999917
0.999926
0.999916
0.999974
0.999997
0.999999
0.999996
1
1
0.999993
1
1
1
1
1
1
1
1
1
1
1
1
1
1
1
1
1
1
1
1
1
0.999982
0.999984
0.999978
0.999969
0.99997
0.999968
0.999967
0.999779
0.999798
0.9998
0.999776
0.999814
0.999811
0.999803
0.999964
0.999966
0.999967
0.999968
0.999977
0.999983
0.999982
1
1
0.999999
0.999999
1
1
1
1
1
1
1
1
1
1
1
1
1
1
1
1
1
1
1
1
1
1
1
1
0.99999
0.999992
0.99999
0.999987
0.99999
0.999992
0.999989
0.999875
0.999917
0.999933
0.999928
0.999933
0.999925
0.99988
0.999986
0.999991
0.999991
0.999989
0.999992
0.999993
0.99999
1
1
1
1
1
1
1
1
1
1
1
1
1
1
1
1
1
1
1
1
1
1
1
1
1
1
1
1
1
0.999999
0.999998
0.999998
0.999999
0.999999
1
1
0.999984
0.99998
0.999978
0.999982
0.999984
1
1
1
0.999999
0.999998
0.999999
0.999999
1
1
1
1
1
1
1
1
1
1
1
1
1
1
1
1
1
1
1
1
1
1
1
1
1
1
1
1
1
1
1
1
1
1
1
1
1
0.999997
0.999996
0.999995
0.999996
0.999997
1
1
1
1
1
1
1
1
1
1
1
1
1
1
1
1
1
1
1
1
1
1
1
1
1
1
1
1
1
1
1
1
1
1
1
1
1
1
1
1
1
1
1
1
0.999999
0.999999
0.999999
0.999999
0.999999
1
1
1
1
1
1
1
1
1
1
1
1
1
1
1
1
1
1
1
1
1
1
1
1
1
1
1
1
1
1
1
1
1
1
1
1
1
1
1
1
1
1
1
1
1
0.999999
0.999999
0.999999
1
1
1
1
1
1
1
1
1
1
1
1
1
1
1
1
1
1
1
1
1
1
1
1
1
1
1
1
1
1
1
1
1
1
1
1
1
1
1
1
1
1
1
1
1
1
1
1
1
1
1
1
1
1
1
1
1
1
1
1
1
1
1
1
1
1
1
1
1
1
1
1
1
1
1
1
1
1
1
1
1
1
1
1
1
1
1
1
1
1
1
1
1
1
1
1
1
1
1
1
1
1
1
1
1
1
1
1
1
1
1
1
1
1
1
1
1
1
1
1
1
1
1
1
1
1
1
1
1
1
1
1
1
1
1
1
1
1
1
1
1
1
1
1
1
1
1
1
1
1
1
1
1
1
1
1
1
1
1
1
1
1
1
1
1
1
1
1
1
1
1
1
1
1
1
1
1
1
0.999999
0.999999
1
1
1
1
1
0.999994
0.999995
0.999995
0.999996
0.999992
1
1
0.999921
0.999939
0.999935
0.999954
0.999939
1
1
0.999996
0.999996
0.999996
0.999996
0.999996
1
1
1
1
1
1
1
1
1
1
1
1
1
1
1
1
1
1
1
1
1
1
1
1
1
1
1
1
1
1
0.999995
0.999995
0.999995
0.999996
0.999993
1
1
0.999923
0.999941
0.999937
0.999956
0.99994
1
1
0.999996
0.999996
0.999996
0.999996
0.999996
1
1
1
1
1
1
1
1
1
1
1
1
1
1
1
1
1
1
1
1
1
1
1
1
1
1
1
1
1
1
0.999995
0.999996
0.999995
0.999996
0.999994
1
1
0.999929
0.999945
0.999941
0.999957
0.999942
1
1
0.999997
0.999996
0.999996
0.999996
0.999996
1
1
1
1
1
1
1
1
1
1
1
1
1
1
1
1
1
1
1
1
1
1
1
1
1
1
1
1
1
1
0.999995
0.999996
0.999996
0.999996
0.999994
1
1
0.999935
0.999949
0.999946
0.999959
0.999943
1
1
0.999998
0.999996
0.999996
0.999997
0.999996
1
1
1
1
1
1
1
1
1
1
1
1
1
1
1
1
1
1
1
1
1
1
1
1
1
1
1
1
1
1
0.999995
0.999996
0.999996
0.999997
0.999995
1
1
0.999938
0.99995
0.999948
0.999961
0.999945
1
1
0.999998
0.999996
0.999996
0.999997
0.999996
1
1
1
1
1
1
1
1
1
1
1
1
1
1
1
1
1
1
1
1
1
1
1
1
1
1
1
1
1
1
0.999995
0.999996
0.999996
0.999997
0.999995
1
1
0.999943
0.999953
0.999952
0.999964
0.999946
1
1
0.999998
0.999996
0.999997
0.999996
0.999996
1
1
1
1
1
1
1
1
1
1
1
1
1
1
1
1
1
1
1
1
1
1
1
1
1
1
1
1
1
1
0.999996
0.999996
0.999996
0.999997
0.999996
1
1
0.999949
0.999955
0.999958
0.999966
0.999947
1
1
0.999998
0.999996
0.999997
0.999996
0.999996
1
1
1
1
1
1
1
1
1
1
1
1
1
1
1
1
1
1
1
1
1
1
1
1
1
1
1
1
1
1
1
1
1
1
1
1
1
1
1
1
1
1
1
1
1
1
1
1
1
1
1
1
1
1
1
1
1
1
1
1
1
1
1
1
1
1
1
1
1
1
1
1
1
1
1
1
1
1
1
1
1
1
1
1
1
1
1
1
1
1
1
1
1
1
1
1
1
1
1
1
1
1
1
1
1
1
1
1
1
1
1
1
1
1
1
1
1
1
1
1
1
1
1
1
1
1
1
1
1
1
1
1
1
1
1
1
1
1
1
1
1
1
1
1
1
1
1
1
1
1
1
1
1
1
1
1
1
1
1
1
1
1
1
1
1
1
1
1
1
1
1
1
1
1
1
1
1
1
1
1
1
1
1
1
1
1
1
1
1
1
1
1
1
1
1
1
1
1
1
1
1
1
1
1
1
1
1
1
1
1
1
1
1
1
1
1
1
1
1
1
1
1
1
1
1
1
1
1
1
1
1
1
1
1
1
1
1
1
1
1
1
1
1
1
1
1
1
1
1
1
1
1
1
1
1
1
1
1
1
1
1
1
1
1
1
1
1
1
1
1
1
1
1
1
1
1
1
1
1
1
1
1
1
1
1
1
1
1
1
1
1
1
1
1
1
1
1
1
1
1
1
1
1
1
1
1
1
1
1
1
1
1
1
1
1
1
1
1
1
1
1
1
1
1
1
1
1
1
1
1
1
1
1
1
1
1
1
1
1
1
1
1
1
1
1
1
1
1
1
1
1
1
1
1
1
1
1
1
1
1
1
1
1
1
1
1
1
1
1
1
1
1
1
1
1
1
1
1
1
1
1
1
1
1
1
1
1
1
1
1
1
1
1
1
1
1
1
1
1
1
1
1
1
1
1
1
1
1
1
1
1
1
1
1
1
1
1
1
1
1
1
1
1
1
1
1
1
1
1
1
1
1
1
1
1
1
1
1
1
1
1
1
1
1
1
1
1
1
1
1
1
1
1
1
1
1
1
1
1
1
1
1
1
1
1
1
1
1
1
1
1
1
1
1
1
1
1
1
1
1
1
1
1
1
1
1
1
1
1
1
1
1
1
1
1
1
1
1
1
1
1
1
1
1
1
1
1
1
1
1
1
1
1
1
1
1
1
1
1
1
1
1
1
1
1
1
1
1
1
1
1
1
1
1
1
1
1
1
1
1
1
1
1
1
1
1
1
1
1
1
1
1
1
1
1
1
1
1
1
1
1
1
1
1
1
1
1
1
1
1
1
1
1
1
1
1
1
1
1
1
1
1
1
1
1
1
1
1
1
1
1
1
1
1
1
1
1
1
1
1
1
1
1
1
1
1
1
1
1
1
1
1
1
1
1
1
1
1
1
1
1
1
1
1
1
1
1
1
1
1
1
1
1
1
1
1
1
1
1
1
1
1
1
1
1
1
1
1
1
1
1
1
1
1
1
1
1
1
1
1
1
1
1
1
1
1
1
1
1
1
1
1
1
1
1
1
1
1
1
1
1
1
1
1
1
1
1
1
1
1
1
1
1
1
1
1
1
1
1
1
1
1
1
1
1
1
1
1
1
1
1
1
1
1
1
1
1
1
1
1
1
1
1
1
1
1
1
1
1
1
1
1
1
1
1
1
1
1
1
1
1
1
1
1
1
1
1
1
1
1
1
1
1
1
1
1
1
1
1
1
1
1
1
1
1
1
1
1
1
1
1
1
1
1
1
1
1
1
1
1
1
1
1
1
1
1
1
1
1
1
1
1
1
1
1
1
1
1
1
1
1
1
1
1
1
1
1
1
1
1
1
1
1
1
1
1
1
1
1
1
1
1
1
1
1
1
1
1
1
1
1
1
1
1
1
1
1
1
1
1
1
1
1
1
1
1
1
1
1
1
1
1
1
1
1
1
1
1
1
1
1
1
1
1
1
1
1
1
1
1
1
1
1
1
1
1
1
1
1
1
1
1
1
1
1
1
1
1
1
1
1
1
1
1
1
1
1
1
1
1
1
1
1
1
1
1
1
1
1
1
1
1
1
1
1
1
1
1
1
1
1
1
1
1
1
1
1
1
1
1
1
1
1
1
1
1
1
1
1
1
1
1
1
1
1
1
1
1
1
1
1
1
1
1
1
1
1
1
1
1
1
1
1
1
1
1
1
1
1
1
1
1
1
1
1
1
1
1
1
1
1
1
1
1
1
1
1
1
1
1
1
1
1
1
1
1
1
1
1
1
1
1
1
1
1
1
1
1
1
1
1
1
1
1
1
1
1
1
1
1
1
1
1
1
1
1
1
1
1
1
1
1
1
1
1
1
1
1
1
1
1
1
1
1
1
1
1
1
1
1
1
1
1
1
1
1
1
1
1
1
1
1
1
1
1
1
1
1
1
1
1
1
1
1
1
1
1
1
1
1
1
1
1
1
1
1
1
1
1
1
1
1
1
1
1
1
1
1
1
1
1
1
1
1
1
1
1
1
1
1
1
1
1
1
1
1
1
1
1
1
1
1
1
1
1
1
1
1
1
1
1
1
1
1
1
1
1
1
1
1
1
1
1
1
1
1
1
1
1
1
1
1
1
1
1
1
1
1
1
1
1
1
1
1
1
1
1
1
1
1
1
1
1
1
1
1
1
1
1
1
1
1
1
1
1
1
1
1
1
1
1
1
1
1
1
1
1
1
1
1
1
1
1
1
1
1
1
1
1
1
1
1
1
1
1
1
1
1
1
1
1
1
1
1
1
1
1
1
1
1
1
1
1
1
1
1
1
1
1
1
1
1
1
1
1
1
1
1
1
1
1
1
1
1
1
1
1
1
1
1
1
1
1
1
1
1
1
1
1
1
1
1
1
1
1
1
1
1
1
1
1
1
1
1
1
1
1
1
1
1
1
1
1
1
1
1
1
1
1
1
1
1
1
1
1
1
1
1
1
1
1
1
1
1
1
1
1
1
1
1
1
1
1
1
1
1
1
1
1
1
1
1
1
1
1
1
1
1
1
1
1
1
1
1
1
1
1
1
1
1
1
1
1
1
1
1
1
1
1
1
1
1
1
1
1
1
1
1
1
1
1
1
1
1
1
1
1
1
1
1
1
1
1
1
1
1
1
1
1
1
1
1
1
1
1
1
1
1
1
1
1
1
1
1
1
1
1
1
1
1
1
1
1
1
1
1
1
1
1
1
1
1
1
1
1
1
1
1
1
1
1
1
1
1
1
1
1
1
1
1
1
1
1
1
1
1
1
1
1
1
1
1
1
1
1
1
1
1
1
1
1
1
1
1
1
1
1
1
1
1
1
1
1
1
1
1
1
1
1
1
1
1
1
1
1
1
1
1
1
1
1
1
1
1
1
1
1
1
1
1
1
1
1
1
1
1
1
1
1
1
1
1
1
1
1
1
1
1
1
1
1
1
1
1
1
1
1
1
1
1
1
1
1
1
1
1
1
1
1
1
1
1
1
1
1
1
1
1
1
1
1
1
1
1
1
1
1
1
1
1
1
1
1
1
1
1
1
1
1
1
1
1
1
1
1
1
1
1
1
1
1
1
1
1
1
1
1
1
1
1
1
1
1
1
1
1
1
1
1
1
1
1
1
1
1
1
1
1
1
1
1
1
1
1
1
1
1
1
1
1
1
1
1
1
1
1
1
1
1
1
1
1
1
1
1
1
1
1
1
1
1
1
1
1
1
1
1
1
1
1
1
1
1
1
1
1
1
1
1
1
1
1
1
1
1
1
1
1
1
1
1
1
1
1
1
1
1
1
1
1
1
1
1
1
1
1
1
1
1
1
1
1
1
1
1
1
1
1
1
1
1
1
1
1
1
1
1
1
1
1
1
1
1
1
1
1
1
1
1
1
1
1
1
1
1
1
1
1
1
1
1
1
1
1
1
1
1
1
1
1
1
1
1
1
1
1
1
1
1
1
1
1
1
1
1
1
1
1
1
1
1
1
1
1
1
1
1
1
1
1
1
1
1
1
1
1
1
1
1
1
1
1
1
1
1
1
1
1
1
1
1
1
1
1
1
1
1
1
1
1
1
1
1
1
1
1
1
1
1
1
1
1
1
1
1
1
1
1
1
1
1
1
1
1
1
1
1
1
1
1
1
1
1
1
1
1
1
1
1
1
1
1
1
1
1
1
1
1
1
1
1
1
1
1
1
1
1
1
1
1
1
1
1
1
1
1
1
1
1
1
1
1
1
1
1
1
1
1
1
1
1
1
1
1
1
1
1
1
1
1
1
1
1
1
1
1
1
1
1
1
1
1
1
1
1
1
1
1
1
1
1
1
1
1
1
1
1
1
1
1
1
1
1
1
1
1
1
1
1
1
1
1
1
1
1
1
1
1
1
1
1
1
1
1
1
1
1
1
1
1
1
1
1
1
1
1
1
1
1
1
1
1
1
1
1
1
1
1
1
1
1
1
1
1
1
1
1
1
1
1
1
1
1
1
1
1
1
1
1
1
1
1
1
1
1
1
1
1
1
1
1
1
1
1
1
1
1
1
1
1
1
1
1
1
1
1
1
1
1
1
1
1
1
1
1
1
1
1
1
1
1
1
1
1
1
1
1
1
1
1
1
1
1
1
1
1
1
1
1
1
1
1
1
1
1
1
1
1
1
1
1
1
1
1
1
1
1
1
1
1
1
1
1
1
1
1
1
1
1
1
1
1
1
1
1
1
1
1
1
1
1
1
1
1
1
1
1
1
1
1
1
1
1
1
1
1
1
1
1
1
1
1
1
1
1
1
1
1
1
1
1
1
1
1
1
1
1
1
1
1
1
1
1
1
1
1
1
1
1
1
1
1
1
1
1
1
1
1
1
1
1
1
1
1
1
1
1
1
1
1
1
1
1
1
1
1
1
1
1
1
1
1
1
1
1
1
1
1
1
1
1
1
1
1
1
1
1
1
1
1
1
1
1
1
1
1
1
1
1
1
1
1
1
1
1
1
1
1
1
1
1
1
1
1
1
1
1
1
1
1
1
1
1
1
1
1
1
1
1
1
1
1
1
1
1
1
1
1
1
1
1
1
1
1
1
1
1
1
1
1
1
1
1
1
1
1
1
1
1
1
1
1
1
1
1
1
1
1
1
1
1
1
1
1
1
1
1
1
1
1
1
1
1
1
1
1
1
1
1
1
1
1
1
1
1
1
1
1
1
1
1
1
1
1
1
1
1
1
1
1
1
1
1
1
1
1
1
1
1
1
1
1
1
1
1
1
1
1
1
1
1
1
1
1
1
1
1
1
1
1
1
1
1
1
1
1
1
1
1
1
1
1
1
1
1
1
1
1
1
1
1
1
1
1
1
1
1
1
1
1
1
1
1
1
1
1
1
1
1
1
1
1
1
1
1
1
1
1
1
1
1
1
1
1
1
1
1
1
1
1
1
1
1
1
1
1
1
1
1
1
1
1
1
1
1
1
)
;

boundaryField
{
    fuel
    {
        type            fixedValue;
        value           uniform 0;
    }
    primary_air
    {
        type            fixedValue;
        value           uniform 0.77;
    }
    Secondary_air_RHS
    {
        type            fixedValue;
        value           uniform 0.77;
    }
    Secondary_air_LHS
    {
        type            fixedValue;
        value           uniform 0.77;
    }
    outlet
    {
        type            inletOutlet;
        inletValue      uniform 0;
        value           nonuniform List<scalar> 
98
(
1
1
1
1
1
1
1
1
1
1
1
1
1
1
1
1
1
1
1
1
1
1
1
1
1
1
1
1
1
1
1
1
1
1
1
1
1
1
1
1
1
1
1
1
1
1
1
1
1
1
1
1
1
1
1
1
1
1
1
1
1
1
1
1
1
1
1
1
1
1
1
1
1
1
1
1
1
1
1
1
1
1
1
1
1
1
1
1
1
1
1
1
1
1
1
1
1
1
)
;
    }
    stove_body
    {
        type            fixedValue;
        value           uniform 0;
    }
    frontAndBack
    {
        type            empty;
    }
}


// ************************************************************************* //
