/*--------------------------------*- C++ -*----------------------------------*\
  =========                 |
  \\      /  F ield         | OpenFOAM: The Open Source CFD Toolbox
   \\    /   O peration     | Website:  https://openfoam.org
    \\  /    A nd           | Version:  6
     \\/     M anipulation  |
\*---------------------------------------------------------------------------*/
FoamFile
{
    version     2.0;
    format      ascii;
    class       volScalarField;
    location    "0.0075";
    object      Qdot;
}
// * * * * * * * * * * * * * * * * * * * * * * * * * * * * * * * * * * * * * //

dimensions      [1 -1 -3 0 0 0 0];

internalField   nonuniform List<scalar> 
3773
(
-2.02726e-05
-2.02734e-05
7.80813e-10
-2.02726e-05
0
7.80813e-10
0
0
1.56163e-09
1.56163e-09
0
0
-6.72847e-05
-6.72847e-05
0
0
0
0
0
0
-2.6738e-05
-2.6738e-05
-8.10934e-05
2.6738e-05
0
-2.6738e-05
0
0
-2.6738e-05
-2.6738e-05
0
0
0
0
0
-4.05467e-05
0
0
1.56163e-09
0
-1.56163e-09
1.56163e-09
0
-2.02726e-05
0
0
-2.02734e-05
0
0
0
-1.01367e-05
0
0
0
0
0
-1.67113e-06
0
3.12325e-09
0
-1.26708e-06
0
0
0
-3.34226e-06
0
0
-5.06834e-06
-5.06834e-06
-1.67113e-06
0
0
3.12325e-09
0
3.12325e-09
-2.53417e-06
-2.53729e-06
0
0
0
0
0
3.12325e-09
3.12325e-09
-2.53417e-06
-1.26708e-06
0
0
0
-8.35564e-07
0
-6.68451e-06
0
0
0
1.56163e-09
0
0
0
8.35564e-07
-8.35564e-07
-8.35564e-07
0
0
1.67113e-06
0
-1.55262e-07
-1.58386e-07
0
0
0
0
-1.26708e-06
0
0
3.12325e-09
0
0
-1.26708e-06
0
0
3.12325e-09
-4.27196e-08
0
-3.95964e-08
3.12325e-09
0
0
3.12325e-09
0
0
-3.16771e-07
3.12325e-09
0
-1.04445e-07
0
-1.04445e-07
0
-1.04445e-07
-1.26708e-06
0
0
0
0
0
0
0
0
-6.33542e-07
0
1.56163e-09
0
1.56163e-09
0
-1.26708e-06
-2.61114e-08
0
0
0
0
0
0
-9.93243e-09
0
0
0
0
0
3.12325e-09
-3.12325e-09
0
-6.18694e-10
-6.18694e-10
0
3.12325e-09
0
0
0
0
0
-1.30557e-08
0
0
0
0
0
3.12325e-09
0
0
1.56163e-09
-2.08891e-07
-2.08891e-07
0
0
0
1.26708e-06
-4.17782e-07
0
2.61114e-08
-7.91928e-08
1.56163e-09
0
0
-8.35564e-07
0
0
-2.47477e-09
0
0
0
0
3.12325e-09
-6.18694e-10
0
-3.12325e-09
1.49129e-09
0
-1.26708e-06
0
0
0
-3.14875e-09
-3.26392e-09
0
-1.26708e-06
-3.12325e-09
-6.18694e-10
0
0
6.48476e-10
0
-8.35564e-07
0
-4.94955e-09
0
0
0
0
0
0
0
1.56163e-09
0
3.95964e-08
0
1.56163e-09
-3.26392e-09
0
0
-4.94955e-09
0
1.56163e-09
0
0
3.12325e-09
0
-1.01998e-10
0
0
0
3.12325e-09
3.12325e-09
0
0
0
0
-1.26708e-06
3.12325e-09
0
0
0
0
3.12325e-09
0
0
0
0
3.12325e-09
0
3.12325e-09
0
0
0
0
0
0
0
4.17782e-07
0
0
0
-3.26392e-09
0
0
0
0
0
1.56163e-09
0
0
0
3.12325e-09
0
0
0
0
0
0
0
0
0
-3.12325e-09
0
3.12325e-09
-3.12325e-09
0
0
0
3.12325e-09
-3.12325e-09
-3.12325e-09
0
0
0
0
3.12325e-09
0
0
0
0
3.12325e-09
0
0
0
0
3.12325e-09
0
0
0
0
0
0
0
-1.79338e-12
-4.48344e-13
-4.48344e-13
0
0
0
0
0
0
0
0
0
0
-3.12325e-09
0
-1.4347e-11
0
0
0
0
0
-2.8694e-11
6.2465e-09
0
0
0
0
0
1.4347e-11
0
0
-1.4347e-11
0
0
0
0
0
0
3.12325e-09
3.12325e-09
0
3.12325e-09
0
0
0
-4.48344e-13
0
0
0
0
-2.73647e-17
0
0
2.18918e-16
1.56162e-09
0
-3.58675e-12
0
-3.12325e-09
3.12325e-09
-3.12325e-09
3.12325e-09
0
0
0
0
0
0
0
0
0
0
0
-7.1735e-12
6.2465e-09
0
0
0
6.2465e-09
0
0
0
-7.1735e-12
0
0
0
0
0
-3.12325e-09
3.12325e-09
0
0
0
0
0
0
0
0
0
0
0
0
0
0
1.56163e-09
0
3.12325e-09
0
3.12325e-09
3.12325e-09
3.12325e-09
0
0
-1.79338e-12
0
6.2465e-09
6.2465e-09
-1.79338e-12
0
0
0
-3.58675e-12
0
0
0
0
0
0
0
0
-1.79338e-12
-1.79338e-12
0
0
3.12325e-09
4.37836e-16
0
3.12325e-09
3.12325e-09
0
2.24172e-13
0
0
0
0
0
0
0
-6.84119e-18
0
0
0
-3.50269e-15
0
-3.12325e-09
3.12325e-09
0
0
0
0
0
0
0
0
0
0
0
0
0
0
0
0
0
0
0
0
0
0
0
0
0
0
6.2465e-09
-3.12325e-09
0
3.12325e-09
0
0
-4.48344e-13
0
0
-2.18918e-16
0
0
-6.84119e-18
0
0
0
1.56163e-09
0
-2.73647e-17
-1.06894e-19
0
0
0
0
0
0
0
0
-2.24172e-13
0
0
0
0
0
0
0
-8.96688e-13
-8.96688e-13
0
-8.96688e-13
0
0
0
6.2465e-09
0
0
0
0
0
0
0
3.12325e-09
3.12325e-09
3.12325e-09
0
0
0
0
0
0
0
-6.84119e-18
0
1.06894e-19
0
0
0
0
0
0
3.12325e-09
3.12325e-09
3.12325e-09
0
0
3.12325e-09
0
0
6.2465e-09
0
0
-5.6043e-14
0
0
-4.48344e-13
-4.48344e-13
6.2465e-09
4.48344e-13
-4.48344e-13
0
-4.48344e-13
-1.12086e-13
0
0
0
6.2465e-09
0
0
3.12325e-09
0
0
0
3.12325e-09
0
0
0
0
0
0
-2.73647e-17
0
0
0
0
0
0
0
0
0
3.12325e-09
0
3.12325e-09
3.12325e-09
0
3.12325e-09
0
6.2465e-09
0
0
0
0
-2.80215e-14
0
-4.48344e-13
0
0
0
0
0
0
2.80215e-14
0
0
0
0
1.40107e-14
0
0
0
0
2.18918e-16
-4.37836e-16
-3.12325e-09
0
1.56163e-09
0
0
0
0
0
0
0
0
0
0
-1.06894e-19
0
0
0
0
-5.47295e-17
0
0
0
0
0
0
0
0
0
0
0
0
0
0
0
0
0
0
0
-8.75672e-16
0
0
0
6.2465e-09
0
0
0
0
0
5.47295e-17
-6.84119e-18
3.12325e-09
0
1.56163e-09
1.56163e-09
1.56163e-09
0
0
0
0
0
0
-8.55148e-19
0
0
0
3.12325e-09
-6.84119e-18
0
0
0
0
0
0
-4.37836e-16
0
0
0
0
0
0
0
0
0
0
-7.00537e-15
0
0
0
0
0
0
0
0
0
0
0
0
0
0
3.12325e-09
0
0
1.56163e-09
0
0
-2.13787e-19
0
0
0
0
0
0
0
-1.67021e-21
0
0
0
0
0
0
3.12325e-09
0
0
0
0
0
0
0
0
0
0
0
0
0
0
-8.35106e-22
0
0
0
0
-2.73647e-17
0
0
-5.34468e-20
-3.42059e-18
3.12325e-09
3.12325e-09
1.7103e-18
3.12325e-09
0
-3.34042e-21
0
0
0
0
1.56163e-09
0
0
0
-1.33617e-20
0
1.56163e-09
0
-2.13787e-19
0
3.12325e-09
0
0
0
0
0
0
0
0
0
0
0
0
0
0
0
0
0
-5.34468e-20
0
0
0
0
0
0
0
6.68085e-21
0
0
0
3.12325e-09
0
-3.12325e-09
0
1.56163e-09
0
0
0
0
0
0
0
-3.34042e-21
0
-6.68085e-21
0
1.56163e-09
3.12325e-09
0
0
0
0
0
0
-8.55148e-19
-6.84119e-18
6.2465e-09
0
0
0
0
-1.06894e-19
0
-4.37836e-16
0
-2.18918e-16
0
0
6.2465e-09
-6.84119e-18
0
0
-1.36824e-17
0
-4.27574e-19
-6.68085e-21
0
0
-8.55148e-19
3.12325e-09
0
0
0
1.67021e-21
0
1.33617e-20
0
0
0
0
1.56163e-09
0
0
1.56163e-09
1.56163e-09
0
0
3.12325e-09
0
0
0
0
-3.34042e-21
0
-8.55148e-19
0
-1.7103e-18
4.27574e-19
0
0
0
0
-5.47295e-17
0
0
0
0
0
0
0
1.7103e-18
0
0
0
0
3.12325e-09
0
0
0
-2.67234e-20
3.12325e-09
0
0
0
0
-4.17553e-22
0
1.56163e-09
0
0
0
0
1.56163e-09
0
0
-1.33617e-20
-6.68085e-21
-6.68085e-21
3.12325e-09
0
0
0
0
-5.34468e-20
-5.34468e-20
0
-5.34468e-20
0
0
0
-1.36824e-17
0
0
-1.36824e-17
0
0
0
0
0
-1.06894e-19
0
0
0
0
0
0
-1.33617e-20
0
-3.34042e-21
0
0
0
-2.08776e-22
0
0
-2.08776e-22
0
0
1.56163e-09
1.56163e-09
0
0
0
0
0
0
3.12325e-09
-4.37836e-16
3.12325e-09
3.12325e-09
0
0
6.2465e-09
0
0
0
0
0
0
0
0
0
-1.12086e-13
0
0
0
0
0
0
0
0
0
3.12325e-09
3.12325e-09
0
3.12325e-09
0
3.12325e-09
0
0
0
0
0
0
0
0
0
0
0
0
-3.42059e-18
0
0
0
3.12325e-09
0
-4.37836e-16
0
3.12325e-09
-3.12325e-09
0
0
0
-1.40107e-14
0
-1.40107e-14
0
0
0
0
0
0
0
0
0
0
6.2465e-09
0
-7.00537e-15
0
0
3.12325e-09
0
3.12325e-09
0
0
-3.12325e-09
0
0
0
0
0
-2.73647e-17
0
0
0
0
1.56163e-09
0
1.56163e-09
0
1.56163e-09
0
0
0
0
0
3.12325e-09
3.12325e-09
0
0
0
0
0
-1.40107e-14
0
0
-2.24172e-13
0
0
-1.12086e-13
-1.12086e-13
0
0
0
0
0
0
0
0
0
-3.12325e-09
-3.12325e-09
3.12325e-09
0
3.12325e-09
3.12325e-09
0
0
1.56163e-09
0
0
0
0
0
0
0
0
1.56163e-09
1.56163e-09
0
0
-3.12325e-09
0
3.12325e-09
0
0
-3.12325e-09
0
0
0
0
0
0
0
0
0
-1.12086e-13
0
0
6.24639e-09
0
0
-7.00537e-15
0
0
-7.00537e-15
0
0
0
0
0
0
0
3.12325e-09
0
0
0
0
0
0
0
0
0
0
0
-6.84119e-18
0
3.42059e-18
0
0
0
0
3.12325e-09
3.12325e-09
-3.12325e-09
3.12325e-09
0
0
0
0
6.24651e-09
0
0
0
0
0
-1.12086e-13
0
6.24639e-09
0
0
0
0
0
0
0
0
3.12325e-09
3.12325e-09
-2.18918e-16
-3.12325e-09
0
0
0
0
0
0
0
0
0
0
0
1.56163e-09
0
0
0
0
0
0
0
0
3.12325e-09
-3.12325e-09
0
0
0
-1.40107e-14
0
0
0
0
0
0
0
-1.12086e-13
-1.12086e-13
0
-1.12086e-13
0
0
0
0
0
0
0
0
0
3.12325e-09
0
0
0
3.12325e-09
0
0
0
0
-3.42059e-18
-6.84119e-18
0
0
0
0
0
0
1.56163e-09
0
0
3.12325e-09
0
0
0
3.12325e-09
0
0
0
0
0
0
6.2465e-09
-7.00537e-15
0
0
0
0
0
0
0
0
6.2465e-09
0
0
7.00537e-15
6.2465e-09
-7.00537e-15
0
-3.12325e-09
-3.12325e-09
0
0
0
0
0
0
0
1.56163e-09
1.56163e-09
0
0
1.56163e-09
0
0
0
0
0
0
0
3.12325e-09
0
0
0
0
0
0
-1.67021e-21
0
0
0
0
0
6.2465e-09
0
0
0
0
0
0
0
0
0
0
0
0
0
0
0
0
0
-1.33617e-20
0
0
-3.12325e-09
1.56163e-09
-5.21941e-23
-5.21941e-23
0
1.56163e-09
1.56163e-09
0
0
0
-2.08776e-22
-2.08776e-22
0
0
0
0
0
0
0
0
0
0
0
0
0
0
0
0
0
0
0
-6.84119e-18
0
0
0
0
0
6.2465e-09
0
0
0
-1.06894e-19
0
0
3.12325e-09
0
0
-6.68085e-21
0
0
0
-5.21941e-23
0
0
0
0
-5.21941e-23
1.56163e-09
0
0
0
0
-5.21941e-23
0
8.35106e-22
3.12325e-09
-6.68085e-21
0
3.12325e-09
0
0
0
0
0
0
0
0
0
0
6.2465e-09
0
0
0
0
0
-5.34468e-20
-1.06894e-19
0
0
0
0
0
0
0
3.12325e-09
0
0
0
0
0
0
0
0
0
0
1.56163e-09
0
0
0
-4.17553e-22
0
0
0
0
0
-6.68085e-21
-6.68085e-21
-6.68085e-21
3.12325e-09
0
-2.67234e-20
-1.06894e-19
0
0
0
0
0
0
0
0
0
0
0
0
0
0
0
0
-2.13787e-19
0
0
0
3.12325e-09
0
0
0
0
0
0
0
0
0
0
0
0
1.56163e-09
0
0
0
0
0
0
0
0
3.12325e-09
0
0
-1.67021e-21
0
6.2465e-09
0
-1.06894e-19
0
0
0
0
0
0
0
0
-1.7103e-18
0
0
0
0
0
0
0
0
0
0
-1.67021e-21
-3.34042e-21
0
3.12325e-09
0
0
0
0
0
0
0
-4.17553e-22
-4.17553e-22
0
0
0
0
0
0
0
-8.35106e-22
3.12325e-09
0
0
3.12325e-09
-4.17553e-22
0
0
0
-2.67234e-20
0
2.67234e-20
0
0
0
0
0
-2.13787e-19
0
0
0
0
0
0
-1.33617e-20
0
0
0
0
3.12325e-09
3.12325e-09
0
0
0
3.12325e-09
0
0
0
0
0
-4.17553e-22
0
1.56163e-09
0
0
0
-1.30485e-23
0
0
0
0
0
1.04388e-22
0
0
0
-1.67021e-21
0
0
0
0
0
-1.67021e-21
0
-1.33617e-20
0
0
0
0
1.33617e-20
0
0
0
0
0
0
-1.67021e-21
0
3.12325e-09
0
0
3.12325e-09
0
3.12325e-09
-1.30485e-23
1.30485e-23
0
0
0
0
0
1.56163e-09
1.56163e-09
1.56163e-09
0
0
0
0
0
0
0
0
0
0
-1.01942e-25
0
0
0
0
0
0
3.12325e-09
0
0
0
0
0
0
0
0
-4.07766e-25
0
0
-1.01942e-25
0
0
0
3.12325e-09
0
3.12325e-09
0
-3.12325e-09
0
0
0
0
0
-8.15533e-25
0
-1.56163e-09
0
0
0
1.56163e-09
0
0
1.56163e-09
0
0
3.12325e-09
0
-8.15533e-25
0
0
0
-6.68085e-21
0
0
0
0
-3.12325e-09
0
0
0
0
0
0
0
0
0
0
0
0
0
0
3.12325e-09
0
0
0
3.12325e-09
-3.12325e-09
0
0
1.56163e-09
1.56163e-09
0
0
1.56163e-09
1.56163e-09
0
0
0
0
-1.63107e-24
0
0
0
0
0
-5.21941e-23
3.12325e-09
0
-3.26213e-24
-2.67234e-20
-2.67234e-20
0
0
0
0
0
0
0
0
0
0
0
0
0
0
0
0
0
0
0
0
-2.60971e-23
0
0
-1.30485e-23
3.12325e-09
0
0
0
0
0
0
1.56163e-09
0
-5.21941e-23
0
0
-1.63107e-24
0
0
0
0
3.12325e-09
3.12325e-09
0
0
0
0
-2.67234e-20
0
0
0
0
0
3.12325e-09
0
-2.67234e-20
-1.33617e-20
0
0
0
0
0
0
0
0
0
0
0
-4.17553e-22
3.12325e-09
0
3.12325e-09
0
0
6.52426e-24
0
0
0
0
0
0
0
0
0
0
0
-3.26213e-24
0
0
0
0
0
0
0
0
-5.21941e-23
0
0
-1.33617e-20
0
0
0
0
0
0
6.2465e-09
0
0
0
0
0
3.34042e-21
0
-1.67021e-21
0
-4.17553e-22
0
8.35106e-22
0
-4.17553e-22
0
-2.08776e-22
0
0
0
-2.08776e-22
0
0
-1.04388e-22
0
1.56163e-09
0
0
1.56163e-09
1.56163e-09
0
0
0
0
0
0
0
3.12325e-09
0
-2.08776e-22
-6.68085e-21
0
0
-6.68085e-21
0
0
0
0
0
0
-1.33617e-20
0
0
-3.34042e-21
0
0
-1.67021e-21
-1.67021e-21
0
0
0
0
0
0
0
0
0
-1.04388e-22
0
0
0
0
-1.04388e-22
0
0
0
0
0
0
0
1.63107e-24
-3.26213e-24
0
0
0
0
0
0
0
0
0
0
0
0
0
-1.67021e-21
6.2465e-09
0
0
0
0
0
0
0
0
0
0
0
0
-2.08776e-22
3.12325e-09
0
0
3.12325e-09
0
3.12325e-09
0
0
-2.08776e-22
0
-1.04388e-22
0
0
0
0
1.56163e-09
1.56163e-09
0
0
1.56163e-09
0
-3.12325e-09
-3.12325e-09
3.12325e-09
3.12325e-09
-3.12325e-09
3.12325e-09
0
0
0
0
0
0
0
0
0
0
0
0
0
0
0
0
3.12325e-09
-3.26213e-24
0
0
0
0
0
0
0
-8.15533e-25
-6.52426e-24
0
-5.21941e-23
-1.56163e-09
0
1.56163e-09
-8.15533e-25
0
-8.15533e-25
0
0
0
0
0
0
0
1.56163e-09
0
0
3.12325e-09
0
0
0
0
0
0
0
0
0
0
-1.04388e-22
-2.08776e-22
0
0
0
6.2465e-09
0
0
3.12325e-09
-3.12325e-09
3.26213e-24
0
0
6.2465e-09
-1.33617e-20
3.12325e-09
0
-3.26213e-24
0
3.12325e-09
0
0
1.56163e-09
0
0
-3.26213e-24
0
0
0
-4.07766e-25
0
1.56163e-09
0
1.30485e-23
0
0
3.12325e-09
0
0
-2.60971e-23
0
0
0
0
-6.52426e-24
0
0
0
6.2465e-09
-6.68085e-21
0
1.67021e-21
0
0
0
6.2465e-09
0
3.12325e-09
0
0
0
0
0
0
0
-2.60971e-23
3.12325e-09
0
-5.21941e-23
0
0
0
0
0
0
0
0
0
1.56163e-09
0
0
0
0
0
0
3.12325e-09
0
3.12325e-09
0
0
4.17553e-22
0
-2.08776e-22
0
0
0
0
0
0
0
0
0
0
0
0
0
0
0
0
-1.67021e-21
0
0
0
0
0
0
0
0
-2.08776e-22
3.12325e-09
0
0
0
-1.30485e-23
0
0
0
-1.63107e-24
0
0
0
0
-1.04388e-22
0
0
0
-2.08776e-22
0
0
0
0
0
0
0
0
0
0
0
0
0
0
0
0
0
0
0
0
0
0
0
-1.33617e-20
0
0
2.08776e-22
0
0
3.12325e-09
0
0
0
0
1.56163e-09
0
0
0
0
0
0
1.56163e-09
0
0
0
0
0
-5.21941e-23
0
0
-2.08776e-22
0
3.12325e-09
0
0
0
0
0
0
0
0
0
6.2465e-09
0
0
0
0
6.2465e-09
0
0
0
-6.68085e-21
-6.68085e-21
0
0
0
3.12325e-09
0
0
0
-8.35106e-22
0
0
-2.60971e-23
2.60971e-23
0
0
0
0
0
-1.30485e-23
0
0
0
-5.21941e-23
0
0
0
0
0
0
0
0
-2.08776e-22
-2.08776e-22
4.17553e-22
0
-8.35106e-22
0
0
0
0
-6.68085e-21
0
0
0
0
0
6.2465e-09
0
0
0
0
0
0
0
0
0
0
0
0
0
0
0
0
0
0
0
-3.98209e-28
0
-1.59284e-27
0
0
0
3.12325e-09
3.12325e-09
0
0
0
0
0
0
0
0
0
-8.15533e-25
-8.15533e-25
0
0
-1.30485e-23
-6.52426e-24
6.2465e-09
-6.52426e-24
6.52426e-24
0
3.12325e-09
-3.26213e-24
-3.12325e-09
3.12325e-09
3.12325e-09
3.12325e-09
3.12325e-09
3.12325e-09
3.12325e-09
3.12325e-09
0
3.12325e-09
0
0
0
-1.59284e-27
0
0
0
0
0
0
0
0
0
0
0
0
3.12325e-09
0
-6.37135e-27
0
3.12325e-09
0
0
0
0
0
0
0
0
-1.63107e-24
-2.60971e-23
0
5.21941e-23
0
0
0
0
3.12325e-09
6.52426e-24
0
3.12325e-09
-3.12325e-09
3.12325e-09
-3.12325e-09
0
0
0
0
0
3.12325e-09
0
3.12325e-09
-1.59284e-27
0
0
0
0
1.56163e-09
-1.99105e-28
0
0
-6.37135e-27
1.56163e-09
0
0
3.12325e-09
0
-1.27427e-26
0
3.12325e-09
0
3.12325e-09
0
0
0
0
-6.52426e-24
0
0
0
0
0
0
0
0
0
1.30485e-23
0
3.12325e-09
3.12325e-09
-1.30485e-23
-3.12325e-09
3.12325e-09
0
1.27427e-26
3.12325e-09
3.12325e-09
-1.63107e-24
-6.52426e-24
0
-7.96419e-28
0
0
0
-4.07766e-25
1.56163e-09
0
0
0
1.56163e-09
0
0
0
1.56163e-09
3.12325e-09
3.12325e-09
0
3.12325e-09
0
-3.12325e-09
0
0
0
-5.21941e-23
0
0
0
0
6.2465e-09
0
0
0
0
0
0
2.60971e-23
3.12325e-09
0
3.12325e-09
0
3.12325e-09
0
-1.27427e-26
3.12325e-09
0
-3.12325e-09
-6.52426e-24
0
-5.21941e-23
0
0
-1.56163e-09
1.56163e-09
0
0
-6.52426e-24
0
1.56163e-09
-3.18568e-27
0
1.56163e-09
0
-2.54854e-26
3.12325e-09
3.12325e-09
3.12325e-09
0
0
-1.01942e-25
0
3.12325e-09
-3.12325e-09
-2.60971e-23
-2.60971e-23
0
0
-4.17553e-22
0
0
0
0
0
0
-3.34042e-21
3.12325e-09
0
0
-5.21941e-23
3.12325e-09
0
3.12325e-09
0
3.12325e-09
3.12325e-09
-1.63107e-24
0
-1.04388e-22
0
0
0
0
0
-8.15533e-25
3.26213e-24
0
0
0
0
1.56163e-09
1.56163e-09
-2.54854e-26
1.56163e-09
-3.18568e-27
3.12325e-09
0
0
0
0
0
3.12325e-09
0
0
3.12325e-09
0
0
0
0
0
0
0
0
-3.34042e-21
0
0
0
-3.12325e-09
3.12325e-09
0
-1.04388e-22
3.12325e-09
-3.12325e-09
0
0
0
0
0
0
0
0
0
2.03883e-25
0
0
0
0
-7.96419e-28
0
0
1.56163e-09
-2.54854e-26
0
0
-2.54854e-26
3.12325e-09
0
3.12325e-09
0
0
-3.12325e-09
3.12325e-09
-5.21941e-23
3.12325e-09
3.12325e-09
-3.12325e-09
3.12325e-09
-4.17553e-22
0
0
-3.34042e-21
0
6.2465e-09
0
3.12325e-09
3.12325e-09
-3.12325e-09
0
0
0
0
0
3.12325e-09
0
0
0
0
0
1.56163e-09
1.56163e-09
1.56163e-09
0
0
-3.26213e-24
1.56163e-09
1.99105e-28
1.56163e-09
0
-1.27427e-26
0
0
1.56163e-09
0
0
3.12325e-09
0
0
-1.63107e-24
0
0
-3.12325e-09
3.12325e-09
3.12325e-09
0
0
3.12325e-09
0
0
-3.12325e-09
0
3.12325e-09
0
3.12325e-09
3.12325e-09
0
3.12325e-09
-3.12325e-09
3.12325e-09
0
3.12325e-09
0
0
0
0
3.12325e-09
0
0
0
0
0
0
0
0
0
0
0
0
0
0
0
0
3.12325e-09
0
0
0
-8.15533e-25
0
0
-1.30485e-23
0
0
0
0
0
0
3.12325e-09
3.12325e-09
-3.12325e-09
0
-3.12325e-09
-3.12325e-09
3.12325e-09
-1.04388e-22
-1.04388e-22
-5.21941e-23
-5.21941e-23
0
0
0
-5.09708e-26
3.12325e-09
0
3.12325e-09
0
0
0
0
0
1.56163e-09
0
-9.95524e-29
0
0
0
3.11101e-30
0
-6.22202e-30
0
-6.22202e-30
0
0
-1.99105e-28
0
3.12325e-09
0
0
0
-6.52426e-24
0
0
0
0
0
0
0
0
0
0
0
0
0
0
0
3.12325e-09
0
3.12325e-09
0
0
0
3.12325e-09
0
0
0
0
0
-9.95524e-29
0
0
0
-6.22202e-30
0
1.56163e-09
0
0
0
0
0
0
0
0
3.12325e-09
0
1.99105e-28
0
0
0
0
0
0
0
0
-2.60971e-23
0
3.12325e-09
4.17553e-22
0
0
0
-4.17553e-22
0
3.12325e-09
3.12325e-09
0
0
0
0
1.04388e-22
0
0
0
-1.01942e-25
0
3.12325e-09
0
0
0
0
0
0
-1.2444e-29
0
0
0
0
0
0
0
0
0
-9.95524e-29
-9.95524e-29
0
0
1.99105e-28
-1.99105e-28
0
6.52426e-24
-1.30485e-23
0
0
0
0
0
0
0
0
0
0
3.12325e-09
0
0
5.21941e-23
0
0
0
-1.04388e-22
3.12325e-09
3.12325e-09
-7.96419e-28
0
0
0
-1.59284e-27
0
0
-1.55551e-30
0
0
0
0
1.89881e-34
0
0
1.56163e-09
-1.51905e-33
0
0
0
0
0
0
0
0
0
0
0
0
-6.52426e-24
0
0
0
0
0
3.12325e-09
2.08776e-22
0
-2.08776e-22
0
0
0
0
0
0
0
0
-7.96419e-28
0
3.12325e-09
0
0
0
0
0
0
-3.0381e-33
1.56163e-09
0
0
0
0
0
0
1.56163e-09
0
0
0
1.2444e-29
-2.48881e-29
0
0
-4.97762e-29
0
0
0
0
-6.52426e-24
0
0
0
0
-2.08776e-22
0
2.08776e-22
0
0
0
0
5.21941e-23
0
0
2.60971e-23
-2.60971e-23
0
3.12325e-09
0
0
0
0
0
0
0
-1.51905e-33
-1.51905e-33
0
-7.59524e-34
-7.59524e-34
0
0
0
0
1.59284e-27
0
0
0
0
3.12325e-09
3.12325e-09
-3.12325e-09
-7.96419e-28
3.12325e-09
0
3.12325e-09
0
-3.12325e-09
3.12325e-09
0
0
-3.12325e-09
0
-1.63107e-24
0
0
0
0
0
0
-5.09708e-26
0
0
0
0
0
0
0
0
3.12325e-09
0
0
3.12325e-09
0
0
0
0
0
0
0
0
1.56163e-09
1.56163e-09
-1.27427e-26
0
0
0
0
0
-3.12325e-09
0
0
0
-3.12325e-09
0
0
3.12325e-09
3.12325e-09
3.12325e-09
-8.15533e-25
3.12325e-09
0
0
0
0
0
0
0
0
2.03883e-25
0
-2.03883e-25
0
0
0
0
0
3.12325e-09
3.12325e-09
0
0
0
-1.59284e-27
0
0
0
-2.54854e-26
0
0
0
0
0
1.56163e-09
0
-3.98209e-28
-3.98209e-28
0
0
-1.63107e-24
3.12325e-09
0
0
-3.18568e-27
3.12325e-09
3.12325e-09
0
0
0
-3.26213e-24
0
3.12325e-09
0
0
0
0
-5.21941e-23
0
0
0
0
0
0
3.12325e-09
3.12325e-09
0
0
0
3.12325e-09
3.12325e-09
-5.09708e-26
0
0
-2.03883e-25
-1.56163e-09
0
0
0
0
0
0
0
1.56163e-09
1.56163e-09
-1.56163e-09
1.56163e-09
-3.98209e-28
0
0
0
0
0
3.12325e-09
0
3.12325e-09
0
0
-1.30485e-23
3.12325e-09
0
-3.12325e-09
0
0
0
0
-1.04388e-22
0
0
0
-1.30485e-23
0
0
0
3.12325e-09
0
0
3.12325e-09
0
0
3.12325e-09
0
0
-1.56163e-09
0
1.56163e-09
-1.56163e-09
0
0
0
0
1.56163e-09
0
0
3.98209e-28
0
1.56163e-09
3.12325e-09
0
3.12325e-09
0
0
0
0
3.12325e-09
3.12325e-09
-3.26213e-24
0
0
0
-3.26213e-24
0
0
0
0
0
0
0
0
-3.12325e-09
3.12325e-09
3.12325e-09
0
3.12325e-09
0
3.12325e-09
0
-6.52426e-24
0
3.12325e-09
0
-1.27427e-26
1.56163e-09
0
1.56163e-09
0
-1.56163e-09
1.56163e-09
1.56163e-09
0
0
0
1.56163e-09
-3.98209e-28
0
1.56163e-09
0
0
3.12325e-09
0
0
-3.12325e-09
0
0
0
0
0
0
0
0
6.2465e-09
-1.67021e-21
0
0
0
0
0
0
0
0
3.12325e-09
0
3.12325e-09
0
0
0
-1.30485e-23
0
0
3.12325e-09
0
0
-1.56163e-09
0
0
1.56163e-09
0
0
0
-4.07766e-25
0
0
0
-3.98209e-28
-3.98209e-28
0
0
0
-4.07766e-25
0
3.12325e-09
0
-8.35106e-22
3.12325e-09
-3.12325e-09
-3.12325e-09
3.12325e-09
0
3.12325e-09
-1.67021e-21
0
0
0
0
0
0
0
3.12325e-09
3.12325e-09
3.12325e-09
-3.12325e-09
0
0
0
0
0
0
3.12325e-09
-3.12325e-09
0
1.56163e-09
0
0
0
-2.54854e-26
0
0
0
2.03883e-25
-7.96419e-28
-7.96419e-28
0
0
0
0
0
0
3.12325e-09
0
0
0
-2.08776e-22
-2.08776e-22
0
0
3.12325e-09
0
0
0
0
0
-4.17553e-22
0
0
3.12325e-09
0
0
0
3.12325e-09
0
3.12325e-09
0
0
0
-1.30485e-23
-4.07766e-25
0
0
0
0
0
0
0
0
0
0
0
0
0
0
-3.98209e-28
0
0
0
-5.09708e-26
0
0
3.12325e-09
0
0
0
0
0
0
0
0
0
2.08776e-22
3.12325e-09
-2.08776e-22
0
0
0
0
0
-2.60971e-23
3.12325e-09
-3.26213e-24
-1.63107e-24
-1.63107e-24
0
0
0
0
0
0
0
0
-2.54854e-26
-2.03883e-25
-2.03883e-25
-5.09708e-26
-1.27427e-26
0
0
1.56163e-09
-3.98209e-28
0
0
0
0
-1.2444e-29
0
0
0
0
0
-6.37135e-27
6.37135e-27
0
0
0
3.12325e-09
0
0
0
3.12325e-09
0
0
0
-1.04388e-22
0
0
3.12325e-09
-1.30485e-23
3.12325e-09
-1.63107e-24
-8.15533e-25
0
0
0
0
0
0
0
-1.2444e-29
0
1.56163e-09
1.55551e-30
0
0
0
0
0
0
0
0
0
0
0
0
0
0
0
0
0
0
-3.18568e-27
0
0
0
-3.26213e-24
0
0
0
0
0
0
0
3.12325e-09
-5.21941e-23
0
0
0
0
0
0
0
0
0
0
-4.97762e-29
0
0
0
0
0
0
0
-2.43048e-32
-1.21524e-32
0
0
-7.77753e-31
0
0
0
0
0
0
0
0
0
0
0
0
0
0
0
0
0
0
0
0
-5.21941e-23
0
0
0
3.12325e-09
0
0
0
0
0
0
-8.15533e-25
0
0
0
-4.97762e-29
3.12325e-09
0
0
0
0
0
0
-2.43048e-32
0
0
-3.0381e-33
0
0
0
0
0
0
0
0
0
0
0
-1.2444e-29
0
2.48881e-29
0
0
0
-3.26213e-24
0
3.12325e-09
0
0
0
-2.60971e-23
0
3.12325e-09
3.12325e-09
0
-1.30485e-23
3.12325e-09
0
0
3.12325e-09
0
-2.03883e-25
3.12325e-09
0
0
0
0
0
0
0
0
-7.59524e-34
0
0
1.56163e-09
0
0
0
0
0
-4.74703e-35
0
0
0
0
0
0
-1.2444e-29
0
0
-1.2444e-29
3.12325e-09
0
0
0
-1.63107e-24
0
0
3.12325e-09
0
0
-2.60971e-23
0
0
3.12325e-09
0
0
1.63107e-24
0
0
0
0
0
-1.2444e-29
0
0
0
-1.55551e-30
0
0
1.56163e-09
0
0
0
0
0
)
;

boundaryField
{
    fuel
    {
        type            calculated;
        value           uniform 0;
    }
    primary_air
    {
        type            calculated;
        value           uniform 0;
    }
    Secondary_air_RHS
    {
        type            calculated;
        value           uniform 0;
    }
    Secondary_air_LHS
    {
        type            calculated;
        value           uniform 0;
    }
    outlet
    {
        type            calculated;
        value           uniform 0;
    }
    stove_body
    {
        type            calculated;
        value           uniform 0;
    }
    frontAndBack
    {
        type            empty;
    }
}


// ************************************************************************* //
