/*--------------------------------*- C++ -*----------------------------------*\
  =========                 |
  \\      /  F ield         | OpenFOAM: The Open Source CFD Toolbox
   \\    /   O peration     | Website:  https://openfoam.org
    \\  /    A nd           | Version:  6
     \\/     M anipulation  |
\*---------------------------------------------------------------------------*/
FoamFile
{
    version     2.0;
    format      ascii;
    class       volScalarField;
    location    "0.0125";
    object      O2;
}
// * * * * * * * * * * * * * * * * * * * * * * * * * * * * * * * * * * * * * //

dimensions      [0 0 0 0 0 0 0];

internalField   nonuniform List<scalar> 
3773
(
0
0
0
0
0
0
0
0
0
0
0
0
0
0
0
0
0
0
0
0
0
0
0
0
0
0
0
0
0
0
0
0
0
0
0
0
0
0
0
0
0
0
0
0
0
0
0
0
0
0
0
0
0
0
0
0
0
0
0
0
0
0
0
0
0
0
0
0
0
0
0
0
0
0
0
0
0
0
0
0
0
0
0
0
0
0
0
0
0
0
0
0
0
0
0
0
0
0
0
0
0
0
0
0
0
0
0
0
0
0
0
0
0
0
0
0
0
0
0
0
0
0
0
0
0
0
0
0
0
0
0
0
0
0
0
0
0
0
0
0
0
0
0
0
0
0
0
0
0
0
0
0
0
0
0
0
0
0
0
0
0
0
0
0
0
0
0
0
0
0
0
0
0
0
0
0
0
0
0
0
0
0
0
0
0
0
0
0
0
0
0
0
0
0
0
0
0
0
0
0
0
0
0
0
0
0
0
0
0
0
0
0
0
0
0
0
0
0
0
0
0
0
0
0
0
0
0
0
0
0
0
0
0
0
0
0
0
0
0
0
0
0
0
0
0
0
0
0
0
0
0
0
0
0
0
0
0
0
0
0
0
0
0
0
0
0
0
0
0
0
0
0
0
0
0
0
0
0
0
0
0
0
0
0
0
0
0
0
0
0
0
0
0
0
0
0
0
0
0
0
0
0
0
0
0
0
0
0
0
0
0
0
0
0
0
0
0
0
0
0
0
0
0
0
0
0
0
0
0
0
0
0
0
0
0
0
0
0
0
0
0
0
0
0.00176992
0.000818618
0.00070798
0.000741249
0.000736603
0.000781162
0.00186131
0.00225275
0.00126315
0.00100908
0.000987176
0.000997528
0.00130394
0.00231826
0.00410868
0.00319104
0.00286943
0.00277396
0.0028642
0.00327649
0.00411548
0.00730924
0.00691488
0.00730009
0.00876613
0.00723383
0.00664167
0.0072185
0.00462438
0.00433518
0.00434112
0.0044937
0.00460704
0.00461971
0.00526423
0.00113029
0.00116551
0.00120927
0.00134454
0.00173456
0.00206797
0.00312523
0.000764451
0.000748243
0.000751617
0.000776286
0.000911631
0.00138114
0.00270019
0.000985235
4.74247e-05
1.57203e-05
1.08575e-05
8.75179e-06
5.14694e-06
0.000444711
0.00131825
8.10953e-05
3.02706e-05
3.32665e-05
6.39324e-05
9.21575e-05
0.00111649
0.00280535
0.00160907
0.00160994
0.00161993
0.00106481
0.00153085
0.00290942
0.00657823
0.00635249
0.00661657
0.00827831
0.00625597
0.00577787
0.00635688
0.0033615
0.00279609
0.00219445
0.00185459
0.00173355
0.00214451
0.00392346
0.00016388
0.000123535
7.74538e-05
5.93422e-05
6.26152e-05
0.00023659
0.00166184
3.22264e-05
3.10524e-05
2.52579e-05
1.39735e-05
6.52541e-06
9.52244e-05
0.00161505
0.000682786
8.43377e-05
2.29381e-05
1.45118e-05
1.07314e-05
6.03815e-06
6.55682e-05
0.000780489
0.000158881
3.27295e-05
5.06547e-05
7.46176e-05
0.000119498
0.000637656
0.00183063
0.00118039
0.00116634
0.00175087
0.000932666
0.000996564
0.00195806
0.00560911
0.00527832
0.00582484
0.00752662
0.00595123
0.00524479
0.00538068
0.00320651
0.00208227
0.00122716
0.00108264
0.00111206
0.00137031
0.00279985
0.000228081
0.000186347
8.2603e-05
4.859e-05
4.5101e-05
4.20763e-05
0.000610408
3.35475e-05
3.51302e-05
2.97177e-05
1.46305e-05
6.16673e-06
3.01524e-06
0.000748012
0.000231054
5.69423e-05
2.35045e-05
1.46707e-05
1.15685e-05
6.51006e-06
1.08883e-06
0.000637698
0.000202745
3.66839e-05
6.09073e-05
8.11116e-05
9.91854e-05
0.00020338
0.00155464
0.000967556
0.000781469
0.00130476
0.000762612
0.000913943
0.0016073
0.00507641
0.00423674
0.00502254
0.00573179
0.0052817
0.004372
0.00507732
0.00318359
0.00179733
0.000973835
0.000861252
0.000772055
0.00098017
0.00235864
0.000266126
0.000223026
9.54805e-05
3.11995e-05
1.31058e-05
8.62988e-06
0.000258363
3.57227e-05
3.78394e-05
3.15889e-05
1.5694e-05
6.83212e-06
2.26139e-06
0.000364637
2.12871e-07
3.31195e-06
1.28478e-05
1.35051e-05
1.2116e-05
6.97117e-06
1.55582e-06
0.000331245
0.000160808
4.80864e-05
8.1715e-05
0.000111594
9.75604e-05
7.2253e-05
0.00162056
0.00100489
0.000605584
0.000610673
0.000693752
0.00101981
0.00149304
0.00489544
0.00339261
0.00311524
0.00342465
0.0037652
0.00366492
0.00399407
0.00303889
0.00129048
0.000707657
0.000652556
0.000625932
0.000835475
0.00169693
0.000282517
0.000232992
0.000135524
5.03043e-05
1.26813e-05
2.76058e-06
0.000171892
3.76626e-05
4.06898e-05
3.24519e-05
1.60091e-05
7.83865e-06
2.55473e-06
0.000174367
1.25057e-07
6.17354e-06
1.86211e-05
1.75875e-05
1.31603e-05
7.09374e-06
1.59705e-06
7.99037e-06
3.24749e-05
4.84432e-05
9.41945e-05
0.000156439
0.000165838
0.000142403
0.00162963
0.00109417
0.000673475
0.000434775
0.000678015
0.00116736
0.00163397
0.00426271
0.00311286
0.00208128
0.00261171
0.00241435
0.00341754
0.00373843
0.00246207
0.000993242
0.000696739
0.000672931
0.000634397
0.000779298
0.001029
0.000319997
0.00025467
0.000166895
7.557e-05
2.00219e-05
1.49571e-05
8.38156e-05
2.59662e-05
3.57834e-05
2.71516e-05
1.61687e-05
8.92104e-06
6.83029e-06
0.000107086
0
8.17579e-06
2.22526e-05
1.93171e-05
1.36231e-05
8.53874e-06
9.54747e-07
2.00668e-05
0.000113359
0.00013396
0.000133929
0.000184129
0.00024975
0.000176167
0.00166851
0.00114725
0.000717026
0.000372672
0.000672664
0.00120776
0.00175285
0.00380207
0.00252481
0.00158241
0.00174534
0.00170728
0.00236195
0.00261936
0.00210763
0.000914103
0.000629419
0.000583661
0.000547269
0.000723911
0.000914425
0.000128589
0.000212509
0.000180971
8.59024e-05
3.03145e-05
8.73761e-06
4.34832e-05
3.49445e-06
2.21382e-05
1.83803e-05
1.81253e-05
1.22084e-05
7.36155e-06
4.30017e-05
7.21093e-08
1.60632e-07
6.29434e-07
8.08181e-07
7.31051e-07
4.28848e-07
2.22155e-07
1.39873e-06
6.09459e-06
8.1296e-06
1.00597e-05
5.8412e-06
2.05872e-06
1.14464e-06
0.000712952
0.000817258
0.000554563
0.00025256
0.000284947
7.9281e-05
2.83657e-07
0.00199374
0.00149846
0.00111221
0.00114134
0.00107766
0.0014656
0.00128715
0.000719035
0.000526621
0.000328654
0.000281914
0.000249721
0.000379903
0.000174992
1.20709e-05
3.89983e-05
5.66132e-05
4.25212e-05
1.93013e-05
1.65842e-05
2.48976e-06
1.05769e-07
3.52193e-07
2.53758e-06
1.15566e-06
4.12413e-06
9.37951e-06
0
7.22788e-08
1.55209e-07
7.01089e-07
1.40052e-06
1.21745e-06
8.42771e-07
2.44255e-07
3.02739e-06
7.68967e-06
3.25163e-06
4.4568e-06
4.09259e-06
3.05346e-06
1.25471e-06
0.000228319
0.000511238
0.000306045
0.000173015
0.00010735
4.60722e-05
3.70028e-07
0.00116232
0.000945299
0.000806202
0.000715914
0.000884859
0.00100309
0.000687107
6.3182e-05
0.000117388
0.000183511
0.000157864
0.000136881
0.000169264
3.68886e-05
7.51695e-07
6.13611e-06
2.7759e-05
2.84378e-05
1.28373e-05
6.42794e-06
1.62563e-06
1.06724e-07
5.12879e-07
3.39607e-06
3.10458e-06
1.77589e-06
3.90986e-06
2.3049e-07
7.81329e-08
1.59096e-07
6.94185e-07
2.29754e-06
1.57823e-06
9.55798e-07
3.89895e-07
6.14279e-07
1.50921e-06
2.48293e-06
9.63758e-06
9.53444e-06
6.52105e-06
2.63393e-06
6.18379e-05
0.000283605
0.000162304
0.000132768
0.000137021
0.000135469
1.37576e-06
0.000545901
0.000726122
0.000533163
0.000574073
0.000577655
0.000555824
0.00028242
1.14974e-07
9.69697e-06
5.11058e-05
9.34407e-05
8.46144e-05
8.73301e-05
1.1557e-05
2.57547e-07
6.85513e-07
4.54542e-06
2.35169e-05
1.35793e-05
2.14067e-06
5.77464e-07
1.19081e-07
2.44318e-07
4.59786e-07
8.82314e-07
9.22092e-07
1.13493e-06
1.44677e-07
8.29291e-08
1.92982e-07
7.00428e-07
2.55895e-06
1.64734e-06
7.74007e-07
3.49202e-07
1.15256e-06
2.00286e-06
2.51244e-06
1.18471e-05
2.10937e-05
9.42728e-06
1.96405e-06
2.009e-05
0.000109296
9.04459e-05
9.67164e-05
0.000117332
0.000105184
4.75643e-06
0.000185185
0.000347235
0.000361359
0.000423635
0.000385158
0.00028626
0.000100356
2.61262e-07
5.6516e-05
2.51289e-05
3.97783e-05
4.78987e-05
4.84059e-05
1.07148e-05
3.39942e-07
1.05401e-06
2.72936e-06
8.61981e-06
1.08433e-05
4.3931e-06
7.27063e-07
1.207e-07
2.23458e-07
3.1869e-07
5.83232e-07
8.81225e-07
8.34442e-07
1.44011e-07
8.99281e-08
2.2199e-07
6.27628e-07
2.1489e-06
2.42782e-06
4.75618e-07
2.8308e-07
2.33846e-06
3.00272e-06
2.16805e-06
9.78122e-06
2.64589e-05
9.22212e-06
1.18749e-06
1.05487e-05
3.73119e-05
3.6862e-05
4.09641e-05
7.766e-05
5.95952e-05
2.58027e-06
9.36257e-05
0.000185153
0.000200703
0.000270565
0.000256167
0.00015618
3.03757e-05
1.09016e-06
3.14778e-05
3.10478e-05
2.54254e-05
2.75549e-05
2.62947e-05
8.96033e-06
4.2067e-07
1.22964e-06
2.29155e-06
4.15678e-06
6.55441e-06
5.09216e-06
1.58583e-06
1.11417e-07
1.94207e-07
2.78414e-07
3.89096e-07
7.74343e-07
1.33591e-06
2.52886e-07
8.88922e-08
1.11821e-07
2.80345e-07
1.0949e-06
2.68937e-06
1.11724e-06
3.1475e-07
1.82241e-06
3.82504e-07
7.88286e-07
6.1641e-06
1.49902e-05
8.92716e-06
9.08603e-07
5.67765e-06
8.42835e-06
9.92983e-06
1.47265e-05
2.85127e-05
3.33569e-05
6.00122e-06
3.57134e-05
0.000122603
0.000135425
0.000139112
0.000147523
9.1521e-05
1.07936e-05
3.00173e-06
2.40988e-05
2.30016e-05
1.93805e-05
1.07799e-05
1.06344e-05
5.60829e-06
4.56403e-07
1.25027e-06
2.18648e-06
2.59358e-06
2.38326e-06
3.58274e-06
2.16576e-06
9.25106e-08
1.45113e-07
2.65099e-07
3.1807e-07
5.32141e-07
7.05636e-07
7.00515e-07
9.55284e-08
8.87629e-08
2.12986e-07
4.63144e-07
5.73303e-07
5.34591e-07
2.43811e-07
4.83797e-07
8.41151e-08
6.53425e-07
2.84039e-06
4.49684e-06
4.44137e-06
7.87356e-07
2.48151e-06
8.95639e-06
1.34637e-05
7.58541e-06
8.42205e-06
1.32038e-05
5.83601e-06
2.39297e-05
7.04668e-05
6.84656e-05
7.47891e-05
7.36061e-05
5.18778e-05
8.63674e-06
1.61193e-06
4.81171e-06
3.16421e-06
3.27724e-06
2.90054e-06
3.16758e-06
2.19178e-06
1.6261e-07
3.02141e-07
3.76496e-07
5.37876e-07
5.81696e-07
7.60789e-07
1.01869e-06
5.24643e-08
9.04845e-08
1.40045e-07
1.48477e-07
1.41158e-07
2.80878e-07
3.91248e-07
0
4.95508e-06
1.43414e-05
1.55567e-05
7.73037e-06
9.06615e-06
0
1.68237e-05
0.000143543
0.000211437
0.000169462
9.59475e-05
0.000144438
2.47412e-05
0.00162591
0.00117751
0.000706802
0.000364421
0.00071858
0.0012599
0.00165536
0.00367757
0.00231329
0.00141094
0.00146506
0.00150845
0.00228489
0.00250571
0.00195715
0.000924978
0.000554063
0.000478219
0.000451002
0.000636358
0.000746721
6.6713e-06
0.000148293
0.00014124
0.000101866
5.77207e-05
2.93735e-05
0
0
9.06661e-06
1.37563e-05
1.93631e-05
2.27534e-05
8.76908e-06
0
0
3.01004e-06
8.38169e-06
9.13876e-06
4.11477e-06
2.96353e-06
0
0
0.00010433
0.000174914
0.00014851
6.90058e-05
8.75323e-05
5.65746e-06
0.00160326
0.00117701
0.000713004
0.00037385
0.000730903
0.00126385
0.00154869
0.00364216
0.0022562
0.00139959
0.00144418
0.00148702
0.00223848
0.00241021
0.00192804
0.000922611
0.000543547
0.000466689
0.00043745
0.000627006
0.00070742
7.54602e-07
0.000130486
0.000125174
8.17067e-05
5.56695e-05
3.85723e-05
0
0
6.17899e-06
1.00361e-05
1.53685e-05
1.55542e-05
7.26202e-06
0
0
2.41236e-06
6.61705e-06
7.14708e-06
3.34958e-06
2.27066e-06
0
0
9.21372e-05
0.000166826
0.000139981
6.09195e-05
6.59117e-05
0
0.00154691
0.00116987
0.000715457
0.00037422
0.000746791
0.00122831
0.000952208
0.00356557
0.00222358
0.00137954
0.00142628
0.00146948
0.00219492
0.00234467
0.00189274
0.000914737
0.000533912
0.000447623
0.000427315
0.000630078
0.000656316
0
0.000122798
0.000118529
7.66897e-05
4.06218e-05
4.24973e-05
0
0
5.34139e-06
9.10027e-06
1.43602e-05
1.30601e-05
5.14869e-06
0
0
1.58311e-06
4.65728e-06
5.7925e-06
3.38142e-06
2.12419e-06
0
0
7.37048e-05
0.000164051
0.000122513
5.35438e-05
3.76848e-05
0
0.00151101
0.00116992
0.000719161
0.0003754
0.000744671
0.000973792
0.000168496
0.00352338
0.00215787
0.00135119
0.00138879
0.00142951
0.00214871
0.00212282
0.001842
0.000908602
0.000516914
0.000430634
0.000422213
0.000635945
0.000621613
1.18213e-05
0.000113811
0.000114773
7.53894e-05
4.33849e-05
6.0129e-05
0
0
4.68835e-06
9.31579e-06
1.33494e-05
1.21949e-05
6.3597e-06
0
0
1.21532e-06
3.56635e-06
5.18262e-06
3.41883e-06
2.08632e-06
0
0
6.40251e-05
0.000114521
7.83669e-05
4.5541e-05
2.9015e-05
0
0.00143602
0.0011707
0.000727789
0.000378518
0.000734323
0.000857367
0
0.00345448
0.00212078
0.00132412
0.00133969
0.00140543
0.002029
0.00201402
0.00175654
0.000901336
0.000507669
0.00042207
0.000407696
0.000636008
0.000542611
1.61215e-05
0.000105704
0.000109896
6.90593e-05
4.72738e-05
5.59863e-05
0
0
4.06746e-06
9.74629e-06
1.06284e-05
1.45139e-05
9.69899e-06
0
0
6.18122e-07
1.25785e-06
2.2801e-06
1.69046e-06
7.87639e-07
0
0
3.89208e-05
5.62606e-05
3.97595e-05
2.59038e-05
1.13634e-05
0
0.00139416
0.00116363
0.000730755
0.000384226
0.000688795
0.000705739
0
0.00337237
0.00204267
0.00130819
0.00131069
0.00134964
0.00197732
0.00192607
0.00169099
0.000874592
0.000488937
0.000402882
0.000403638
0.000634067
0.000504239
1.87622e-05
8.78519e-05
0.000103349
6.53586e-05
4.95691e-05
5.76134e-05
0
0
2.61947e-06
7.08903e-06
8.69498e-06
1.75754e-05
1.09684e-05
0
0
1.74879e-07
5.57065e-07
1.36263e-06
8.78825e-07
4.61304e-07
0
0
2.31486e-05
3.3678e-05
2.30937e-05
1.24031e-05
9.84254e-07
0
0.00124595
0.00114333
0.00073052
0.0003911
0.00062789
0.000500947
0
0.00321152
0.001991
0.00128986
0.00129103
0.00133976
0.00194996
0.00178318
0.00162388
0.000860375
0.000475024
0.000397254
0.000392534
0.000626574
0.000409738
1.33181e-05
7.88653e-05
9.26308e-05
5.45941e-05
3.77955e-05
7.82841e-05
0
0
1.05063e-06
4.06055e-06
5.56981e-06
1.95267e-05
2.15538e-05
0
9.91281e-10
2.54791e-08
5.26246e-08
3.35357e-08
2.50138e-08
1.95125e-08
5.71778e-09
3.81554e-08
3.67478e-08
2.41641e-07
3.73835e-07
3.89879e-07
3.29605e-07
9.9065e-08
5.28571e-06
1.77768e-05
1.60732e-05
1.47623e-05
7.67915e-06
4.36571e-06
5.07478e-06
1.73589e-05
5.41095e-05
4.68213e-05
6.03613e-05
5.38075e-05
3.61878e-05
6.38155e-06
1.62658e-06
2.55377e-06
2.81674e-06
4.13976e-06
2.06887e-06
1.33282e-06
1.66234e-08
2.49015e-08
7.57726e-08
6.32214e-08
2.13625e-07
2.22125e-07
6.91481e-08
6.00343e-09
2.63246e-09
1.46495e-08
2.69897e-08
3.56582e-08
1.96964e-08
4.76425e-09
2.18743e-09
5.32758e-09
3.5515e-08
3.80248e-08
2.97457e-08
2.90648e-08
1.99325e-08
1.49092e-08
7.55747e-08
6.5266e-08
1.84433e-07
2.50204e-07
2.68718e-07
2.75477e-07
1.76944e-07
7.55788e-06
1.45074e-05
1.21486e-05
1.34287e-05
9.55172e-06
5.88133e-06
4.65412e-06
1.7503e-05
4.62849e-05
4.10489e-05
5.53631e-05
4.67257e-05
3.23475e-05
6.09912e-06
1.80619e-06
3.3056e-06
5.42311e-06
1.02729e-05
5.85071e-06
5.30081e-06
7.18952e-08
4.28521e-08
1.14039e-07
1.04035e-07
2.07232e-07
4.17017e-07
2.2572e-07
1.8381e-08
2.64715e-09
1.01437e-08
1.4626e-08
2.57769e-08
2.25345e-08
2.20271e-08
6.91964e-09
8.22465e-09
4.91769e-08
7.21957e-08
7.35628e-08
6.63392e-08
5.62924e-08
2.94235e-08
8.25875e-08
5.9259e-08
1.83301e-07
2.75478e-07
3.33874e-07
3.69384e-07
2.87892e-07
8.91964e-06
1.38275e-05
1.14052e-05
1.41792e-05
1.07033e-05
7.56432e-06
4.94242e-06
1.87265e-05
4.14728e-05
3.69597e-05
5.13793e-05
4.07724e-05
2.97399e-05
6.20457e-06
2.67477e-06
5.07294e-06
9.06978e-06
1.46845e-05
7.68699e-06
6.45411e-06
2.70788e-06
1.25087e-07
1.91173e-07
3.07186e-07
3.11808e-07
2.9945e-07
2.48345e-07
1.95763e-07
8.72619e-09
1.47015e-08
3.29777e-08
4.32742e-08
3.94793e-08
3.25727e-08
2.50936e-08
1.60021e-08
4.91443e-08
6.56301e-08
5.44013e-08
6.05284e-08
6.75447e-08
9.13421e-08
9.29866e-08
6.11441e-08
1.35526e-07
1.58384e-07
2.2636e-07
3.09801e-07
3.95952e-07
9.92274e-06
1.24301e-05
7.99968e-06
8.98505e-06
7.93237e-06
7.19653e-06
4.91513e-06
1.9397e-05
3.62007e-05
3.31674e-05
4.6717e-05
3.4645e-05
2.69454e-05
6.51061e-06
3.88244e-06
5.971e-06
9.7195e-06
1.53976e-05
8.83242e-06
7.14229e-06
2.88104e-06
2.02142e-07
2.22285e-07
3.28731e-07
4.1045e-07
3.72532e-07
3.30012e-07
2.57694e-07
4.02313e-08
3.92241e-08
4.89277e-08
6.54175e-08
6.50517e-08
5.33824e-08
4.29971e-08
1.87859e-08
4.66565e-08
5.06085e-08
2.97383e-08
4.01921e-08
5.2145e-08
6.37755e-08
8.02261e-08
5.75976e-08
9.12371e-08
8.66412e-08
7.41536e-08
1.51378e-07
1.9837e-07
8.55903e-06
9.53849e-06
4.31814e-06
6.59535e-06
6.50354e-06
6.35486e-06
4.73157e-06
2.12487e-05
2.95255e-05
2.83625e-05
4.18162e-05
2.84862e-05
2.35079e-05
7.2561e-06
4.65882e-06
5.62122e-06
6.687e-06
1.08566e-05
7.34944e-06
6.47743e-06
3.20299e-06
2.99937e-07
2.15553e-07
2.50229e-07
3.16511e-07
2.88396e-07
2.70272e-07
2.22488e-07
4.99539e-08
4.41468e-08
4.43753e-08
5.4183e-08
5.75672e-08
5.56159e-08
4.99341e-08
2.48322e-08
4.26983e-08
4.52778e-08
3.59426e-08
3.04019e-08
3.01332e-08
2.72469e-08
5.24626e-08
5.04895e-08
6.94736e-08
6.20289e-08
4.76592e-08
5.46996e-08
7.43963e-08
6.14455e-06
6.30549e-06
3.35799e-06
3.78271e-06
4.2419e-06
5.17095e-06
4.39717e-06
1.95124e-05
2.02006e-05
2.50588e-05
3.36248e-05
2.3351e-05
1.99758e-05
8.08289e-06
4.96251e-06
3.77969e-06
5.49347e-06
8.07447e-06
5.90123e-06
5.12012e-06
3.08424e-06
1.64382e-07
1.50536e-07
1.56868e-07
1.87908e-07
1.70584e-07
1.40107e-07
1.01999e-07
2.05595e-08
3.21671e-08
3.07802e-08
3.69342e-08
3.93584e-08
4.57442e-08
4.42326e-08
2.88552e-08
3.36854e-08
3.1987e-08
2.912e-08
2.37429e-08
2.07786e-08
1.63885e-08
3.43974e-08
3.50111e-08
4.63198e-08
4.30207e-08
3.38609e-08
2.5337e-08
2.47183e-08
3.31606e-06
2.14215e-06
1.3698e-06
1.83751e-06
2.81459e-06
3.4468e-06
3.33488e-06
1.22261e-05
9.8577e-06
1.41053e-05
1.40817e-05
1.34412e-05
1.11561e-05
7.94554e-06
3.32252e-06
2.95933e-06
4.06669e-06
4.75693e-06
4.46748e-06
3.45815e-06
2.82577e-06
5.27688e-08
4.30211e-08
3.92723e-08
3.66382e-08
2.03825e-08
1.62284e-08
1.69852e-08
1.45861e-08
1.26465e-08
1.44917e-08
1.61923e-08
1.78237e-08
2.45016e-08
1.95393e-08
1.19837e-09
6.17806e-10
4.11568e-10
3.72191e-10
3.47134e-10
2.97155e-10
2.30829e-10
4.78713e-08
2.41364e-08
7.49306e-09
4.35953e-10
3.59677e-10
3.73078e-10
3.99015e-10
4.46885e-06
3.00715e-06
1.20035e-06
1.49263e-08
1.82253e-10
2.40778e-10
2.66561e-10
4.65761e-06
5.47797e-07
2.95802e-07
3.89273e-08
9.22092e-09
5.11069e-09
3.21671e-09
3.96714e-09
4.69259e-09
5.55633e-09
5.51835e-09
3.41331e-09
2.59444e-10
1.62902e-10
2.17268e-09
1.83606e-09
1.21289e-09
9.30094e-10
6.29885e-10
5.06366e-10
3.85057e-10
1.1881e-09
1.21566e-09
1.22885e-09
1.00743e-09
7.23961e-10
4.58e-10
1.98764e-10
3.2278e-09
2.22365e-09
2.06869e-09
1.93101e-09
1.57993e-09
1.31543e-09
9.91253e-10
5.29235e-08
3.28527e-08
6.38566e-09
1.70242e-09
1.66129e-09
1.76424e-09
1.8496e-09
4.03483e-06
3.02575e-06
1.89434e-06
1.51945e-09
4.88667e-10
7.89183e-10
1.01018e-09
4.69202e-06
2.47896e-06
1.1307e-06
3.17862e-07
1.08952e-07
6.8755e-08
5.92351e-08
4.54186e-08
6.36568e-08
6.013e-08
5.68349e-08
5.08268e-08
2.4246e-09
8.81337e-10
2.33334e-08
1.73371e-08
1.42892e-08
7.92922e-09
4.81283e-09
4.43397e-09
3.03087e-09
8.1293e-09
8.46945e-09
8.57656e-09
8.4555e-09
6.98342e-09
6.02769e-09
1.83402e-09
2.02391e-08
1.02989e-08
8.2803e-09
7.34567e-09
6.40872e-09
3.59359e-09
1.60195e-09
1.84592e-07
1.32457e-07
9.30385e-08
2.92055e-08
8.41821e-09
8.99426e-09
9.63491e-09
4.13501e-06
3.21886e-06
2.48359e-06
9.2809e-07
1.29443e-09
2.40757e-09
2.49332e-09
4.83038e-06
3.47595e-06
2.43794e-06
1.59482e-06
9.39002e-07
5.36309e-07
3.49324e-07
1.59131e-06
1.17395e-06
9.79848e-07
6.14877e-07
3.44574e-07
3.06221e-08
3.81338e-09
1.25825e-07
1.10331e-07
8.57408e-08
5.38574e-08
1.09608e-08
1.24796e-08
1.33117e-08
2.07981e-08
1.95804e-08
1.66346e-08
1.66851e-08
1.64407e-08
1.58677e-08
1.09795e-08
9.94277e-08
6.57775e-08
2.94925e-08
1.50591e-08
1.27416e-08
9.34592e-09
4.07591e-09
3.80415e-07
2.45683e-07
1.83981e-07
5.74952e-08
1.62865e-08
1.31817e-08
1.8063e-08
4.11323e-06
3.60964e-06
2.70582e-06
2.16114e-06
1.02003e-06
1.52749e-07
4.77224e-09
5.00164e-06
4.37025e-06
3.05702e-06
2.59064e-06
1.96006e-06
1.45764e-06
9.89022e-07
2.55981e-06
2.0536e-06
1.61295e-06
1.11717e-06
6.92259e-07
2.49669e-07
1.05234e-07
2.04944e-07
1.89296e-07
1.71033e-07
1.27996e-07
8.46339e-08
7.07653e-08
4.68806e-08
4.11836e-08
3.95251e-08
3.76373e-08
3.62633e-08
3.31202e-08
3.10244e-08
2.07137e-08
6.13137e-08
4.71327e-08
2.7983e-08
2.35273e-08
1.96208e-08
1.54514e-08
7.99777e-09
1.78368e-07
1.31155e-07
1.13068e-07
9.71497e-08
2.87226e-08
1.24039e-08
2.21692e-08
4.19202e-06
3.81129e-06
3.27261e-06
2.85988e-06
1.87468e-06
1.29446e-06
4.16965e-07
5.8033e-06
4.79518e-06
4.23298e-06
3.13016e-06
2.62157e-06
2.32954e-06
1.69545e-06
2.85931e-06
2.20762e-06
1.87241e-06
1.41563e-06
9.84163e-07
7.46612e-07
3.58734e-07
1.96408e-07
1.80505e-07
1.66997e-07
1.45338e-07
1.22114e-07
1.00881e-07
7.15658e-08
4.63648e-08
4.48597e-08
4.2238e-08
4.0542e-08
3.69547e-08
3.37476e-08
2.65216e-08
2.34138e-08
2.23349e-08
2.24607e-08
2.26369e-08
2.10213e-08
1.62991e-08
9.74006e-09
7.20655e-08
6.80877e-08
6.85634e-08
9.64283e-08
1.10089e-07
1.06055e-07
9.1984e-08
3.35228e-06
3.22653e-06
2.93265e-06
2.80176e-06
2.45044e-06
1.97093e-06
1.58675e-06
6.40633e-06
5.41748e-06
4.85289e-06
3.81291e-06
3.35981e-06
3.09333e-06
2.3407e-06
2.5764e-06
2.14034e-06
1.7162e-06
1.20349e-06
9.65432e-07
7.50047e-07
6.08501e-07
9.61368e-08
9.14014e-08
8.94672e-08
8.83196e-08
8.70852e-08
8.15459e-08
6.69489e-08
4.18249e-08
4.05955e-08
3.8522e-08
3.67466e-08
3.34092e-08
3.11491e-08
2.56849e-08
1.5962e-08
1.66499e-08
1.73197e-08
1.70573e-08
1.55184e-08
1.34692e-08
9.30975e-09
2.49601e-08
4.35645e-08
5.2734e-08
6.04817e-08
5.61948e-08
5.72125e-08
5.87254e-08
2.96634e-06
2.8825e-06
2.71317e-06
2.51237e-06
2.40186e-06
2.13507e-06
2.03666e-06
5.93964e-06
5.34303e-06
4.54202e-06
4.20933e-06
3.69477e-06
3.33874e-06
3.11815e-06
2.17556e-06
1.53933e-06
1.04935e-06
6.58195e-07
4.04357e-07
3.89131e-07
3.99428e-07
2.27342e-08
2.62519e-08
3.19219e-08
3.53298e-08
4.41645e-08
4.52144e-08
4.47766e-08
1.62983e-08
1.92418e-08
2.12266e-08
2.20629e-08
2.26765e-08
2.232e-08
2.12861e-08
7.21764e-11
2.56835e-10
3.17606e-10
3.58226e-10
3.46452e-10
3.35917e-10
4.01032e-10
2.3535e-11
4.29408e-11
5.33165e-11
8.5691e-11
9.82255e-11
2.17155e-10
2.50229e-08
6.82243e-09
5.30574e-09
4.15131e-09
3.48788e-09
2.22488e-09
1.56068e-08
1.47224e-06
1.51339e-07
1.82028e-07
2.37936e-07
3.51444e-07
1.04228e-06
3.73336e-06
1.24184e-05
1.16478e-08
7.57722e-09
6.69793e-09
4.66753e-09
3.27541e-09
4.75423e-07
1.2891e-06
4.48651e-11
5.61112e-11
8.24455e-11
1.63909e-10
1.83895e-10
9.14339e-10
8.13952e-09
1.9606e-10
2.84637e-10
2.82347e-10
2.70362e-10
2.50906e-10
2.33663e-10
2.8306e-10
5.72703e-10
1.56898e-09
1.9418e-09
2.44936e-09
2.3815e-09
2.25997e-09
2.27697e-09
1.63259e-10
3.06644e-10
3.65558e-10
4.28713e-10
4.02563e-10
4.34566e-09
1.05914e-07
1.14762e-08
8.94146e-09
5.63882e-09
4.30594e-09
3.24637e-09
4.12745e-07
5.16522e-06
3.15856e-07
3.62455e-07
4.48622e-07
9.78417e-07
2.18602e-06
6.218e-06
1.29449e-05
1.59475e-08
1.07576e-08
8.44531e-09
5.54018e-09
1.89388e-07
9.2692e-07
1.28598e-06
2.94136e-10
3.36209e-10
3.43995e-10
4.06016e-10
1.93701e-09
1.02095e-08
2.17692e-08
7.30215e-10
1.07737e-09
1.18572e-09
1.16991e-09
1.14354e-09
1.1451e-09
1.4486e-09
1.44356e-09
3.77395e-09
6.45219e-09
6.45231e-09
6.03887e-09
5.9128e-09
6.35251e-09
1.62095e-09
1.74928e-09
2.01765e-09
1.8995e-09
4.65948e-09
8.0128e-08
1.25787e-07
9.3545e-09
8.15624e-09
6.23788e-09
4.4515e-09
3.64868e-07
3.71482e-06
7.22536e-06
8.00762e-07
9.82068e-07
1.36965e-06
2.82249e-06
5.61654e-06
1.05262e-05
1.48415e-05
1.60503e-08
1.00082e-08
3.79805e-08
3.7887e-07
8.40161e-07
1.19845e-06
1.52903e-06
1.94517e-09
1.84114e-09
2.23436e-09
9.38662e-09
1.6364e-08
2.82053e-08
6.06127e-08
1.56985e-09
2.69104e-09
3.37053e-09
3.52852e-09
3.55842e-09
3.75388e-09
5.87415e-09
3.41704e-09
9.79784e-09
9.24167e-09
7.51457e-09
1.2335e-08
1.52883e-08
8.47894e-09
5.54521e-09
5.97671e-09
5.93665e-09
5.11321e-09
4.59008e-08
9.60457e-08
1.53935e-07
6.48703e-09
2.38097e-07
1.04699e-06
1.77768e-06
3.79674e-06
5.36929e-06
6.32143e-06
2.67025e-06
4.1133e-06
5.7502e-06
8.09328e-06
1.01583e-05
1.30322e-05
1.6043e-05
4.83935e-08
1.94532e-07
4.96922e-07
8.63729e-07
1.21262e-06
1.86431e-06
2.10776e-06
7.59288e-09
7.07905e-09
1.02023e-08
1.53081e-08
2.22995e-08
3.7497e-08
8.81397e-08
3.36508e-09
6.9676e-09
8.03549e-09
7.93687e-09
8.76931e-09
1.45818e-08
2.11983e-08
6.37685e-09
1.22677e-08
1.09179e-08
8.00322e-09
8.12235e-09
9.85662e-09
8.88454e-09
1.07395e-08
7.91934e-09
1.13906e-08
1.64135e-08
3.82959e-08
7.077e-08
1.06509e-07
1.19368e-06
2.0328e-06
2.69358e-06
3.81609e-06
4.50273e-06
5.3426e-06
6.50896e-06
5.55322e-06
6.68432e-06
8.36657e-06
9.07315e-06
1.16482e-05
1.32019e-05
1.63125e-05
4.80503e-07
7.81312e-07
1.15237e-06
1.65223e-06
2.08463e-06
2.64155e-06
3.21361e-06
2.27657e-08
2.98072e-08
3.86318e-08
4.18836e-08
5.95695e-08
1.03671e-07
1.70982e-07
6.86378e-09
1.11543e-08
1.33031e-08
1.58836e-08
1.98178e-08
2.86942e-08
3.78109e-08
7.568e-09
1.6761e-08
1.6745e-08
1.49434e-08
1.41185e-08
1.50806e-08
1.77241e-08
2.20253e-08
2.82412e-08
3.34563e-08
3.73508e-08
4.95371e-08
5.55284e-08
5.83545e-08
2.20608e-06
2.484e-06
3.20829e-06
4.11347e-06
4.67472e-06
5.48812e-06
5.89639e-06
7.66854e-06
8.48968e-06
1.01865e-05
1.0989e-05
1.35021e-05
1.49053e-05
1.632e-05
9.58078e-07
1.53151e-06
1.8252e-06
2.45968e-06
2.79089e-06
3.42688e-06
3.67936e-06
2.39256e-08
2.22445e-08
2.78533e-08
3.58546e-08
5.14493e-08
7.82557e-08
1.07454e-07
8.82867e-09
1.28867e-08
1.49566e-08
1.79154e-08
1.98176e-08
2.0884e-08
1.8975e-08
8.49507e-09
1.83418e-08
2.02879e-08
2.095e-08
2.15232e-08
2.31584e-08
2.39933e-08
1.81692e-08
2.11092e-08
2.35809e-08
2.47046e-08
2.78304e-08
2.90079e-08
3.16989e-08
2.07598e-06
2.20958e-06
2.73401e-06
2.97003e-06
3.26677e-06
3.48249e-06
3.5519e-06
7.72861e-06
8.57291e-06
9.40909e-06
1.05309e-05
1.10506e-05
1.16728e-05
1.1854e-05
1.78884e-06
2.08783e-06
2.63113e-06
3.07003e-06
3.4435e-06
3.62445e-06
3.67229e-06
3.22352e-08
3.86868e-08
4.21678e-08
4.7695e-08
5.24384e-08
5.43705e-08
5.00247e-08
1.14877e-08
1.20563e-08
1.42684e-08
1.60338e-08
1.77067e-08
1.81386e-08
1.70159e-08
1.6743e-12
2.01724e-12
4.30239e-12
6.9723e-12
1.36109e-11
1.67327e-11
1.64387e-11
1.74722e-12
6.83752e-12
1.22436e-11
2.17173e-11
2.32692e-11
2.23485e-11
2.05749e-11
1.37443e-08
2.07162e-08
2.38447e-08
2.13372e-08
1.76076e-08
1.1154e-08
1.00009e-08
5.88645e-08
9.42966e-08
1.07505e-07
1.1691e-07
1.22051e-07
1.29266e-07
1.41068e-07
1.81154e-08
2.34791e-08
2.4204e-08
2.28465e-08
1.85597e-08
1.47786e-08
1.39435e-08
2.06935e-11
1.98421e-11
2.00572e-11
1.94625e-11
2.12654e-11
2.21817e-11
2.56688e-11
2.18444e-12
2.85736e-12
3.60804e-12
5.90379e-12
1.06067e-11
1.77344e-11
4.79655e-11
1.04403e-12
2.37208e-12
8.19601e-12
2.38675e-11
2.85971e-11
2.73098e-11
1.84314e-11
4.97403e-12
1.68922e-11
3.29145e-11
7.66043e-11
1.03755e-10
9.9916e-11
1.1311e-10
2.29767e-08
3.23321e-08
3.77896e-08
3.35264e-08
2.25351e-08
1.80296e-08
1.41988e-08
1.01349e-07
1.69287e-07
2.22862e-07
2.5978e-07
2.75404e-07
3.01008e-07
3.08564e-07
3.02675e-08
3.5957e-08
3.97969e-08
3.58769e-08
2.75727e-08
2.4041e-08
2.15479e-08
2.40011e-11
2.37909e-11
2.22087e-11
3.5163e-11
8.9659e-11
1.23812e-10
1.98331e-10
1.49596e-12
3.24418e-12
7.00985e-12
1.95869e-11
4.39111e-11
7.64267e-11
2.01269e-10
9.14119e-13
2.51737e-12
1.15892e-11
3.53551e-11
4.33307e-11
2.81648e-11
1.02642e-11
9.02294e-12
2.76957e-11
7.44957e-11
3.59662e-10
4.68367e-10
5.7901e-10
1.11452e-09
3.44356e-08
5.48402e-08
6.75139e-08
5.90714e-08
3.61926e-08
1.95518e-08
1.4519e-08
1.48998e-07
3.20508e-07
4.34716e-07
4.75929e-07
5.34202e-07
5.87838e-07
7.2983e-07
4.12709e-08
6.01944e-08
8.35812e-08
7.32583e-08
4.3799e-08
3.11073e-08
2.30513e-08
2.304e-11
2.31889e-11
2.16382e-11
1.29415e-10
8.18173e-10
1.08674e-09
1.74744e-09
1.31564e-12
3.95203e-12
1.17422e-11
3.80986e-11
7.18292e-11
1.92346e-10
7.37736e-10
1.07646e-12
3.12145e-12
1.45356e-11
4.22808e-11
4.94933e-11
1.7707e-11
5.66003e-12
1.16876e-11
4.80542e-11
3.17414e-10
1.16254e-09
1.20598e-09
2.112e-09
3.95083e-09
4.49607e-08
7.07547e-08
8.89315e-08
6.88357e-08
4.19726e-08
2.16898e-08
1.22731e-08
1.82958e-07
4.78053e-07
6.59753e-07
9.51065e-07
1.25509e-06
1.61718e-06
2.29554e-06
4.70517e-08
7.95135e-08
1.02623e-07
9.01828e-08
5.52287e-08
3.21944e-08
2.08114e-08
2.08848e-11
2.33098e-11
2.26064e-11
1.04913e-09
3.42439e-09
4.22698e-09
6.7852e-09
1.18123e-12
4.05e-12
1.3071e-11
4.85902e-11
1.06392e-10
3.40556e-10
1.00881e-09
1.13614e-12
3.36939e-12
1.6714e-11
4.69925e-11
5.48148e-11
1.25866e-11
4.48748e-12
1.40747e-11
9.10416e-11
9.76475e-10
2.35549e-09
2.64917e-09
7.90231e-09
1.12936e-08
8.21287e-08
1.14415e-07
1.6724e-07
7.6464e-08
3.6173e-08
9.63756e-08
4.04583e-07
3.4129e-07
9.17393e-07
1.82583e-06
2.52471e-06
3.23005e-06
4.05543e-06
4.90773e-06
7.00237e-08
1.25072e-07
1.62411e-07
7.68778e-08
5.44805e-08
1.00808e-07
2.32321e-07
1.79704e-11
2.43417e-11
2.44324e-11
3.64897e-09
6.12478e-09
1.21631e-08
1.55016e-08
1.0897e-12
4.01504e-12
1.36256e-11
5.3901e-11
1.29062e-10
4.04213e-10
1.21257e-09
1.16309e-12
3.53306e-12
1.77174e-11
4.92023e-11
5.74554e-11
1.07705e-11
4.0256e-12
1.59853e-11
1.47915e-10
1.76192e-09
5.1068e-09
8.63001e-09
1.25662e-08
1.55583e-08
1.15989e-07
2.17045e-07
2.34274e-07
8.27095e-08
1.32189e-07
8.6804e-07
1.52905e-06
5.10937e-07
1.81854e-06
2.78737e-06
3.41015e-06
4.36461e-06
5.07011e-06
5.98008e-06
1.01204e-07
2.30148e-07
3.09256e-07
7.0446e-08
8.68101e-08
2.99614e-07
5.6092e-07
1.74894e-11
2.63234e-11
2.6564e-11
5.06884e-09
1.08537e-08
1.89241e-08
3.36447e-08
1.04988e-12
4.1349e-12
1.37376e-11
6.23268e-11
1.57277e-10
4.52371e-10
1.58498e-09
1.03289e-12
3.59531e-12
1.80657e-11
5.02231e-11
6.20122e-11
1.05552e-11
3.99839e-12
1.65837e-11
1.67163e-10
2.57391e-09
5.51768e-09
8.96572e-09
1.10306e-08
1.2754e-08
2.05865e-07
3.62317e-07
3.02645e-07
3.7382e-07
1.0784e-06
1.50232e-06
1.81594e-06
1.22868e-06
3.01992e-06
4.14488e-06
4.98999e-06
5.86333e-06
6.27987e-06
7.30841e-06
2.08063e-07
3.69999e-07
3.19477e-07
2.68079e-07
6.98898e-07
9.73501e-07
1.53669e-06
1.68103e-11
2.84296e-11
2.87817e-11
6.65737e-09
1.20301e-08
2.54823e-08
3.15224e-08
1.02303e-12
4.51925e-12
1.35074e-11
6.57322e-11
1.63609e-10
4.71265e-10
1.88469e-09
3.31386e-13
3.66082e-12
1.17486e-11
5.11034e-11
8.14646e-11
1.22435e-11
3.85998e-12
8.27336e-12
2.49898e-11
4.23467e-10
8.03575e-10
3.19889e-09
2.81919e-10
1.55672e-11
2.81971e-07
2.40431e-07
1.95887e-07
2.23003e-07
7.00204e-07
8.3968e-07
7.69644e-07
1.689e-06
2.84956e-06
2.97324e-06
2.81599e-06
3.06694e-06
2.99603e-06
3.03706e-06
2.91436e-07
2.53037e-07
1.97068e-07
2.06152e-07
4.37978e-07
5.65834e-07
4.69128e-07
1.70577e-11
3.44181e-11
5.21083e-11
1.17773e-10
4.62998e-10
2.25071e-09
4.37941e-09
1.02261e-12
2.5339e-12
1.33174e-11
3.74268e-11
1.69651e-10
5.00171e-10
6.41313e-10
3.58176e-13
2.78478e-12
1.33084e-11
3.91716e-11
9.61812e-11
1.35031e-11
6.03947e-13
8.22093e-12
4.71772e-11
1.61295e-10
4.21783e-10
1.21259e-09
1.99178e-10
1.52544e-11
1.83974e-07
1.51821e-07
1.1745e-07
1.21133e-07
2.94639e-07
3.60159e-07
2.26048e-07
1.45607e-06
2.02475e-06
1.8871e-06
2.11656e-06
2.37851e-06
2.3035e-06
1.8688e-06
2.17049e-07
1.82476e-07
1.52719e-07
1.48311e-07
2.20099e-07
2.7652e-07
2.11747e-07
7.64619e-12
3.65158e-11
7.73329e-11
5.78643e-12
1.44632e-11
1.16869e-10
1.09388e-09
3.4207e-13
1.35423e-12
2.78896e-12
1.84065e-13
2.81367e-13
9.01367e-13
1.43572e-11
4.07084e-15
1.77192e-14
2.22438e-14
4.32025e-14
7.91247e-14
4.51742e-14
4.55451e-15
1.03317e-12
1.27059e-12
1.39546e-12
1.84728e-12
4.02992e-12
4.09424e-12
2.1696e-12
9.26116e-08
9.31885e-08
7.9376e-08
8.52644e-08
1.87208e-07
2.35167e-07
1.18288e-07
1.22167e-06
1.67655e-06
1.53353e-06
1.60499e-06
1.82146e-06
1.75127e-06
1.65999e-06
1.75401e-07
1.43306e-07
1.06553e-07
9.7251e-08
1.34919e-07
1.62267e-07
1.6265e-07
4.25926e-12
1.56134e-11
1.71788e-10
2.87641e-12
1.15155e-11
1.45451e-10
1.76267e-09
6.87383e-15
3.93044e-14
1.20093e-12
3.42798e-14
3.55228e-14
3.20962e-13
1.60567e-11
1.09996e-15
1.53247e-15
1.44516e-15
2.08534e-15
2.48324e-15
6.83037e-15
4.09857e-15
6.94117e-13
9.16683e-13
1.04056e-12
1.14913e-12
2.88411e-12
3.30573e-12
1.55296e-12
5.04008e-08
5.60163e-08
5.51919e-08
6.03299e-08
1.4519e-07
1.78091e-07
9.09909e-08
9.93151e-07
1.31972e-06
1.22714e-06
1.32197e-06
1.48393e-06
1.38783e-06
1.30424e-06
1.96783e-07
1.85262e-07
1.34015e-07
1.15426e-07
1.53186e-07
1.9174e-07
1.84334e-07
3.31287e-12
6.47194e-12
2.37809e-10
2.24127e-12
3.5488e-12
4.52166e-11
1.96515e-09
5.54025e-15
1.68166e-14
1.02842e-12
3.60413e-14
3.54447e-14
2.79902e-13
1.71764e-11
1.26157e-15
1.83249e-15
1.69725e-15
1.01417e-15
2.90459e-15
7.65052e-15
4.56755e-15
4.85612e-13
7.0471e-13
8.25671e-13
8.62466e-13
2.06052e-12
2.31762e-12
1.14156e-12
3.88851e-08
5.0916e-08
5.47825e-08
5.56045e-08
1.32065e-07
1.58681e-07
7.72657e-08
9.11132e-07
1.20857e-06
1.1224e-06
1.21935e-06
1.33714e-06
1.18416e-06
1.10217e-06
1.6413e-07
1.54998e-07
1.13695e-07
1.00789e-07
1.40393e-07
1.75296e-07
1.53516e-07
2.56973e-12
2.49014e-12
1.87445e-12
1.64319e-12
2.16832e-12
2.27051e-12
2.44219e-12
5.73985e-16
9.27791e-16
3.43851e-15
3.81054e-14
1.18713e-14
5.16686e-14
1.20293e-15
3.74949e-18
5.57928e-18
6.92987e-18
7.64929e-18
1.87512e-17
1.95435e-17
9.43145e-18
2.77513e-13
4.36452e-13
5.33615e-13
5.74936e-13
1.37324e-12
1.47534e-12
7.07442e-13
2.12007e-08
3.70182e-08
4.43796e-08
4.41703e-08
1.03063e-07
1.16327e-07
5.57697e-08
7.34228e-07
9.70072e-07
8.99069e-07
9.88847e-07
1.04565e-06
8.915e-07
7.86297e-07
1.29766e-07
1.24772e-07
9.37908e-08
8.42867e-08
1.06323e-07
1.3078e-07
1.2169e-07
1.18105e-12
1.14897e-12
8.78996e-13
1.04953e-12
1.31388e-12
1.61562e-12
1.10666e-12
1.66115e-17
1.38885e-17
2.35554e-16
6.06296e-15
1.06399e-16
8.4752e-15
2.41782e-16
1.05269e-18
1.41383e-18
1.70849e-18
2.17688e-18
4.61568e-18
5.57984e-18
2.38645e-18
1.55514e-13
2.15615e-13
2.57125e-13
2.84291e-13
6.72807e-13
7.3192e-13
3.53903e-13
2.21274e-08
3.12033e-08
3.62731e-08
3.78503e-08
8.98875e-08
9.94966e-08
4.87017e-08
6.2977e-07
8.41195e-07
7.76717e-07
8.54483e-07
9.02008e-07
7.6154e-07
6.47021e-07
1.07054e-07
1.04269e-07
7.93196e-08
7.06429e-08
8.99363e-08
1.09082e-07
9.98364e-08
7.62301e-13
7.47712e-13
5.7037e-13
5.0619e-13
6.49451e-13
7.82805e-13
7.16723e-13
5.33037e-18
5.63323e-18
1.80489e-18
3.79619e-18
4.90567e-18
5.90012e-18
5.38022e-18
1.00564e-10
5.48059e-11
3.0577e-11
9.04949e-12
3.39049e-12
1.27228e-13
1.01844e-13
3.73613e-10
2.90731e-10
2.55755e-10
8.12835e-11
2.21436e-11
4.58986e-13
1.70325e-13
2.96342e-10
2.95275e-10
2.60053e-10
2.48314e-10
2.82478e-10
2.79793e-10
1.95466e-10
2.0488e-09
1.85339e-09
1.46003e-09
1.33251e-09
1.20456e-09
1.06998e-09
7.30252e-10
1.31137e-10
1.01305e-10
9.89602e-11
1.36771e-10
1.95819e-10
2.07367e-10
1.42155e-10
3.34974e-10
1.7204e-10
1.06847e-10
5.0009e-11
3.12816e-11
5.37407e-12
1.338e-12
1.02839e-10
1.43129e-11
3.84082e-13
5.02112e-14
3.06762e-14
1.54205e-14
1.3375e-14
4.62279e-10
1.99358e-10
1.22678e-10
3.09143e-11
4.2342e-12
1.23029e-13
8.2727e-14
1.73441e-09
1.25009e-09
1.06551e-09
5.77277e-10
9.82006e-11
8.40214e-13
1.06271e-13
1.32055e-09
1.71555e-09
1.53918e-09
1.73717e-09
1.92604e-09
1.17951e-09
6.24628e-10
5.21434e-08
4.67939e-08
3.34931e-08
2.70119e-08
1.86053e-08
9.38914e-09
3.52008e-09
7.7683e-10
5.69588e-10
4.18594e-10
5.16386e-10
1.17922e-09
9.53534e-10
4.71883e-10
2.62685e-09
1.8502e-09
5.53181e-10
2.28758e-10
1.13417e-10
1.31196e-11
3.90678e-13
6.73313e-10
8.78013e-11
1.2989e-12
1.12659e-13
4.61726e-14
1.71894e-14
1.16943e-14
1.03272e-09
3.94373e-10
2.39503e-10
6.65425e-11
6.71135e-12
1.21355e-13
8.67318e-14
9.60413e-09
7.5365e-09
4.89463e-09
1.91107e-09
3.26182e-10
2.22735e-12
8.13803e-13
2.89102e-09
3.82957e-09
5.26595e-09
8.5691e-09
7.06618e-09
3.45859e-09
1.69808e-09
2.53204e-07
1.96744e-07
1.4781e-07
1.04382e-07
6.30663e-08
2.96187e-08
1.08615e-08
2.97116e-09
2.20558e-09
1.64711e-09
2.18396e-09
4.0789e-09
3.00395e-09
1.30975e-09
8.99433e-09
7.93678e-09
4.15875e-09
1.27938e-09
2.26683e-10
2.99398e-11
9.16997e-12
2.36877e-09
2.4606e-10
1.32153e-12
1.41168e-13
6.22614e-14
1.77788e-14
1.25532e-14
1.26226e-09
5.69454e-10
2.95662e-10
7.78829e-11
1.23943e-11
1.20365e-13
9.23765e-14
2.03775e-08
1.76827e-08
1.37056e-08
7.5254e-09
1.71623e-09
4.14765e-12
1.45422e-12
4.72481e-09
6.29583e-09
7.34185e-09
9.36397e-09
1.21057e-08
6.50444e-09
2.57318e-09
7.33909e-07
5.07169e-07
3.36475e-07
2.22636e-07
1.45276e-07
6.4846e-08
1.6625e-08
2.55562e-08
4.7378e-09
3.37099e-09
3.29331e-09
4.52901e-09
4.71558e-09
2.02787e-09
1.86292e-08
1.35794e-08
1.09116e-08
4.72341e-09
1.13913e-09
4.6618e-11
1.85894e-11
3.98082e-09
3.82164e-10
6.84604e-13
1.5336e-13
7.50148e-14
1.99898e-14
1.42272e-14
1.37103e-09
7.00167e-10
3.28355e-10
8.4386e-11
1.5341e-11
1.08546e-13
8.47945e-14
4.92325e-08
3.20632e-08
2.04311e-08
1.29565e-08
4.09981e-09
8.19718e-12
1.86397e-12
6.77957e-08
1.39569e-08
8.59282e-09
1.42499e-08
2.75656e-08
1.85322e-08
6.43538e-09
1.4153e-06
1.01537e-06
7.50793e-07
5.20427e-07
3.57718e-07
1.88191e-07
5.41889e-08
1.34788e-07
4.41754e-08
1.90891e-08
6.9276e-09
5.3882e-09
1.24923e-08
5.21208e-09
5.22856e-08
3.4171e-08
1.88911e-08
8.54722e-09
3.45601e-09
1.53361e-10
2.38757e-11
5.62507e-09
4.28229e-10
3.55554e-13
1.55095e-13
8.03449e-14
2.09889e-14
1.46392e-14
1.9834e-09
7.38084e-10
3.48204e-10
8.86464e-11
1.62116e-11
8.63162e-14
7.52489e-14
8.28929e-08
5.75926e-08
3.26911e-08
1.79637e-08
6.49296e-09
1.1717e-11
2.20921e-12
8.87626e-07
2.61664e-07
2.74154e-08
1.57535e-08
3.29538e-08
2.61371e-08
1.08553e-08
2.04259e-06
1.72361e-06
1.11815e-06
7.32063e-07
4.79261e-07
2.52098e-07
7.02961e-08
3.78467e-07
2.22038e-07
5.46432e-08
1.10985e-08
5.96331e-09
1.78263e-08
8.93795e-09
5.84932e-08
4.21353e-08
3.18777e-08
1.30978e-08
6.01524e-09
3.6555e-10
3.06934e-11
4.12884e-09
4.413e-10
2.78191e-13
1.39368e-13
8.01226e-14
2.13711e-14
1.49639e-14
2.18112e-09
7.57834e-10
3.63366e-10
8.95883e-11
1.7171e-11
7.65158e-14
6.84127e-14
5.67121e-08
4.35509e-08
3.21405e-08
1.30476e-08
7.86858e-09
1.24337e-11
2.40952e-12
1.74111e-06
1.34421e-06
7.42099e-07
2.07865e-07
6.43402e-08
5.18516e-08
1.90488e-08
2.70203e-06
2.44848e-06
2.09062e-06
1.64109e-06
1.10691e-06
6.2621e-07
1.77359e-07
3.80932e-07
3.03095e-07
2.11787e-07
6.5381e-08
2.04612e-08
3.51782e-08
1.89537e-08
4.54472e-08
4.00376e-08
3.25598e-08
1.33383e-08
6.84742e-09
5.30736e-10
3.61508e-11
2.4186e-09
1.82514e-10
2.07757e-13
1.07666e-13
6.66585e-14
2.12884e-14
1.4752e-14
2.06236e-09
7.64893e-10
2.68e-10
9.02776e-11
1.18101e-13
6.52351e-14
6.25629e-14
1.06612e-08
4.37509e-10
3.71906e-09
5.26992e-10
1.2994e-10
1.01956e-11
2.39979e-12
7.06071e-07
7.88752e-07
4.96333e-07
1.16815e-07
3.9669e-08
3.49799e-08
4.12927e-08
1.52178e-06
1.41958e-06
1.28013e-06
1.19313e-06
9.71559e-07
6.95825e-07
3.5243e-07
1.44058e-07
1.52364e-07
1.16173e-07
3.07129e-08
1.35318e-08
1.7683e-08
8.98448e-09
1.51028e-08
1.20311e-08
1.16626e-08
6.05059e-09
2.42798e-09
3.12871e-10
3.66691e-11
1.22352e-13
9.67331e-14
1.03439e-13
6.02752e-14
3.51141e-14
1.97809e-14
1.33005e-14
2.25093e-11
3.4909e-12
5.84458e-13
1.16651e-13
8.15963e-14
5.74512e-14
6.63573e-14
1.07916e-09
2.58179e-10
2.7186e-11
3.29074e-12
1.32448e-12
1.18968e-12
1.26732e-12
3.62475e-07
3.64098e-07
1.66676e-07
5.32337e-08
2.28957e-08
2.43427e-08
3.98813e-08
8.52639e-07
1.00564e-06
8.52518e-07
6.62084e-07
5.90258e-07
5.54758e-07
3.01529e-07
8.12253e-08
7.71263e-08
5.09115e-08
1.50062e-08
8.86604e-09
8.69334e-09
4.29257e-09
1.63292e-12
1.39531e-12
1.06497e-12
4.62873e-13
2.27996e-13
2.49656e-13
2.13628e-13
1.01697e-14
4.12363e-15
2.18617e-14
1.63746e-14
1.41828e-14
1.35227e-14
1.38055e-14
1.84038e-11
1.39456e-13
2.02259e-14
1.5598e-14
5.80352e-15
7.60531e-15
1.33604e-14
1.81184e-09
1.88598e-10
8.45762e-12
1.21864e-12
9.35922e-13
1.28468e-12
1.32814e-12
2.834e-07
2.33462e-07
9.46807e-08
3.21275e-08
2.5366e-08
3.42147e-08
4.2565e-08
7.62801e-07
7.74024e-07
6.23071e-07
4.97879e-07
4.76703e-07
4.61725e-07
2.46546e-07
6.13746e-08
5.14809e-08
2.7741e-08
8.55648e-09
5.73835e-09
5.31003e-09
2.48206e-09
1.31004e-12
1.08797e-12
6.71652e-13
2.41629e-13
1.27582e-13
2.66212e-13
2.60214e-13
1.00088e-14
3.66945e-15
5.33346e-15
3.2151e-15
1.57113e-15
1.45583e-15
1.24788e-15
1.95963e-11
1.54729e-13
2.02869e-14
1.14773e-14
4.60615e-15
7.60267e-15
1.41725e-14
2.09748e-09
4.25292e-11
2.61636e-12
7.23398e-13
8.86186e-13
1.27425e-12
1.16936e-12
2.60519e-07
2.07192e-07
8.72715e-08
3.6519e-08
3.92712e-08
5.78437e-08
5.10042e-08
6.68298e-07
6.83683e-07
5.60594e-07
4.41115e-07
4.19128e-07
4.13299e-07
2.32729e-07
5.59742e-08
4.70142e-08
2.60839e-08
8.03812e-09
5.11364e-09
1.10045e-08
1.00639e-08
1.05708e-12
9.33758e-13
5.80864e-13
2.1626e-13
1.12212e-13
2.96943e-13
3.13084e-13
8.36043e-15
3.61089e-15
2.55473e-15
1.08561e-15
3.01714e-16
1.45429e-15
1.27195e-15
1.25167e-15
4.78953e-14
3.96894e-15
1.21529e-14
3.91399e-16
4.48317e-16
1.48625e-14
3.02273e-12
1.92533e-12
9.8073e-13
5.58966e-13
6.46638e-13
9.0227e-13
7.92014e-13
1.97401e-07
1.60646e-07
7.66076e-08
3.1557e-08
3.52103e-08
5.0978e-08
4.75914e-08
6.09343e-07
6.27028e-07
5.23237e-07
4.07682e-07
3.88279e-07
3.89205e-07
2.23224e-07
4.43798e-08
3.7857e-08
2.15268e-08
7.60925e-09
4.62426e-09
1.51299e-08
1.65404e-08
7.31857e-13
6.34413e-13
3.88355e-13
1.50187e-13
7.74047e-14
2.46933e-13
2.70828e-13
4.47889e-15
3.54829e-15
2.21264e-15
9.32484e-16
3.31294e-17
1.40624e-15
1.26136e-15
1.36015e-16
8.90668e-15
5.45634e-17
2.11045e-15
3.32987e-17
4.79969e-17
2.64693e-15
1.41327e-12
1.35044e-12
5.92366e-13
3.58952e-13
3.13002e-13
4.30528e-13
5.21152e-13
1.58066e-07
1.08736e-07
5.1407e-08
2.68262e-08
3.04711e-08
4.29959e-08
3.81249e-08
4.83168e-07
5.04606e-07
4.33219e-07
3.31624e-07
3.15891e-07
3.29681e-07
1.93776e-07
3.79316e-08
3.266e-08
1.87835e-08
6.97806e-09
3.56332e-09
1.22276e-08
1.31557e-08
4.88315e-13
4.28018e-13
2.66935e-13
1.03282e-13
4.85978e-14
1.50893e-13
1.64948e-13
4.58157e-16
3.97747e-16
2.55778e-16
2.48522e-16
8.03249e-18
2.62267e-16
2.53148e-16
6.80231e-18
2.32428e-18
9.00925e-19
1.07233e-18
1.62626e-18
2.23397e-18
1.85882e-18
9.18269e-13
6.60907e-13
2.8864e-13
1.74189e-13
2.07778e-13
2.86892e-13
2.56742e-13
1.30234e-07
9.16292e-08
4.13036e-08
2.32712e-08
2.72353e-08
3.77997e-08
3.39688e-08
4.21272e-07
4.45307e-07
3.83732e-07
2.95393e-07
2.79107e-07
2.96575e-07
1.74006e-07
3.28578e-08
2.85275e-08
1.7186e-08
6.59507e-09
3.2318e-09
9.9142e-09
1.10416e-08
2.4225e-13
2.12499e-13
1.33757e-13
5.214e-14
2.52679e-14
7.22842e-14
8.04207e-14
7.66348e-19
1.55894e-18
1.04666e-18
1.66734e-19
8.06257e-20
2.28716e-19
2.5481e-19
)
;

boundaryField
{
    fuel
    {
        type            fixedValue;
        value           uniform 0;
    }
    primary_air
    {
        type            fixedValue;
        value           uniform 0.23;
    }
    Secondary_air_RHS
    {
        type            fixedValue;
        value           uniform 0.23;
    }
    Secondary_air_LHS
    {
        type            fixedValue;
        value           uniform 0.23;
    }
    outlet
    {
        type            inletOutlet;
        inletValue      uniform 0;
        value           nonuniform List<scalar> 
98
(
0
0
1.30234e-07
4.21272e-07
3.28578e-08
0
0
0
0
9.16292e-08
4.45307e-07
2.85275e-08
0
0
0
0
4.13036e-08
3.83732e-07
1.7186e-08
0
0
0
0
2.32712e-08
2.95393e-07
6.59507e-09
0
0
0
0
2.72353e-08
2.79107e-07
3.2318e-09
0
0
0
0
3.77997e-08
2.96575e-07
9.9142e-09
0
0
0
0
3.39688e-08
1.74006e-07
1.10416e-08
0
0
0
0
2.21274e-08
6.2977e-07
1.07054e-07
0
0
0
0
3.12033e-08
8.41195e-07
1.04269e-07
0
0
0
0
3.62731e-08
7.76717e-07
7.93196e-08
0
0
0
0
3.78503e-08
8.54483e-07
7.06429e-08
0
0
0
0
8.98875e-08
9.02008e-07
8.99363e-08
0
0
0
0
9.94966e-08
7.6154e-07
1.09082e-07
0
0
0
0
4.87017e-08
6.47021e-07
9.98364e-08
0
0
)
;
    }
    stove_body
    {
        type            fixedValue;
        value           uniform 0;
    }
    frontAndBack
    {
        type            empty;
    }
}


// ************************************************************************* //
