/*--------------------------------*- C++ -*----------------------------------*\
  =========                 |
  \\      /  F ield         | OpenFOAM: The Open Source CFD Toolbox
   \\    /   O peration     | Website:  https://openfoam.org
    \\  /    A nd           | Version:  6
     \\/     M anipulation  |
\*---------------------------------------------------------------------------*/
FoamFile
{
    version     2.0;
    format      ascii;
    class       volScalarField;
    location    "0.0125";
    object      Qdot;
}
// * * * * * * * * * * * * * * * * * * * * * * * * * * * * * * * * * * * * * //

dimensions      [1 -1 -3 0 0 0 0];

internalField   nonuniform List<scalar> 
3773
(
0
0
0
0
0
0
0
0
0
0
0
0
0
0
0
0
0
0
0
0
0
0
1.46658e-09
-1.46658e-09
0
0
0
0
7.61578e-05
0
0
0
0
0
0
0
0
0
0
0
0
0
0
0
0
0
0
0
0
0
0
0
0
0
0
0
0
0
0
0
0
-7.84708e-07
0
4.75986e-06
0
3.13883e-06
0
0
0
0
-4.75986e-06
0
1.56942e-06
-1.56942e-06
0
1.56942e-06
0
-4.76279e-06
0
0
0
0
-3.13883e-06
-4.75986e-06
0
0
0
0
0
7.84708e-07
0
0
0
0
0
0
0
0
0
0
0
0
0
0
0
0
0
0
0
0
0
0
0
0
0
0
1.96177e-07
0
0
0
1.48746e-07
0
0
0
0
-7.84708e-07
0
0
1.96177e-07
0
0
-2.93316e-09
0
0
0
0
0
0
0
0
0
0
0
0
0
0
0
0
0
0
0
0
0
0
0
0
0
0
0
0
0
7.84708e-07
0
0
0
0
0
7.84708e-07
0
0
0
0
0
0
7.84708e-07
0
0
0
0
0
0
0
0
0
0
0
0
0
1.56942e-06
0
0
0
0
0
0
0
0
0
0
0
0
0
0
0
0
0
0
0
2.97491e-07
0
7.81775e-07
0
0
2.32415e-09
0
0
0
0
0
-1.45259e-10
0
0
0
0
-7.84708e-07
0
0
0
0
0
7.84708e-07
0
0
0
0
0
2.97491e-07
0
0
0
0
0
0
0
0
0
0
0
0
0
0
0
0
0
3.71864e-08
0
0
7.43728e-08
0
7.84708e-07
0
0
0
0
0
0
0
0
0
0
0
1.22611e-08
0
7.81775e-07
0
0
0
0
0
0
0
0
0
-3.71864e-08
0
0
0
0
0
0
0
0
0
0
0
0
0
0
0
0
0
0
0
-2.93316e-09
0
-2.93316e-09
0
0
0
0
0
0
0
0
0
0
0
0
0
0
0
0
0
0
0
0
0
0
0
0
0
0
0
0
0
0
0
0
-1.46658e-09
0
0
0
0
0
0
-4.21056e-13
4.21056e-13
0
4.21056e-13
0
0
0
0
0
0
0
0
0
0
0
0
0
0
0
0
0
0
0
0
1.34738e-11
0
0
0
0
0
0
0
0
0
-2.93316e-09
1.68422e-12
0
0
0
0
-4.21056e-13
4.21056e-13
4.21056e-13
0
0
0
0
0
0
0
0
0
0
0
0
0
0
0
0
0
0
0
0
0
0
0
0
0
-1.34738e-11
-1.34738e-11
1.34738e-11
0
0
0
-5.86632e-09
0
0
0
0
0
0
0
-2.10528e-13
0
0
0
0
0
0
0
0
0
0
0
5.2632e-14
0
0
0
0
0
0
0
0
0
0
0
0
0
0
-8.42112e-13
0
0
0
0
0
0
0
0
0
0
0
0
0
0
0
0
0
0
0
0
0
0
0
0
0
0
0
8.42112e-13
0
0
0
0
-3.2895e-15
-1.64475e-15
0
0
0
0
0
6.579e-15
0
0
8.42112e-13
0
0
0
0
0
0
0
0
0
0
0
1.68422e-12
0
0
0
0
0
0
0
0
0
3.36845e-12
0
0
0
0
0
0
0
0
0
0
0
0
0
0
0
0
0
0
-2.10528e-13
0
0
0
0
0
0
-8.22375e-16
0
0
0
1.05264e-13
0
0
0
0
0
0
0
0
0
0
0
6.7369e-12
0
6.7369e-12
0
0
0
0
0
0
0
0
-1.68422e-12
3.36845e-12
0
0
0
0
0
0
0
0
0
0
0
0
0
0
0
3.2895e-15
0
0
0
0
0
0
0
0
0
0
0
-2.93316e-09
0
0
0
0
0
0
0
0
-6.7369e-12
0
0
0
0
0
0
0
0
0
0
0
0
0
0
0
1.05264e-13
-2.6316e-14
0
0
0
0
0
0
0
0
0
0
0
0
0
0
0
0
-2.6316e-14
0
0
0
0
0
0
0
0
0
-5.86632e-09
0
0
0
0
0
0
3.36845e-12
0
0
0
0
0
0
0
0
0
0
0
0
-2.93316e-09
0
0
0
-2.93316e-09
0
-1.46658e-09
0
0
0
0
0
0
0
0
0
4.11188e-16
0
0
0
0
0
1.3158e-14
0
0
0
0
0
0
0
0
0
0
0
0
0
0
0
0
0
0
0
0
0
0
0
0
0
0
0
0
0
0
3.2895e-15
0
0
0
0
0
0
0
0
0
0
0
0
0
0
0
0
0
0
0
0
0
0
0
0
-5.86632e-09
0
0
0
0
0
0
0
1.68422e-12
0
0
0
0
0
0
0
0
0
0
0
5.2632e-14
0
-2.93316e-09
0
0
0
0
0
0
0
0
0
0
0
0
0
0
0
0
-8.22375e-16
0
3.2895e-15
0
0
0
-3.2895e-15
0
0
0
0
0
0
0
0
0
0
0
0
0
0
0
0
0
0
0
0
0
0
0
0
0
0
0
0
0
0
0
0
0
0
0
0
-1.02797e-16
0
0
0
0
0
0
0
3.2895e-15
0
0
0
0
0
0
0
0
0
0
0
0
0
0
0
0
0
0
0
0
0
0
0
0
0
0
0
0
0
0
0
0
0
0
0
0
0
0
0
-5.13985e-17
0
0
0
0
0
0
0
0
0
1.3158e-14
0
0
0
0
0
0
0
0
1.05264e-13
0
0
0
0
0
0
0
0
0
5.2632e-14
0
0
0
0
0
0
1.64475e-15
0
0
0
0
0
0
0
0
0
0
0
0
0
0
0
0
0
0
0
0
0
0
0
2.6316e-14
0
0
1.3158e-14
0
0
2.6316e-14
5.2632e-14
0
0
0
0
0
0
0
0
0
0
0
0
0
0
0
0
0
0
0
-3.2895e-15
0
0
0
0
0
0
0
0
0
0
0
0
0
0
0
0
0
0
0
0
0
0
0
0
0
0
0
1.3158e-14
0
0
0
0
0
0
0
0
-1.05264e-13
0
0
0
0
0
0
0
0
-2.05594e-16
0
0
0
0
0
1.64475e-15
0
5.13985e-17
0
0
0
0
2.05594e-16
0
0
0
0
0
0
0
0
0
0
0
0
0
0
0
0
0
0
0
0
3.36845e-12
0
0
0
0
0
0
0
0
0
0
0
0
0
0
0
0
0
0
0
0
0
0
0
0
0
0
0
0
0
-1.64475e-15
0
0
0
1.64475e-15
0
0
2.10528e-13
0
0
0
0
0
0
0
0
0
0
0
0
0
0
0
0
0
0
0
0
0
0
-8.42112e-13
0
0
0
0
0
0
0
0
0
0
0
0
0
0
0
0
0
0
0
0
0
0
0
0
0
0
0
0
0
0
0
0
0
0
0
0
0
0
0
0
0
0
0
0
0
0
0
0
0
0
0
0
0
0
0
-2.93305e-09
-5.2632e-14
0
0
0
0
0
0
0
0
0
0
0
0
3.2895e-15
0
0
0
0
0
2.10528e-13
0
0
0
0
0
0
0
0
0
0
0
0
0
0
0
0
0
0
0
0
0
0
-8.42112e-13
0
0
0
0
0
-1.05264e-13
0
0
0
0
0
0
0
0
0
0
0
0
0
0
0
0
0
0
0
0
0
0
0
0
0
0
0
0
0
0
0
0
0
0
0
0
0
0
-3.36845e-12
1.68422e-12
0
0
0
0
0
0
0
0
0
0
0
0
0
0
0
0
0
0
0
0
0
0
0
0
4.11188e-16
0
-2.93316e-09
0
0
5.2632e-14
0
0
0
0
0
0
0
0
0
0
6.7369e-12
0
0
0
0
0
0
0
0
0
0
0
0
0
0
0
0
0
0
0
0
0
0
0
0
0
-6.579e-15
0
0
0
0
0
0
0
0
0
0
0
0
0
0
0
0
0
0
0
0
0
0
6.7369e-12
0
0
0
0
0
0
3.36845e-12
1.68422e-12
0
0
0
0
8.42112e-13
0
1.05264e-13
0
0
5.2632e-14
0
0
0
0
0
0
0
-1.46658e-09
-1.46658e-09
0
0
0
0
0
0
0
0
-5.13985e-17
-2.93316e-09
-2.93316e-09
0
-4.11188e-16
0
0
0
0
-2.6316e-14
0
0
0
0
1.05264e-13
0
0
0
0
0
0
0
0
0
0
0
0
0
0
0
0
0
0
0
0
0
0
0
0
0
0
3.2124e-18
0
2.56992e-17
0
0
0
0
0
0
-2.93316e-09
0
0
0
0
1.3158e-14
2.6316e-14
0
0
0
0
0
0
0
0
0
0
0
0
0
0
0
0
0
0
0
0
-2.93316e-09
0
0
0
0
0
-1.6062e-18
0
0
0
0
0
0
0
-1.46658e-09
0
0
0
0
0
1.02797e-16
0
0
0
0
0
0
0
0
0
0
0
-1.3158e-14
0
0
0
0
0
0
0
0
0
0
0
-2.6316e-14
0
1.3158e-14
0
0
0
-4.11188e-16
-4.11188e-16
0
0
0
0
0
0
0
0
0
0
0
0
0
0
0
5.13985e-17
5.13985e-17
0
0
0
0
0
0
0
0
0
1.3158e-14
0
-1.3158e-14
0
0
0
0
0
0
0
-5.2632e-14
0
0
0
0
0
0
0
0
0
0
4.11188e-16
0
0
0
0
0
0
0
0
0
0
0
1.28496e-17
0
0
0
0
0
0
0
0
0
0
0
0
0
0
0
0
0
0
0
0
0
0
0
0
0
0
0
0
0
0
0
1.3158e-14
0
0
0
0
0
-4.11188e-16
0
0
0
0
0
0
0
0
0
0
0
0
0
0
0
0
0
0
0
0
0
0
0
0
0
0
0
6.579e-15
0
0
0
0
0
0
0
0
0
0
0
-6.579e-15
0
1.3158e-14
0
0
0
2.05594e-16
0
0
0
0
0
0
0
0
0
0
0
-2.56992e-17
2.56992e-17
0
0
0
0
0
0
0
0
0
0
0
0
0
0
0
0
0
0
0
0
0
0
0
-2.6316e-14
2.6316e-14
0
0
0
0
0
-6.579e-15
0
0
0
0
0
-5.13985e-17
5.13985e-17
0
-2.56992e-17
0
0
0
0
0
0
0
0
0
0
-4.0155e-19
0
0
0
0
-1.46658e-09
0
0
0
0
0
0
0
0
0
0
0
0
4.0155e-19
0
0
0
0
0
0
0
0
-6.42481e-18
0
0
0
0
0
0
0
0
0
0
0
0
-2.93316e-09
0
8.03101e-19
0
0
-1.46658e-09
0
-1.46658e-09
0
0
0
0
0
0
0
0
5.13985e-17
0
0
0
0
0
0
0
0
0
0
0
0
0
0
0
0
0
0
-1.02797e-16
0
0
0
0
0
0
1.6062e-18
0
-2.93316e-09
0
-2.93316e-09
0
0
0
0
0
0
0
0
0
0
0
0
0
0
0
0
0
0
0
0
0
0
0
-1.28496e-17
0
0
0
0
0
0
0
0
6.579e-15
0
0
0
0
0
0
0
0
0
0
-5.13985e-17
-6.42481e-18
0
-2.93316e-09
0
0
0
0
0
0
0
0
0
0
0
0
0
0
0
0
6.42481e-18
0
0
0
0
0
0
0
0
0
0
0
0
0
0
0
0
0
0
0
0
0
0
0
0
0
0
0
0
-4.11188e-16
0
0
0
0
0
0
0
0
0
0
0
0
0
0
0
0
-2.56992e-17
0
0
0
0
0
0
0
0
0
0
0
0
0
-6.579e-15
0
0
0
0
0
0
0
0
0
0
0
0
0
0
0
0
1.64475e-15
0
0
0
0
0
0
0
0
0
0
0
2.56992e-17
0
0
0
0
-1.46658e-09
0
0
0
0
0
0
0
0
1.02797e-16
0
0
0
0
0
0
0
0
0
0
0
0
0
0
0
6.579e-15
0
0
0
0
0
0
0
0
0
0
0
0
0
0
0
0
-2.56992e-17
2.56992e-17
0
0
0
0
0
0
0
0
0
0
0
6.42481e-18
0
0
0
0
-2.93316e-09
0
0
0
0
0
0
0
0
0
0
0
0
0
0
0
0
0
0
0
0
0
0
0
-2.93316e-09
0
0
0
0
0
0
0
1.28496e-17
-1.28496e-17
1.28496e-17
-1.46658e-09
0
0
0
0
0
0
0
2.00775e-19
0
0
0
0
0
0
0
0
0
0
6.42481e-18
0
0
0
0
0
0
0
0
0
6.579e-15
0
0
0
0
0
0
8.22375e-16
0
0
0
0
0
-2.93316e-09
0
0
0
0
0
0
0
0
0
-4.0155e-19
0
0
0
0
0
0
0
0
-2.93316e-09
0
0
0
0
2.93316e-09
0
0
0
0
0
0
0
0
0
0
0
0
0
0
0
0
0
0
0
0
-4.0155e-19
0
0
0
0
0
0
0
0
0
0
0
0
0
0
0
0
0
0
-3.2124e-18
0
0
0
0
0
0
0
0
0
0
0
0
0
0
0
0
0
0
0
0
0
2.6316e-14
2.56992e-17
0
0
8.22375e-16
0
0
0
0
0
0
0
0
0
0
0
1.6062e-18
0
0
0
0
0
0
0
0
0
0
0
0
0
0
0
0
0
0
0
-2.93316e-09
0
0
0
0
0
0
0
0
0
0
0
0
0
-2.93316e-09
0
8.22375e-16
0
0
0
0
0
0
0
0
0
0
0
0
0
0
0
0
0
0
0
0
0
0
0
0
0
0
0
0
0
0
0
-2.93316e-09
-2.93316e-09
0
0
0
0
0
0
0
0
0
0
0
0
0
0
0
0
3.2895e-15
0
0
0
0
0
0
0
0
0
0
0
0
0
0
0
0
0
0
0
0
0
0
0
0
0
0
0
0
0
0
0
0
0
0
0
0
0
0
0
0
0
0
0
0
0
0
0
0
0
0
0
0
0
2.56992e-17
0
0
0
0
0
0
0
0
0
0
0
0
0
0
0
0
0
-1.28496e-17
0
0
2.56992e-17
0
0
0
0
0
0
0
0
0
0
0
0
0
0
0
0
0
0
0
0
0
0
0
0
0
0
0
0
0
0
0
0
0
0
0
0
0
0
0
0
0
0
0
0
0
0
-1.46658e-09
0
2.93316e-09
0
-2.93316e-09
0
0
0
2.93316e-09
-2.93316e-09
0
0
0
0
0
0
0
0
0
0
2.05594e-16
0
0
0
0
2.93316e-09
2.93316e-09
-2.93316e-09
2.93316e-09
-2.93316e-09
0
-2.93316e-09
-2.93316e-09
0
0
0
0
0
3.13711e-21
0
0
0
-1.46658e-09
0
0
0
0
0
0
0
-2.93316e-09
-2.93316e-09
0
0
0
2.00775e-19
0
0
0
0
0
0
0
0
0
0
0
4.11188e-16
0
0
0
0
2.93316e-09
2.93316e-09
0
0
0
2.93316e-09
-2.93316e-09
0
0
5.01938e-20
0
0
0
0
0
0
0
0
0
0
0
0
0
-1.46658e-09
0
0
-1.46658e-09
-2.93316e-09
0
1.00388e-19
0
0
0
0
0
0
0
-2.93316e-09
0
-2.93316e-09
2.93316e-09
0
0
0
0
0
0
0
0
-2.93316e-09
-2.93316e-09
0
-2.93316e-09
-2.93316e-09
0
-2.93316e-09
0
0
0
0
0
0
0
0
0
0
-1.46658e-09
-1.46658e-09
0
0
0
0
-1.46658e-09
0
0
0
2.93316e-09
0
0
0
0
0
0
-2.93316e-09
0
0
-2.93316e-09
-2.93316e-09
0
0
0
8.22375e-16
0
0
0
0
0
0
2.93316e-09
0
2.93316e-09
0
2.93316e-09
0
0
0
0
0
0
0
0
0
-1.46658e-09
-1.46658e-09
0
0
0
8.03101e-19
0
0
-1.46658e-09
0
0
0
-3.13711e-21
0
0
0
0
0
0
0
0
-2.93316e-09
-2.93316e-09
0
0
0
0
0
0
3.2895e-15
0
0
0
0
-2.93316e-09
0
2.93316e-09
-2.93316e-09
0
0
-2.93316e-09
0
0
0
0
0
0
0
0
-3.13711e-21
0
-1.46658e-09
0
0
0
1.46658e-09
0
1.46658e-09
1.46658e-09
0
0
0
0
0
0
6.42481e-18
0
0
0
-2.93316e-09
-2.93316e-09
-2.93316e-09
-2.93316e-09
2.05594e-16
-2.93316e-09
-2.93316e-09
8.22375e-16
0
0
0
0
0
0
0
0
0
-2.93316e-09
0
0
0
0
0
0
-2.93316e-09
0
0
0
0
-3.13711e-21
1.46658e-09
0
-1.00388e-19
0
0
-1.46658e-09
0
-1.25484e-20
0
0
0
0
0
0
0
0
0
0
0
0
0
-2.93316e-09
0
1.64475e-15
-2.93316e-09
2.93316e-09
0
0
0
0
0
0
0
0
2.93316e-09
0
0
0
-2.93316e-09
-2.93316e-09
0
0
0
0
0
0
0
-7.84278e-22
0
0
0
-1.46658e-09
0
0
0
0
6.27422e-21
2.50969e-20
0
6.27422e-21
0
0
0
0
8.03101e-19
0
0
0
4.11188e-16
0
0
0
0
0
0
0
0
2.93316e-09
0
0
0
0
-4.11188e-16
-2.93316e-09
0
4.11188e-16
0
0
0
0
0
0
0
0
0
0
0
0
0
0
0
0
0
0
0
6.27422e-21
0
0
0
-1.46658e-09
0
-5.01938e-20
0
0
0
0
0
0
0
0
0
0
0
0
0
0
0
0
0
0
0
0
0
0
0
0
0
0
0
0
0
0
0
0
0
0
0
0
0
0
0
0
0
0
0
0
0
0
0
0
0
0
0
0
0
0
0
0
0
0
0
0
0
0
0
0
0
-2.93316e-09
0
0
0
0
0
0
0
0
0
0
0
0
0
0
0
-1.6062e-18
0
0
0
0
0
0
0
0
0
0
0
0
0
0
0
0
0
1.56856e-21
0
0
0
0
0
0
0
0
0
1.02797e-16
0
-1.64475e-15
0
1.64475e-15
0
-1.64475e-15
1.64475e-15
0
0
0
0
0
0
-2.05594e-16
0
0
0
0
-3.13711e-21
0
0
0
0
0
0
0
0
0
0
-7.65897e-25
0
0
0
0
0
0
0
0
0
0
0
0
0
0
0
0
0
0
0
0
0
0
0
-1.64475e-15
0
0
0
0
0
0
0
0
0
3.13711e-21
0
0
0
0
0
0
0
0
0
0
6.12717e-24
0
0
0
0
0
0
0
0
0
0
0
0
0
0
0
0
0
0
0
0
0
0
0
0
0
0
0
0
0
0
0
0
1.02797e-16
0
0
0
0
0
0
7.84278e-22
0
0
0
0
0
5.98357e-27
0
0
0
0
0
0
0
0
0
0
0
0
0
0
0
0
0
0
0
0
0
0
0
0
0
-5.13985e-17
0
0
0
0
0
0
0
0
0
0
0
0
0
1.02797e-16
0
0
0
0
0
0
0
0
-2.99178e-27
0
0
0
2.99178e-27
0
0
0
2.50969e-20
0
3.13711e-21
0
0
0
0
-2.93316e-09
0
0
-2.93316e-09
2.93316e-09
0
0
0
-2.93316e-09
0
0
0
0
-3.2124e-18
0
0
0
0
0
0
0
0
0
0
0
0
2.93316e-09
-2.93316e-09
2.93316e-09
2.93316e-09
-2.93316e-09
0
0
0
0
0
0
0
0
0
0
0
0
0
0
0
0
0
0
0
2.93316e-09
2.00775e-19
0
0
0
0
-2.93316e-09
2.93316e-09
3.2124e-18
0
0
0
0
0
0
0
0
0
0
0
0
-8.03101e-19
0
-1.6062e-18
0
0
0
-2.93316e-09
-2.93316e-09
2.93316e-09
-2.93316e-09
2.93316e-09
-1.46658e-09
0
0
0
0
0
0
-1.46658e-09
0
0
0
0
0
0
-1.28496e-17
0
0
0
-2.93316e-09
0
0
0
-2.93316e-09
-2.93316e-09
1.28496e-17
-2.93316e-09
0
0
0
0
0
0
0
0
0
0
0
0
0
0
0
0
0
0
0
2.93316e-09
2.93316e-09
0
0
0
-1.46658e-09
0
0
0
0
1.22543e-23
0
4.0155e-19
1.46658e-09
0
0
-1.46658e-09
0
0
0
0
0
0
-2.93316e-09
2.93316e-09
0
0
0
0
2.93316e-09
0
0
0
8.22375e-16
0
0
0
0
0
0
0
0
0
0
0
3.2124e-18
-2.56992e-17
0
0
0
0
2.93316e-09
2.93316e-09
0
-1.46658e-09
-1.46658e-09
0
0
0
0
0
0
0
1.46658e-09
0
-1.46658e-09
0
0
0
2.56992e-17
0
0
0
3.13711e-21
1.02797e-16
0
2.93316e-09
0
0
0
2.93316e-09
0
0
0
0
0
0
0
0
0
0
0
0
0
0
0
0
0
0
0
2.93316e-09
0
0
0
1.46658e-09
0
0
0
0
0
0
0
0
1.25484e-20
0
0
1.02797e-16
0
0
0
0
0
3.13711e-21
0
-2.93316e-09
0
2.56992e-17
2.93316e-09
-2.93316e-09
-2.93316e-09
0
0
0
0
0
-4.11188e-16
0
0
0
0
0
0
0
0
0
0
0
0
-2.93316e-09
0
-2.93316e-09
0
0
0
0
-1.46658e-09
0
0
0
0
0
-1.46658e-09
-1.25484e-20
-1.46658e-09
-4.90174e-23
0
0
0
0
0
0
0
0
0
0
0
2.93316e-09
0
-2.93316e-09
0
0
0
0
0
0
0
0
0
0
-2.93316e-09
-2.93316e-09
2.93316e-09
0
0
0
0
0
0
0
2.93316e-09
0
0
0
1.46658e-09
0
0
0
0
0
0
0
0
0
0
1.28496e-17
0
0
8.03101e-19
0
-2.93316e-09
0
0
0
0
0
2.93316e-09
0
0
2.93316e-09
-2.93316e-09
-2.93316e-09
0
0
0
0
0
-2.93316e-09
2.93316e-09
-2.93316e-09
2.93316e-09
-2.93316e-09
-2.93316e-09
0
0
0
0
3.2124e-18
0
0
0
0
0
0
0
0
0
0
0
0
0
0
0
0
0
0
0
0
0
0
0
0
0
0
0
0
-2.93316e-09
5.13985e-17
0
0
0
2.93316e-09
0
0
0
0
0
0
0
-2.93316e-09
0
0
0
1.56856e-21
0
0
0
0
0
0
0
1.22543e-23
0
0
0
0
0
0
0
0
0
0
6.12717e-24
0
0
0
0
0
0
0
0
0
0
-2.93316e-09
0
0
5.13985e-17
0
0
0
0
0
0
4.11188e-16
0
0
0
0
0
6.42481e-18
0
0
0
0
0
0
0
0
0
0
0
-1.53179e-24
0
0
0
0
0
0
0
3.06359e-24
0
0
0
0
0
0
7.84278e-22
0
0
0
0
1.02797e-16
0
0
0
0
0
0
0
0
0
0
0
0
0
0
0
0
-1.28496e-17
0
0
0
0
0
0
0
0
0
0
0
0
0
0
0
0
2.45087e-23
0
6.12717e-24
0
1.91474e-25
0
0
0
0
0
0
0
0
0
0
0
0
0
0
0
0
0
0
0
0
0
0
0
0
0
0
-2.93316e-09
0
0
0
0
0
0
0
0
0
0
-1.53179e-24
0
0
0
0
0
0
0
2.39343e-26
0
0
0
0
0
0
0
0
0
3.92139e-22
0
0
0
0
0
0
0
0
0
0
0
-4.11188e-16
0
0
0
0
0
0
0
0
0
0
0
-3.92139e-22
0
0
0
0
0
0
0
0
0
0
0
0
0
0
0
0
0
0
0
7.84278e-22
0
0
0
0
0
0
0
0
0
0
0
0
0
0
0
0
0
0
0
2.05594e-16
0
0
0
0
0
0
0
0
0
0
0
0
0
0
0
0
0
0
0
0
0
)
;

boundaryField
{
    fuel
    {
        type            calculated;
        value           uniform 0;
    }
    primary_air
    {
        type            calculated;
        value           uniform 0;
    }
    Secondary_air_RHS
    {
        type            calculated;
        value           uniform 0;
    }
    Secondary_air_LHS
    {
        type            calculated;
        value           uniform 0;
    }
    outlet
    {
        type            calculated;
        value           uniform 0;
    }
    stove_body
    {
        type            calculated;
        value           uniform 0;
    }
    frontAndBack
    {
        type            empty;
    }
}


// ************************************************************************* //
