/*--------------------------------*- C++ -*----------------------------------*\
  =========                 |
  \\      /  F ield         | OpenFOAM: The Open Source CFD Toolbox
   \\    /   O peration     | Website:  https://openfoam.org
    \\  /    A nd           | Version:  6
     \\/     M anipulation  |
\*---------------------------------------------------------------------------*/
FoamFile
{
    version     2.0;
    format      ascii;
    class       volScalarField;
    location    "0.005";
    object      Qdot;
}
// * * * * * * * * * * * * * * * * * * * * * * * * * * * * * * * * * * * * * //

dimensions      [1 -1 -3 0 0 0 0];

internalField   nonuniform List<scalar> 
3773
(
-6.52285e-06
-6.52285e-06
0
-6.52285e-06
-6.52285e-06
0
0
0
-1.30457e-05
0
0
-1.30457e-05
0
-1.30457e-05
0
0
0
0
0
0
0
0
0
0
0
0
0
0
0
0
0
0
0
0
0
0
0
0
1.30457e-05
0
1.30457e-05
-1.30457e-05
7.61929e-10
-6.52285e-06
0
6.52285e-06
0
0
6.52285e-06
0
0
0
-2.47288e-06
0
0
0
0
0
1.23644e-06
0
0
0
0
0
0
0
0
0
0
0
-8.15356e-07
0
-4.07678e-07
0
3.04772e-09
-6.1822e-07
0
0
0
0
0
0
0
0
0
0
-1.23644e-06
0
0
0
0
0
0
0
0
0
0
0
0
0
0
0
-3.0911e-07
2.03839e-07
0
0
0
0
0
0
0
0
0
0
0
0
-5.09598e-08
0
0
0
0
0
9.41769e-09
9.65969e-09
0
0
0
0
0
0
0
-5.09598e-08
0
0
0
0
0
0
0
0
0
2.03839e-07
3.0911e-07
0
3.0911e-07
-2.03839e-07
0
0
2.54799e-08
0
0
-2.54799e-08
0
0
0
9.65969e-09
0
1.59249e-09
0
0
6.1822e-07
-6.1822e-07
-3.18498e-09
0
0
0
0
0
0
3.04772e-09
3.04772e-09
3.04772e-09
-3.04772e-09
3.04772e-09
0
6.1822e-07
0
0
0
0
0
0
0
0
0
0
-7.96246e-10
0
0
0
0
3.86388e-08
0
0
0
0
0
0
0
0
0
1.59249e-09
0
0
0
0
0
-1.50933e-10
0
-6.1822e-07
0
0
0
0
0
-7.96246e-10
-6.1822e-07
-3.04772e-09
0
0
-3.04772e-09
3.02885e-09
-3.04772e-09
6.1822e-07
0
0
0
0
2.48827e-11
0
0
6.1822e-07
0
0
-4.97654e-11
0
0
-6.1822e-07
0
0
0
0
0
0
0
0
-3.98123e-10
0
0
-9.95308e-11
0
0
0
-3.18498e-09
0
0
0
0
-6.1822e-07
-6.1822e-07
-4.82985e-09
0
0
0
0
0
-6.1822e-07
0
0
0
3.04772e-09
2.41492e-09
-3.04772e-09
0
0
0
0
0
0
0
0
0
0
0
0
0
0
0
3.98123e-10
0
0
9.95308e-11
-6.03731e-10
0
0
0
0
0
0
0
0
0
0
0
0
0
0
0
0
0
0
0
0
0
0
3.04772e-09
0
0
0
3.04772e-09
3.04772e-09
0
0
0
0
0
0
0
0
0
0
0
0
0
0
0
0
0
0
0
0
0
0
1.52386e-09
0
1.52386e-09
1.52386e-09
1.52386e-09
0
0
-3.04772e-09
-7.00002e-12
-7.00002e-12
3.04772e-09
7.00002e-12
-7.00002e-12
0
0
0
0
0
0
0
0
0
0
0
0
0
0
0
0
0
0
0
0
0
0
-3.04772e-09
-3.04772e-09
3.04772e-09
0
-3.05472e-09
3.04072e-09
0
0
0
0
0
0
0
0
0
1.52386e-09
0
0
-1.52386e-09
0
-1.52386e-09
0
3.04772e-09
3.04772e-09
-3.04772e-09
-3.04772e-09
3.04772e-09
0
-8.75002e-13
0
8.75002e-13
-8.75002e-13
0
8.75002e-13
-8.75002e-13
0
0
0
0
0
0
0
0
0
0
0
-8.75002e-13
0
0
3.04772e-09
0
0
-3.04772e-09
0
3.04772e-09
0
-3.41798e-15
0
1.52386e-09
1.52386e-09
0
0
0
0
0
0
0
0
1.52386e-09
-1.52386e-09
0
3.04772e-09
3.04772e-09
3.04772e-09
-3.04772e-09
3.04772e-09
3.04772e-09
0
0
0
0
0
0
0
0
0
0
-1.09375e-13
0
0
1.09375e-13
0
0
0
0
0
0
0
-3.04772e-09
0
3.04772e-09
0
-3.04772e-09
3.04772e-09
0
1.52386e-09
0
0
0
0
0
-1.52386e-09
1.52386e-09
0
0
0
0
0
0
0
-5.34059e-17
0
0
0
0
3.04772e-09
0
6.83595e-15
0
0
6.83595e-15
-6.83595e-15
0
0
0
0
0
0
1.36719e-14
0
0
0
0
0
0
0
0
0
0
0
-3.04772e-09
-3.04772e-09
-3.04772e-09
-3.04772e-09
0
0
0
0
0
0
0
0
0
0
0
0
0
-1.52386e-09
0
0
3.04772e-09
-8.34467e-19
0
-3.04772e-09
0
0
0
0
0
-8.54494e-16
0
0
-1.70899e-15
0
0
0
0
0
0
0
0
-4.27247e-16
0
0
0
0
0
0
0
-3.04772e-09
0
0
0
0
0
0
0
0
0
1.52386e-09
0
0
0
0
0
0
0
3.04772e-09
0
0
0
3.04772e-09
0
-3.04772e-09
0
0
0
-1.06812e-16
0
0
0
0
0
0
0
0
0
0
0
0
0
0
0
0
0
3.04772e-09
1.04308e-19
0
0
3.04772e-09
-3.04772e-09
3.04772e-09
-1.62982e-21
0
0
0
0
2.60771e-20
0
0
0
0
0
0
0
0
0
-3.04772e-09
0
0
1.04308e-19
0
3.04772e-09
0
0
0
0
0
0
0
0
0
0
0
-5.34059e-17
0
0
-2.67029e-17
0
0
0
0
0
0
-3.04772e-09
-3.04772e-09
0
0
0
1.04308e-19
3.04772e-09
0
0
0
0
0
0
0
0
0
0
0
0
0
0
-3.04772e-09
3.04772e-09
-1.30385e-20
0
-3.25964e-21
0
-3.04772e-09
0
0
8.34467e-19
0
0
0
0
0
0
0
0
0
0
0
0
0
0
0
0
0
0
-3.04772e-09
-3.25964e-21
0
0
0
0
0
0
0
0
0
0
0
0
0
0
0
0
0
0
0
3.04772e-09
0
0
0
-8.14909e-22
0
-3.04772e-09
0
0
0
0
0
0
1.01864e-22
0
0
0
0
0
0
0
0
0
0
0
0
0
0
0
-3.04772e-09
0
0
0
0
3.04772e-09
0
0
0
2.54659e-23
0
0
0
0
0
0
0
0
0
-1.24345e-26
0
0
0
0
0
0
-6.36648e-24
0
0
0
0
0
0
0
0
0
0
0
0
0
0
0
0
0
8.14909e-22
0
0
2.03727e-22
0
0
0
0
0
0
0
0
0
0
-9.94762e-26
0
0
0
-3.18324e-24
0
0
0
0
0
0
0
0
0
0
0
0
0
0
0
0
0
0
0
-5.09318e-23
0
0
0
0
0
0
0
0
0
0
0
0
0
0
0
0
0
0
0
0
0
0
0
0
0
0
0
0
0
0
0
0
4.97381e-26
0
0
3.04772e-09
0
0
0
0
0
3.04772e-09
2.03727e-22
0
0
0
0
0
0
0
0
0
0
0
0
0
-2.03727e-22
0
-1.59162e-24
0
-7.9581e-25
0
0
0
5.09318e-23
0
0
0
1.2733e-23
-3.04772e-09
0
-6.36648e-24
0
0
1.24345e-26
0
0
0
3.18324e-24
0
0
0
0
3.10863e-27
0
0
0
0
0
0
3.04772e-09
0
0
0
0
6.36648e-24
0
0
0
1.01864e-22
2.03727e-22
0
0
0
0
0
0
0
0
0
-1.59162e-24
0
0
0
0
-4.97381e-26
0
0
-3.04772e-09
0
0
0
0
0
0
0
0
0
0
0
0
0
0
0
0
0
0
0
0
-3.04772e-09
0
0
0
7.9581e-25
0
0
0
0
0
0
0
0
0
0
0
0
0
0
0
0
0
0
0
0
-9.94762e-26
0
0
0
3.97905e-25
0
0
0
0
0
0
0
0
0
0
0
-2.08617e-19
0
0
0
0
-4.17233e-19
0
-3.04772e-09
0
0
0
0
0
0
0
0
0
0
0
0
0
0
0
0
0
0
0
0
0
0
0
0
0
0
0
0
0
0
0
0
0
0
0
0
0
-5.21542e-20
0
0
0
0
0
0
-3.04772e-09
0
0
0
3.04772e-09
0
0
0
2.67029e-17
0
0
0
0
0
0
0
0
0
0
0
0
0
0
0
0
0
0
0
-3.04772e-09
0
0
0
0
0
0
0
0
0
0
0
0
0
0
6.51927e-21
0
0
0
0
0
0
0
0
0
0
3.04772e-09
0
0
0
0
1.33515e-17
0
0
0
0
0
0
2.67029e-17
0
0
0
0
0
0
0
0
0
0
1.04308e-19
0
1.04308e-19
0
3.04772e-09
3.04772e-09
0
0
0
0
-1.62982e-21
0
0
0
-2.60771e-20
0
0
0
0
0
0
3.04772e-09
0
0
0
0
0
0
0
0
0
0
0
0
0
0
0
0
0
0
0
0
0
0
0
0
0
0
-3.04772e-09
0
0
0
0
0
3.04772e-09
0
0
8.14909e-22
0
0
0
0
0
0
3.25964e-21
0
0
0
0
0
3.04772e-09
0
0
0
0
0
0
0
0
0
0
0
0
0
0
2.67029e-17
0
0
0
0
0
0
0
0
0
0
0
0
0
0
0
0
0
0
0
0
8.14909e-22
4.07455e-22
0
0
0
0
0
0
0
0
0
0
0
0
0
-5.21542e-20
0
0
3.04772e-09
0
0
0
0
0
0
0
0
0
0
0
0
0
0
0
0
0
0
0
0
0
3.04772e-09
0
-2.60771e-20
0
0
0
-3.04772e-09
0
0
0
0
0
0
0
0
0
0
0
0
0
0
0
-3.04772e-09
0
0
1.30385e-20
0
3.04772e-09
0
0
-6.67574e-18
0
0
0
0
0
0
0
0
0
0
0
0
0
0
0
0
0
0
0
3.04772e-09
0
0
0
0
0
0
0
-1.01864e-22
0
0
0
0
-9.71447e-29
0
0
0
0
-7.77158e-28
0
0
0
-1.24345e-26
0
0
0
0
0
0
0
0
0
0
1.59162e-24
0
0
0
0
3.18324e-24
0
0
-1.2733e-23
0
0
0
0
0
0
0
0
0
0
0
0
0
0
0
0
0
0
0
0
0
0
0
0
0
0
0
0
0
0
0
0
0
0
0
0
0
0
0
0
0
0
0
0
0
0
0
0
0
0
0
0
0
0
1.59162e-24
0
0
0
0
0
0
0
0
0
0
0
0
0
0
0
0
0
0
0
-7.77158e-28
0
0
0
-6.21726e-27
0
0
1.24345e-26
0
0
0
-1.24345e-26
0
0
0
0
0
0
0
0
0
0
-3.97905e-25
0
0
0
0
0
0
0
0
0
0
0
0
0
0
0
0
0
-1.24345e-26
0
0
0
0
7.77158e-28
0
0
0
0
0
0
0
0
0
0
0
0
1.98952e-25
0
0
0
0
0
0
0
0
0
-7.77158e-28
0
0
0
0
4.97381e-26
0
0
0
0
0
-3.97905e-25
0
0
0
2.48691e-26
0
-4.97381e-26
0
0
0
0
0
0
0
0
0
0
0
0
0
3.10863e-27
0
0
0
0
0
0
0
0
0
0
0
0
0
0
0
0
0
0
0
0
0
0
0
0
0
0
0
0
0
0
0
0
0
0
0
0
0
0
0
0
0
0
0
0
0
0
0
7.77158e-28
0
0
0
6.21726e-27
0
0
0
0
0
-3.88579e-28
0
0
0
0
0
0
0
0
0
0
0
0
1.59162e-24
0
0
0
0
1.55432e-27
0
0
0
0
-2.48691e-26
0
0
0
0
0
0
0
0
0
0
0
0
0
0
0
0
0
0
0
0
0
0
0
0
0
0
0
0
0
-7.77158e-28
0
0
0
0
0
0
0
0
0
0
0
0
0
0
0
0
0
0
0
0
0
0
0
0
0
0
0
0
0
0
0
0
0
0
0
-1.52386e-09
0
0
0
0
0
0
0
0
0
-3.04772e-09
0
3.04772e-09
0
-3.04772e-09
0
0
0
0
0
-3.04772e-09
0
3.04772e-09
3.04772e-09
0
3.04772e-09
3.04772e-09
-3.04772e-09
-3.04772e-09
0
0
0
0
0
0
0
0
0
0
0
0
0
0
0
0
0
0
0
0
0
0
0
0
0
0
0
0
0
3.04772e-09
3.04772e-09
0
0
3.04772e-09
3.04772e-09
0
0
0
0
0
0
0
-3.04772e-09
-3.04772e-09
0
0
0
0
3.04772e-09
0
0
0
0
0
0
0
0
0
0
0
0
0
0
0
0
0
0
0
0
0
0
-4.85724e-29
0
-1.21431e-29
0
-2.42862e-29
0
3.97905e-25
-3.04772e-09
0
2.42862e-29
-3.04772e-09
0
3.04772e-09
0
0
0
4.97381e-26
0
0
-1.24345e-26
0
-3.04772e-09
-3.04772e-09
0
0
3.04772e-09
3.04772e-09
0
0
0
0
-1.94289e-28
0
0
0
0
0
0
0
0
-2.42862e-29
0
0
0
0
0
0
4.85724e-29
0
1.55432e-27
0
0
0
0
0
0
-3.04772e-09
0
3.04772e-09
0
0
0
0
0
0
0
0
0
0
0
3.04772e-09
-3.04772e-09
0
0
0
3.04772e-09
0
0
0
0
0
0
0
0
-1.94289e-28
0
0
0
0
0
0
0
0
0
0
1.94289e-28
9.71447e-29
0
0
-6.21726e-27
0
0
-7.77158e-28
0
0
0
9.94762e-26
3.04772e-09
-3.04772e-09
-3.04772e-09
0
0
0
0
0
0
0
0
0
0
0
3.04772e-09
-2.48691e-26
0
-3.10863e-27
0
0
0
0
0
0
0
0
0
0
0
0
0
0
-1.55432e-27
0
-1.55432e-27
0
0
0
0
0
0
0
0
0
0
0
0
0
0
-9.94762e-26
-3.04772e-09
0
3.04772e-09
0
0
0
0
0
0
0
0
0
0
3.04772e-09
0
0
0
0
0
-2.48691e-26
0
0
0
0
0
0
0
0
0
0
0
-1.94289e-28
0
0
0
0
0
0
0
0
0
0
0
0
0
0
0
0
0
-3.04772e-09
0
-3.04772e-09
0
0
0
0
0
0
0
0
-9.94762e-26
-9.94762e-26
0
0
0
-3.04772e-09
0
0
0
0
0
0
0
-3.88579e-28
0
0
0
0
0
9.71447e-29
-1.52386e-09
0
0
-3.79472e-31
0
0
0
0
0
0
0
0
0
0
0
0
-3.04772e-09
9.71447e-29
0
3.04772e-09
0
0
0
0
0
0
0
0
0
0
0
-3.04772e-09
-3.04772e-09
3.04772e-09
0
0
0
0
0
0
0
0
0
0
0
0
0
2.42862e-29
0
0
0
0
0
0
0
0
0
0
0
0
-9.71447e-29
0
0
1.94289e-28
3.04772e-09
0
3.04772e-09
0
0
-3.04772e-09
4.97381e-26
0
0
0
0
0
0
3.04772e-09
0
3.04772e-09
-3.04772e-09
3.04772e-09
0
3.04772e-09
0
0
0
0
0
0
0
0
1.94289e-28
0
0
0
0
0
0
0
0
0
0
0
0
0
0
0
0
0
0
0
0
0
0
0
0
0
0
0
0
1.98952e-25
0
0
0
0
3.04772e-09
0
0
0
3.04772e-09
0
3.04772e-09
0
0
0
0
-1.55432e-27
0
0
0
0
0
-7.77158e-28
0
0
3.88579e-28
0
4.85724e-29
0
0
0
0
0
0
0
0
-3.10863e-27
0
0
-1.24345e-26
0
3.04772e-09
3.04772e-09
0
0
-3.04772e-09
-1.24345e-26
0
0
0
0
0
0
0
3.04772e-09
0
0
3.04772e-09
3.04772e-09
0
0
0
0
0
0
0
0
0
0
0
0
0
0
0
0
0
0
0
0
0
0
0
0
0
0
-6.21726e-27
0
0
0
-3.04772e-09
0
3.04772e-09
-3.04772e-09
-3.04772e-09
3.04772e-09
0
0
0
3.97905e-25
0
0
0
0
0
0
0
0
3.04772e-09
0
0
0
0
0
0
0
0
0
0
-3.10863e-27
0
0
6.21726e-27
0
0
0
0
0
0
0
0
0
0
0
0
0
0
0
0
0
0
0
0
0
0
0
0
0
0
0
0
0
0
-3.04772e-09
0
3.04772e-09
0
0
0
0
0
0
0
0
0
0
0
0
0
0
0
0
0
0
0
0
0
-1.94289e-28
0
0
0
0
0
0
0
0
0
7.77158e-28
0
0
0
0
0
0
0
0
0
0
0
0
0
0
0
-3.04772e-09
-3.04772e-09
0
0
0
0
0
0
4.97381e-26
0
0
0
0
0
0
0
0
0
0
0
0
0
-1.85289e-34
-7.41156e-34
0
0
-1.18585e-32
0
0
0
3.04772e-09
3.04772e-09
0
-3.04772e-09
0
0
3.04772e-09
7.77158e-28
3.04772e-09
0
3.04772e-09
0
0
0
-3.04772e-09
0
-3.04772e-09
0
0
0
0
3.04772e-09
0
0
0
0
0
-3.04772e-09
3.04772e-09
0
0
0
0
0
0
0
0
0
1.52386e-09
0
0
0
0
0
-2.3717e-32
-1.52386e-09
0
-3.04772e-09
-3.04772e-09
0
1.51789e-30
-3.03577e-30
0
0
0
-3.04772e-09
0
-3.04772e-09
0
3.04772e-09
0
0
0
0
0
3.04772e-09
0
0
3.04772e-09
0
-3.04772e-09
3.04772e-09
-3.04772e-09
0
-3.04772e-09
0
3.04772e-09
0
0
-1.94289e-28
0
0
0
1.89736e-31
0
0
1.52386e-09
0
0
-5.79028e-36
0
2.96462e-33
0
0
1.52386e-09
0
0
0
-3.04772e-09
0
0
0
3.04772e-09
-3.04772e-09
1.55432e-27
3.04772e-09
0
0
0
0
0
0
3.04772e-09
3.04772e-09
0
0
0
3.04772e-09
-3.04772e-09
3.04772e-09
3.04772e-09
3.04772e-09
0
-5.92924e-33
0
0
-4.85724e-29
-1.94289e-28
0
0
0
0
0
0
0
0
0
-1.52386e-09
0
1.52386e-09
0
-1.52386e-09
-1.52386e-09
0
3.04772e-09
0
-3.04772e-09
0
0
0
0
0
3.04772e-09
-3.04772e-09
-3.04772e-09
0
-3.04772e-09
0
0
1.24345e-26
0
0
0
0
0
0
0
3.04772e-09
0
0
0
0
3.04772e-09
3.04772e-09
0
0
0
0
0
-1.52386e-09
0
0
1.52386e-09
0
0
0
1.52386e-09
0
0
0
0
1.52386e-09
0
3.04772e-09
3.04772e-09
0
0
0
0
0
0
0
3.04772e-09
0
3.04772e-09
0
0
0
3.04772e-09
0
0
0
-9.94762e-26
0
3.04772e-09
0
3.04772e-09
3.04772e-09
3.04772e-09
3.04772e-09
3.04772e-09
3.04772e-09
0
0
0
0
0
0
1.52386e-09
0
0
1.52386e-09
0
0
0
1.52386e-09
0
1.52386e-09
0
1.52386e-09
0
0
0
0
0
0
-9.71447e-29
0
0
3.04772e-09
0
0
3.04772e-09
3.04772e-09
0
0
-3.04772e-09
-3.04772e-09
0
0
0
0
0
3.04772e-09
0
0
0
0
3.04772e-09
3.04772e-09
3.04772e-09
0
-9.71447e-29
0
0
0
0
1.52386e-09
1.52386e-09
0
-1.52386e-09
0
0
0
0
1.52386e-09
0
1.52386e-09
0
-1.52386e-09
-3.03577e-30
0
0
0
0
0
0
0
0
0
3.04772e-09
0
0
3.04772e-09
0
0
0
0
-3.04772e-09
0
0
-9.94762e-26
3.04772e-09
3.04772e-09
0
0
0
0
-3.04772e-09
0
0
0
0
0
0
0
0
1.52386e-09
0
0
0
0
0
0
0
0
0
0
0
0
0
0
0
2.3717e-32
0
0
0
0
0
0
-7.77158e-28
-3.04772e-09
0
0
3.04772e-09
3.04772e-09
-3.04772e-09
0
0
-3.04772e-09
3.04772e-09
-3.04772e-09
0
0
3.04772e-09
-3.04772e-09
0
0
0
0
0
0
0
0
0
0
0
0
0
0
-9.71447e-29
0
0
0
0
0
0
0
0
0
0
0
0
0
0
0
0
0
-1.94289e-28
0
0
0
0
0
0
3.04772e-09
0
1.24345e-26
0
0
0
0
0
0
0
0
0
0
0
0
0
4.7434e-32
0
0
0
1.15806e-35
0
0
0
0
0
0
0
0
0
0
0
-2.89514e-36
0
-3.70578e-34
0
0
0
0
0
0
0
0
0
0
0
0
0
0
0
0
0
6.21726e-27
0
0
0
0
0
0
0
1.24345e-26
0
0
0
0
0
0
0
0
0
0
1.44757e-36
0
0
0
0
0
0
0
0
0
1.44757e-36
0
0
0
0
-3.70578e-34
0
0
0
0
0
0
0
0
0
0
0
0
0
0
0
0
0
0
0
0
0
0
-6.21726e-27
0
-3.70578e-34
0
0
0
-1.18585e-32
0
0
0
0
0
0
0
0
0
0
0
3.61892e-37
0
0
-1.44757e-36
0
0
0
0
0
0
0
0
0
0
0
0
0
0
0
0
0
0
0
0
0
0
0
0
0
0
0
0
0
1.85289e-34
0
0
0
0
0
0
0
0
1.44757e-36
0
0
0
0
1.76705e-40
0
0
0
0
0
0
0
0
0
0
9.26444e-35
0
1.21431e-29
-1.21431e-29
0
0
0
0
0
0
0
0
0
0
0
0
0
0
0
0
0
0
0
0
0
0
0
0
0
0
-3.53411e-40
0
0
0
0
0
0
0
-8.83526e-41
0
0
0
0
0
0
0
0
0
0
0
0
0
0
0
0
0
0
0
0
0
0
0
0
0
0
0
0
0
0
0
0
0
0
0
0
0
0
0
0
-8.83526e-41
0
0
0
-7.06821e-40
-1.41364e-39
0
-1.52386e-09
1.52386e-09
0
0
0
0
0
0
0
0
0
0
-3.04772e-09
3.04772e-09
-3.04772e-09
-3.04772e-09
-3.04772e-09
0
-3.04772e-09
-3.04772e-09
3.04772e-09
3.04772e-09
3.04772e-09
3.04772e-09
-3.04772e-09
3.04772e-09
0
3.04772e-09
-3.04772e-09
3.04772e-09
0
0
0
3.04772e-09
0
0
-3.03577e-30
0
3.79472e-31
3.04772e-09
-3.04772e-09
0
0
0
0
0
0
0
0
1.52386e-09
1.52386e-09
0
0
0
0
0
0
0
0
0
3.04772e-09
3.04772e-09
-3.04772e-09
3.04772e-09
-3.04772e-09
0
3.04772e-09
-3.04772e-09
3.04772e-09
0
-6.21726e-27
0
-3.04772e-09
0
0
0
0
0
0
0
3.04772e-09
0
0
0
0
0
0
3.04772e-09
0
0
0
1.52386e-09
-1.52386e-09
0
0
0
0
0
0
-1.52386e-09
-1.52386e-09
1.52386e-09
-4.7434e-32
0
0
0
0
0
0
0
0
3.04772e-09
3.04772e-09
0
3.04772e-09
0
3.04772e-09
0
0
0
0
3.04772e-09
3.04772e-09
3.04772e-09
0
-3.04772e-09
3.04772e-09
0
3.04772e-09
3.88579e-28
0
3.04772e-09
0
-1.94289e-28
0
-4.85724e-29
0
3.04772e-09
0
0
1.52386e-09
0
0
-1.52386e-09
0
0
1.15806e-35
0
-1.52386e-09
0
0
0
1.52386e-09
1.52386e-09
0
0
0
0
0
0
3.04772e-09
0
3.04772e-09
-3.04772e-09
0
0
3.04772e-09
-3.04772e-09
0
0
0
0
3.04772e-09
0
-7.77158e-28
0
3.04772e-09
3.04772e-09
3.04772e-09
0
3.04772e-09
0
0
0
0
0
0
-3.04772e-09
3.04772e-09
0
0
0
1.52386e-09
1.52386e-09
-9.26444e-35
-1.52386e-09
0
0
0
-1.52386e-09
0
1.52386e-09
0
0
0
0
0
-1.21431e-29
0
0
-3.04772e-09
0
0
3.04772e-09
3.04772e-09
0
3.04772e-09
0
0
0
0
3.04772e-09
0
0
-3.04772e-09
-3.04772e-09
0
-3.04772e-09
-3.04772e-09
-3.04772e-09
0
0
0
0
0
0
0
0
0
-1.21431e-29
1.52386e-09
0
-1.52386e-09
-9.26444e-35
0
0
3.03577e-30
0
0
0
0
0
0
0
0
0
0
0
0
-3.04772e-09
0
3.04772e-09
-3.04772e-09
0
0
0
0
0
-3.04772e-09
0
0
-3.04772e-09
3.04772e-09
0
0
0
0
-3.88579e-28
0
3.04772e-09
0
0
0
0
0
0
0
-2.42862e-29
-1.21431e-29
0
0
1.52386e-09
-1.52386e-09
0
0
0
0
0
0
0
0
0
-3.10863e-27
-1.55432e-27
0
-4.85724e-29
0
0
-3.04772e-09
3.04772e-09
3.04772e-09
3.04772e-09
0
0
0
0
0
0
3.04772e-09
0
0
3.04772e-09
0
2.48691e-26
-3.04772e-09
0
3.04772e-09
0
-3.04772e-09
0
0
0
0
0
0
0
0
0
0
0
0
-1.52386e-09
0
0
0
0
0
0
0
0
0
0
0
0
0
0
0
0
0
0
0
3.04772e-09
0
3.04772e-09
0
3.04772e-09
-3.04772e-09
0
0
0
0
0
0
0
0
-1.94289e-28
3.04772e-09
0
0
4.85724e-29
0
0
0
0
0
0
-1.21431e-29
0
0
0
0
0
0
0
0
0
0
0
0
0
0
0
0
0
0
0
0
0
-3.88579e-28
-9.71447e-29
0
0
0
0
0
0
0
0
0
0
0
0
0
0
0
0
0
0
0
0
0
0
0
0
0
0
0
0
0
0
0
0
0
0
0
5.65457e-39
0
0
0
0
0
0
0
0
0
0
0
-9.71447e-29
0
0
0
0
0
0
0
0
0
0
0
0
0
-3.88579e-28
0
0
0
-1.21431e-29
0
0
0
0
0
0
0
0
0
0
0
0
0
0
0
0
0
0
0
-2.26183e-38
0
0
0
0
0
0
0
0
0
0
0
0
0
0
0
0
0
0
0
0
0
0
0
0
0
0
0
0
0
0
0
0
0
0
0
0
0
0
0
0
0
0
0
0
0
0
0
0
0
0
0
0
0
0
0
-2.31611e-35
0
0
0
-1.21431e-29
-3.03577e-30
0
0
0
0
0
0
0
0
0
0
0
0
0
0
0
0
0
0
0
0
0
0
0
0
0
-1.80946e-37
0
0
-1.13091e-38
0
0
0
0
0
0
0
0
0
0
0
0
0
0
0
0
0
0
0
0
0
0
0
0
0
0
0
0
0
0
0
0
-2.42862e-29
0
0
0
0
0
0
9.26444e-35
0
0
-5.79028e-36
0
0
0
0
0
0
-2.20882e-41
0
0
0
0
0
0
0
0
0
-5.79028e-36
0
0
0
0
0
0
0
0
0
0
0
0
0
-4.85724e-29
0
0
0
0
0
0
0
-1.21431e-29
0
0
-7.58943e-31
0
0
0
0
0
0
0
0
-3.53411e-40
0
0
0
0
0
0
)
;

boundaryField
{
    fuel
    {
        type            calculated;
        value           uniform 0;
    }
    primary_air
    {
        type            calculated;
        value           uniform 0;
    }
    Secondary_air_RHS
    {
        type            calculated;
        value           uniform 0;
    }
    Secondary_air_LHS
    {
        type            calculated;
        value           uniform 0;
    }
    outlet
    {
        type            calculated;
        value           uniform 0;
    }
    stove_body
    {
        type            calculated;
        value           uniform 0;
    }
    frontAndBack
    {
        type            empty;
    }
}


// ************************************************************************* //
