/*--------------------------------*- C++ -*----------------------------------*\
  =========                 |
  \\      /  F ield         | OpenFOAM: The Open Source CFD Toolbox
   \\    /   O peration     | Website:  https://openfoam.org
    \\  /    A nd           | Version:  6
     \\/     M anipulation  |
\*---------------------------------------------------------------------------*/
FoamFile
{
    version     2.0;
    format      ascii;
    class       volScalarField;
    location    "0.0275";
    object      Qdot;
}
// * * * * * * * * * * * * * * * * * * * * * * * * * * * * * * * * * * * * * //

dimensions      [1 -1 -3 0 0 0 0];

internalField   nonuniform List<scalar> 
3773
(
3.79999e-05
0
0
0
-3.65884e-10
0
3.79999e-05
-7.31769e-10
-7.31769e-10
-7.31769e-10
5.01172e-05
0
5.01165e-05
-7.31769e-10
0.000100234
0
0
0
-7.31769e-10
0
0.000151999
0
-7.31769e-10
-7.31769e-10
0
0
7.31769e-10
0.000100234
0
-7.31769e-10
0
0
0
0
0
0
0
5.01172e-05
0
0.000126117
7.59991e-05
-7.31769e-10
-3.65884e-10
0
-3.65884e-10
0
-3.65884e-10
0
0
-3.65884e-10
3.79999e-05
0
2.50582e-05
0
-3.65884e-10
2.50582e-05
9.49998e-06
3.1294e-06
-2.92708e-09
6.26465e-06
9.49998e-06
0
9.49998e-06
0
9.49998e-06
-2.92708e-09
0
6.26172e-06
0
0
6.26465e-06
3.13232e-06
0
3.13232e-06
0
0
9.49705e-06
-2.92708e-09
0
-2.92708e-09
9.49998e-06
0
6.26465e-06
-2.92708e-09
6.26465e-06
0
0
1.57646e-05
9.49998e-06
9.49998e-06
0
0
-3.65884e-10
-3.65884e-10
0
-3.65884e-10
-3.65884e-10
-3.65884e-10
3.79999e-05
-3.65884e-10
1.25289e-05
-3.65884e-10
-3.65884e-10
0
-3.65884e-10
1.25293e-05
1.8997e-05
0
0
0
1.8997e-05
0
7.88231e-06
0
0
0
0
2.92708e-09
0
3.13232e-06
1.92843e-07
2.93947e-07
-2.92708e-09
4.92645e-07
-2.92708e-09
4.74999e-06
4.74999e-06
0
-2.92708e-09
3.15515e-06
7.83081e-07
2.37499e-06
4.74999e-06
0
0
1.25293e-05
0
0
0
1.25293e-05
1.25293e-05
3.79995e-05
1.25293e-05
-3.65884e-10
0
1.25293e-05
0
3.79999e-05
1.25293e-05
0
5.05292e-05
0
2.54706e-05
1.25293e-05
-2.92708e-09
0
0
1.9e-05
-2.92708e-09
0
0
-2.92708e-09
2.37207e-06
0
2.37499e-06
2.37499e-06
-2.92708e-09
3.13232e-06
3.13232e-06
0
0
-2.92708e-09
1.23161e-07
2.92708e-09
0
0
0
0
0
0
-2.92708e-09
0
-2.92708e-09
0
0
0
-2.92708e-09
0
0
0
0
-1.253e-05
1.25293e-05
1.25286e-05
1.25293e-05
0
1.25293e-05
3.79999e-05
0
-7.31769e-10
0
1.25293e-05
0
1.9e-05
1.9e-05
-2.92708e-09
0
0
0
3.15293e-05
-2.92708e-09
0
0
-2.92708e-09
0
1.56616e-06
-2.92708e-09
4.75292e-06
-2.92708e-09
2.92708e-09
0
0
0
0
0
-2.92708e-09
2.37499e-06
0
-7.83081e-07
2.37499e-06
0
1.9e-05
0
0
1.9e-05
0
0
0
0
-7.31769e-10
3.79999e-05
0
1.25293e-05
1.25293e-05
0
0
0
3.15285e-05
0
1.9e-05
1.9e-05
-7.31769e-10
0
0
6.26172e-06
0
1.9e-05
6.26172e-06
0
0
7.83081e-07
2.92708e-09
2.37499e-06
0
7.80154e-07
3.13232e-06
0
3.71093e-08
3.41822e-08
0
1.22356e-08
4.60155e-08
-2.92708e-09
0
7.80154e-07
0
0
0
-2.92708e-09
0
0
-2.92708e-09
-2.92708e-09
1.9e-05
0
0
0
5.05292e-05
0
1.9e-05
3.15293e-05
0
0
0
0
-1.46354e-09
0
9.49998e-06
0
0
0
0
0
0
0
-2.92708e-09
0
0
0
0
-2.92708e-09
-2.92708e-09
0
-2.92708e-09
2.92708e-09
-2.92708e-09
0
0
0
0
0
0
-2.92708e-09
0
0
-2.92708e-09
-2.92708e-09
0
-2.92708e-09
0
2.92708e-09
-2.92708e-09
0
0
0
-2.92708e-09
1.89992e-05
0
-1.46354e-09
0
0
0
0
8.40366e-13
0
-1.46354e-09
-1.46354e-09
0
8.40366e-13
-1.46354e-09
0
-2.92708e-09
1.68073e-12
0
-2.92708e-09
0
-2.92371e-09
0
-5.85415e-09
0
0
0
6.72293e-12
1.34459e-11
0
0
0
0
0
-5.85415e-09
-5.82726e-09
0
0
6.72293e-12
0
6.72293e-12
-5.85415e-09
-5.85415e-09
0
0
0
-2.92708e-09
0
-2.92708e-09
0
0
-8.40366e-13
8.40366e-13
0
4.20183e-13
4.20183e-13
0
5.25229e-14
0
0
2.10091e-13
0
-1.46354e-09
0
0
0
-2.92708e-09
0
0
0
0
0
-5.85415e-09
3.36146e-12
0
0
0
0
-5.85415e-09
-5.84071e-09
0
1.34459e-11
0
0
0
6.72293e-12
0
3.36146e-12
0
6.72293e-12
0
6.72293e-12
0
-2.92666e-09
0
4.20183e-13
0
0
0
0
0
-1.46333e-09
-1.46354e-09
-1.46354e-09
1.05046e-13
0
-1.46354e-09
-1.46333e-09
0
0
0
0
0
0
0
8.40366e-13
8.40366e-13
0
0
0
0
0
0
0
0
1.68073e-12
-5.84743e-09
0
0
0
1.34459e-11
0
-5.85415e-09
-5.84071e-09
0
0
0
0
3.36146e-12
0
0
0
-2.92708e-09
4.20183e-13
4.20183e-13
0
0
0
-1.46312e-09
0
0
-1.46354e-09
0
-1.46354e-09
5.25229e-14
0
-1.46354e-09
0
0
-1.46354e-09
0
0
0
0
-8.40366e-13
-2.92539e-09
0
0
-2.92708e-09
0
0
-5.85415e-09
0
0
0
0
0
0
0
6.72293e-12
0
0
0
0
3.36146e-12
0
0
0
3.36146e-12
-5.84743e-09
0
0
0
0
-2.92708e-09
4.20183e-13
0
2.10091e-13
0
0
-1.46354e-09
0
0
0
0
0
2.10091e-13
4.20183e-13
0
0
8.40366e-13
8.40366e-13
0
0
-2.92539e-09
1.68073e-12
0
0
0
0
0
1.68073e-12
0
0
0
0
6.72293e-12
0
0
-5.85415e-09
0
0
0
0
0
1.68073e-12
0
0
0
-2.92708e-09
0
0
-2.92708e-09
0
0
-2.92729e-09
0
0
0
0
0
0
0
-1.46354e-09
-1.46354e-09
0
0
-1.46354e-09
-1.46354e-09
-1.46354e-09
0
0
0
1.68073e-12
0
0
-2.92539e-09
-5.85415e-09
0
0
0
0
0
3.36146e-12
0
-5.85415e-09
-5.85415e-09
-5.85415e-09
0
0
0
0
0
0
0
1.68073e-12
-5.85415e-09
0
-2.92708e-09
-2.92708e-09
0
0
-2.92708e-09
0
0
0
0
0
2.10091e-13
2.10091e-13
0
5.25229e-14
1.31307e-14
0
0
4.20183e-13
0
-1.46354e-09
0
4.20183e-13
0
0
8.40366e-13
-2.92708e-09
-2.92708e-09
0
0
0
0
-5.85247e-09
-5.85247e-09
0
0
6.72293e-12
0
-5.85415e-09
0
0
-5.85415e-09
-5.85415e-09
0
3.36146e-12
0
1.68073e-12
0
0
0
0
0
0
-2.92624e-09
-2.92708e-09
-2.92708e-09
0
0
2.10091e-13
0
0
0
-1.46354e-09
0
0
2.10091e-13
-1.46354e-09
4.20183e-13
0
0
-1.46354e-09
0
-2.92539e-09
0
0
0
0
0
0
-5.85415e-09
3.36146e-12
3.36146e-12
0
1.68073e-12
0
0
0
0
0
0
-5.84743e-09
0
0
-5.85415e-09
0
0
1.68073e-12
-5.85415e-09
0
-2.92708e-09
0
8.40366e-13
0
0
-2.92708e-09
-2.92708e-09
0
-1.46354e-09
0
0
-1.46354e-09
0
2.10091e-13
-1.46354e-09
-1.46354e-09
-1.46354e-09
0
-1.46312e-09
0
0
0
0
0
-2.92708e-09
-2.92539e-09
0
0
0
0
3.36146e-12
0
0
1.68073e-12
0
3.36146e-12
-5.85415e-09
0
0
-5.85415e-09
0
0
0
3.36146e-12
0
0
0
0
0
0
-2.92708e-09
0
0
8.40366e-13
-2.92708e-09
0
0
0
-1.46354e-09
-1.46354e-09
0
0
2.10091e-13
0
0
0
-1.46354e-09
0
-1.46354e-09
0
-2.92708e-09
0
0
-2.92539e-09
0
-2.92708e-09
0
0
-5.85415e-09
0
6.72293e-12
0
0
1.68073e-12
0
0
6.72293e-12
0
0
-5.85415e-09
0
0
0
0
0
8.40366e-13
0
8.40366e-13
0
-2.92624e-09
0
0
-2.92708e-09
-2.92708e-09
0
0
1.05046e-13
0
0
0
-1.46354e-09
-1.46333e-09
-1.46354e-09
-1.46354e-09
2.10091e-13
0
0
-1.46354e-09
0
0
0
0
0
0
0
0
1.68073e-12
0
0
6.72293e-12
0
-5.85415e-09
0
0
-5.85415e-09
0
0
-5.85415e-09
0
0
0
3.36146e-12
0
0
0
0
0
8.40366e-13
0
8.40366e-13
0
0
-2.92708e-09
8.40366e-13
2.10091e-13
0
1.05046e-13
2.10091e-13
0
2.10091e-13
2.10091e-13
0
-1.05046e-13
0
0
0
-1.46354e-09
-1.46354e-09
0
0
4.20183e-13
0
1.68073e-12
-2.92539e-09
0
1.68073e-12
3.36146e-12
0
0
0
0
0
0
0
-5.85415e-09
6.72293e-12
0
0
0
0
-5.85415e-09
-5.85415e-09
1.68073e-12
0
0
8.40366e-13
0
-8.40366e-13
0
0
0
0
0
0
0
0
0
0
0
-1.46354e-09
0
0
-1.46354e-09
-1.46354e-09
0
0
0
-2.92708e-09
0
0
-2.92708e-09
0
0
0
0
0
0
0
3.36146e-12
0
0
3.36146e-12
0
0
0
0
0
0
0
0
0
0
0
0
0
8.40366e-13
-2.92708e-09
-2.92708e-09
2.10091e-13
-2.92624e-09
8.40366e-13
-2.92708e-09
0
0
-1.46354e-09
0
0
1.05046e-13
0
0
0
-1.46333e-09
0
0
0
0
0
0
-2.92666e-09
1.68073e-12
0
-2.92371e-09
-2.92708e-09
0
0
-5.85247e-09
-5.85415e-09
0
0
0
0
0
0
0
0
0
0
1.68073e-12
0
0
-5.85415e-09
3.36146e-12
0
1.68073e-12
0
0
-2.92708e-09
0
0
-2.92708e-09
0
0
0
0
0
0
-1.46354e-09
0
0
0
0
0
0
0
0
0
0
8.40366e-13
0
-2.92708e-09
0
0
-5.85247e-09
-5.85415e-09
0
3.36146e-12
0
0
4.20183e-13
0
0
0
6.72293e-12
6.72293e-12
-5.85415e-09
0
-5.85415e-09
0
3.36146e-12
0
1.68073e-12
-5.85079e-09
0
0
0
0
-2.92708e-09
0
0
-2.92687e-09
0
0
0
2.10091e-13
0
0
0
0
-1.46354e-09
2.10091e-13
0
0
0
0
0
-2.92708e-09
-2.92624e-09
0
0
0
2.10091e-13
-5.85415e-09
3.36146e-12
0
0
-5.85415e-09
0
0
-5.85415e-09
0
6.72293e-12
-5.85415e-09
0
-5.85415e-09
0
0
0
3.36146e-12
0
0
0
3.36146e-12
-2.92708e-09
-2.92624e-09
0
0
8.40366e-13
0
0
-1.46354e-09
-1.46354e-09
0
0
0
0
0
0
2.10091e-13
0
0
0
0
0
-2.92708e-09
0
0
0
1.68073e-12
1.68073e-12
-2.92708e-09
0
0
3.36146e-12
0
1.68073e-12
0
0
0
0
0
0
0
6.72293e-12
-5.85415e-09
0
3.36146e-12
0
1.68073e-12
0
0
0
-2.92708e-09
-2.92708e-09
0
0
0
0
0
-1.46354e-09
0
0
0
0
0
0
5.25229e-14
0
0
-1.46354e-09
0
0
0
-2.92708e-09
-2.92708e-09
0
8.40366e-13
0
0
4.20183e-13
0
3.36146e-12
0
1.68073e-12
-5.85415e-09
0
0
0
0
0
6.72293e-12
0
0
0
3.36146e-12
0
0
1.68073e-12
-5.85415e-09
3.36146e-12
-5.85415e-09
-2.92708e-09
0
0
-2.92624e-09
0
8.40366e-13
0
0
0
0
0
0
0
-1.46354e-09
-1.46354e-09
0
-1.46354e-09
0
0
4.20183e-13
0
-2.92708e-09
0
8.40366e-13
0
0
0
8.40366e-13
0
0
-5.85415e-09
0
0
0
0
-5.85415e-09
0
6.72293e-12
0
-5.85415e-09
0
0
0
0
-5.85415e-09
0
1.68073e-12
3.36146e-12
0
-2.92708e-09
8.40366e-13
0
0
0
0
0
0
-1.46354e-09
0
2.10091e-13
0
0
0
-1.46354e-09
0
0
0
4.20183e-13
0
0
-2.92708e-09
8.40366e-13
8.40366e-13
8.40366e-13
0
0
0
-5.85415e-09
0
0
0
1.68073e-12
1.68073e-12
0
-5.85415e-09
0
0
6.72293e-12
0
0
-5.85415e-09
0
-5.85415e-09
0
0
0
0
0
0
0
0
0
-2.92708e-09
-2.92708e-09
4.20183e-13
0
0
0
0
-1.46333e-09
0
0
1.05046e-13
-1.46354e-09
-1.46354e-09
0
4.20183e-13
0
0
0
0
0
0
-2.92708e-09
0
0
0
3.36146e-12
0
0
0
-5.85247e-09
0
-5.85415e-09
-5.85415e-09
0
0
6.72293e-12
0
0
0
0
3.36146e-12
0
0
0
-5.85415e-09
-2.92708e-09
8.40366e-13
0
0
0
0
0
-1.46354e-09
0
1.05046e-13
0
0
0
-1.46343e-09
0
0
2.62614e-14
0
-1.46354e-09
1.31307e-14
-1.46354e-09
-2.92705e-09
0
-2.92708e-09
0
-2.92708e-09
4.20183e-13
0
0
1.68073e-12
0
0
-5.85415e-09
3.36146e-12
3.36146e-12
0
0
0
0
0
3.36146e-12
0
0
-5.85415e-09
0
0
0
0
0
0
0
0
-2.92708e-09
0
0
-2.92708e-09
0
0
0
0
0
-1.46354e-09
0
0
0
0
0
-1.46351e-09
0
0
1.05046e-13
-2.92697e-09
0
-2.92708e-09
0
0
0
3.36146e-12
-5.85247e-09
0
0
3.36146e-12
0
0
-5.85079e-09
-5.85415e-09
0
0
0
0
3.36146e-12
0
0
0
0
0
0
0
-2.92708e-09
-2.92708e-09
1.05046e-13
0
-2.92708e-09
0
0
6.56536e-15
0
0
0
0
0
1.31307e-14
1.31307e-14
0
0
0
0
0
5.25229e-14
-1.05046e-13
1.05046e-13
0
-2.10091e-13
0
0
0
1.68073e-12
0
0
0
0
0
0
3.36146e-12
0
-5.85415e-09
0
0
0
0
2.10091e-13
-5.85331e-09
0
-5.85415e-09
0
0
3.36146e-12
0
0
-2.92697e-09
-2.92708e-09
0
-2.92708e-09
2.10091e-13
0
0
-1.46351e-09
-2.62614e-14
-1.46354e-09
0
0
0
0
0
0
1.05046e-13
0
0
0
0
0
0
0
0
-2.92708e-09
0
0
0
0
0
0
-5.85415e-09
0
-5.84743e-09
0
0
6.72293e-12
3.36146e-12
0
0
8.40366e-13
0
0
0
0
3.36146e-12
-2.92702e-09
2.62614e-14
0
0
0
2.10091e-13
0
0
0
0
-1.46354e-09
0
0
5.25229e-14
0
0
0
0
1.05046e-13
0
0
0
-2.92708e-09
0
0
-2.92708e-09
-2.92708e-09
2.10091e-13
0
0
0
0
-5.85415e-09
0
-5.85415e-09
3.36146e-12
6.72293e-12
0
0
6.72293e-12
0
0
-5.85415e-09
0
0
-5.85415e-09
0
0
-5.85415e-09
0
0
0
0
0
0
-2.92708e-09
-1.46354e-09
0
0
0
-1.46354e-09
2.62614e-14
5.25229e-14
0
0
0
0
0
0
0
0
1.05046e-13
2.10091e-13
2.10091e-13
0
-2.92708e-09
0
1.68073e-12
0
-5.85415e-09
0
0
0
0
0
0
0
0
0
0
0
-5.85415e-09
0
-5.85415e-09
1.68073e-12
1.68073e-12
0
0
0
0
0
1.05046e-13
2.10091e-13
2.10091e-13
0
-1.46354e-09
-1.46354e-09
0
5.25229e-14
2.62614e-14
-1.46354e-09
0
2.62614e-14
-1.46354e-09
1.05046e-13
-1.46354e-09
0
1.05046e-13
0
1.05046e-13
-2.92708e-09
0
0
0
0
0
0
4.20183e-13
0
0
0
0
-5.85415e-09
-5.85415e-09
0
-5.84743e-09
0
0
0
0
8.40366e-13
0
8.40366e-13
8.40366e-13
0
0
0
0
0
0
0
0
0
0
0
2.62614e-14
0
5.25229e-14
5.25229e-14
0
0
-1.46354e-09
0
-1.46354e-09
0
-1.46354e-09
0
-1.46354e-09
0
-2.92708e-09
0
0
0
0
-2.92708e-09
-5.85415e-09
0
0
0
2.62614e-14
0
0
3.36146e-12
0
0
0
0
0
-5.85415e-09
0
-5.85415e-09
0
0
0
0
0
0
1.31307e-14
-2.92707e-09
8.2067e-16
0
-2.92708e-09
-2.92708e-09
0
8.2067e-16
0
0
8.2067e-16
0
0
-1.46354e-09
0
0
-1.46354e-09
0
0
0
-2.92708e-09
0
0
-2.92707e-09
-2.92708e-09
0
0
0
3.36146e-12
0
0
0
2.62614e-14
-5.85415e-09
0
0
0
0
8.40366e-13
8.40366e-13
-4.20183e-13
1.68073e-12
1.68073e-12
0
0
0
0
0
0
5.25229e-14
-2.62614e-14
0
-2.92708e-09
0
1.64134e-15
-1.46354e-09
0
0
0
0
3.28268e-15
0
0
5.25229e-14
0
0
5.25229e-14
5.25229e-14
0
0
-2.92697e-09
1.05046e-13
-2.92708e-09
0
0
2.62614e-14
0
0
0
0
0
0
0
0
0
0
0
1.68073e-12
0
0
-5.85415e-09
0
-5.85415e-09
0
0
2.10091e-13
0
0
0
0
-2.92708e-09
0
0
0
0
0
0
0
0
1.31307e-14
0
0
0
0
-1.46354e-09
0
0
0
4.20183e-13
-2.92708e-09
2.10091e-13
2.10091e-13
0
-2.92708e-09
0
0
3.36146e-12
3.36146e-12
0
1.68073e-12
-5.85415e-09
0
0
0
0
0
-5.85415e-09
0
-5.85415e-09
0
0
0
0
-5.85415e-09
0
4.20183e-13
2.10091e-13
0
-2.92708e-09
0
1.05046e-13
-2.92708e-09
5.25229e-14
-1.46354e-09
0
0
0
5.25229e-14
0
0
0
0
0
0
0
0
-1.46354e-09
0
-2.92708e-09
0
2.10091e-13
0
0
-2.92708e-09
1.68073e-12
-5.85415e-09
0
1.68073e-12
0
0
-5.85415e-09
0
0
0
-5.85079e-09
0
0
0
0
0
0
0
0
0
-5.85415e-09
0
0
1.05046e-13
0
0
-2.92708e-09
0
-1.46349e-09
5.25229e-14
-1.46354e-09
0
0
0
-1.46354e-09
0
0
0
0
0
0
0
0
0
0
-2.92708e-09
2.10091e-13
-2.92708e-09
-2.92708e-09
-1.68073e-12
1.68073e-12
0
0
0
0
-5.85247e-09
0
0
0
0
0
0
0
3.36146e-12
0
0
3.36146e-12
0
0
0
-2.92708e-09
1.05046e-13
0
0
0
0
0
0
-1.46354e-09
5.25229e-14
-1.46354e-09
0
0
0
-1.46354e-09
0
0
-1.46354e-09
0
0
0
0
0
2.10091e-13
2.10091e-13
0
-2.92708e-09
0
3.36146e-12
0
0
0
0
3.36146e-12
1.68073e-12
-5.85415e-09
3.36146e-12
0
-5.85079e-09
0
0
-5.85415e-09
0
3.36146e-12
0
3.36146e-12
0
-5.85415e-09
0
0
-2.92708e-09
0
-2.92708e-09
0
0
0
0
0
0
-1.46354e-09
0
5.25229e-14
2.62614e-14
0
-1.46354e-09
0
0
0
0
0
0
-8.2067e-16
0
0
-2.92708e-09
0
2.62614e-14
0
0
0
0
0
0
0
0
0
0
8.40366e-13
0
0
0
5.25229e-14
0
0
-5.85415e-09
0
5.25229e-14
0
0
0
0
0
-2.92708e-09
0
0
0
0
0
0
0
-8.2067e-16
0
0
0
0
-1.46354e-09
0
-1.46354e-09
0
0
0
0
0
0
0
0
0
0
-5.85415e-09
0
0
0
0
0
0
0
0
0
0
-5.85079e-09
0
0
1.05046e-13
1.05046e-13
1.05046e-13
0
-5.85415e-09
-2.92708e-09
0
0
3.28268e-15
0
-2.92708e-09
0
0
0
-1.46354e-09
-1.46354e-09
0
6.56536e-15
0
0
0
0
0
-1.46354e-09
-1.46354e-09
0
0
2.62614e-14
5.25229e-14
0
0
0
0
0
0
1.68073e-12
0
0
0
0
0
0
0
0
0
0
-5.85415e-09
0
0
-5.85405e-09
0
-5.85415e-09
1.05046e-13
0
0
0
0
1.31307e-14
0
0
0
6.56536e-15
-1.46354e-09
1.31307e-14
0
0
-1.46354e-09
-1.46352e-09
-6.56536e-15
-1.46351e-09
0
2.62614e-14
-1.46351e-09
0
5.25229e-14
-2.92708e-09
5.25229e-14
0
2.10091e-13
0
0
-2.92687e-09
0
8.40366e-13
0
-1.68073e-12
-5.85415e-09
0
1.68073e-12
0
0
0
0
0
0
3.36146e-12
0
0
0
0
0
0
0
2.62614e-14
2.62614e-14
-2.92705e-09
-2.92708e-09
0
5.25229e-14
0
0
0
0
0
1.31307e-14
-1.46354e-09
1.31307e-14
0
0
0
-1.46354e-09
0
0
-1.46354e-09
0
0
2.10091e-13
0
0
-2.92708e-09
-2.92687e-09
0
0
0
0
0
0
0
-5.85247e-09
3.36146e-12
0
-5.85415e-09
0
0
0
0
8.40366e-13
0
0
-5.85415e-09
0
0
-2.92705e-09
0
0
0
0
0
0
0
0
-1.46354e-09
0
0
0
1.31307e-14
0
0
0
-1.46354e-09
-1.46354e-09
0
0
-2.92708e-09
0
-2.92708e-09
1.05046e-13
-2.92697e-09
1.05046e-13
0
0
1.68073e-12
0
0
0
1.68073e-12
0
0
3.36146e-12
0
3.36146e-12
-5.85079e-09
0
-3.36146e-12
0
8.40366e-13
0
0
0
-5.85415e-09
-5.85415e-09
0
0
0
0
-2.92708e-09
0
2.62614e-14
0
0
-1.46354e-09
-1.46354e-09
0
0
0
0
-1.46354e-09
2.62614e-14
2.62614e-14
0
-1.46354e-09
0
0
0
0
1.05046e-13
0
-2.92708e-09
0
-5.85415e-09
0
0
0
-5.85415e-09
0
0
0
0
0
0
-5.84743e-09
0
0
0
-5.85415e-09
0
1.68073e-12
0
0
1.68073e-12
0
0
0
5.25229e-14
0
-2.92708e-09
5.25229e-14
0
0
2.62614e-14
0
0
0
-1.46354e-09
0
-2.92708e-09
1.02584e-16
0
-2.92708e-09
5.12919e-17
0
-2.92708e-09
-2.92708e-09
2.92708e-09
0
-2.92708e-09
0
4.10335e-16
-5.85415e-09
-5.85415e-09
0
0
0
0
5.25229e-14
-4.20183e-13
0
4.20183e-13
0
0
4.20183e-13
0
0
0
0
1.05046e-13
0
0
0
2.92708e-09
-2.92708e-09
-2.92708e-09
-2.92708e-09
0
-2.92708e-09
-2.92708e-09
0
2.56459e-17
0
0
1.02584e-16
0
0
0
0
0
0
2.56459e-17
0
6.41148e-18
0
-2.92708e-09
0
8.2067e-16
0
0
0
0
0
0
0
1.05046e-13
0
0
8.40366e-13
0
0
0
0
0
0
2.10091e-13
0
0
0
0
-5.85405e-09
0
-2.92708e-09
0
-2.92708e-09
0
8.2067e-16
1.64134e-15
0
-2.92708e-09
0
-2.92708e-09
-2.92708e-09
2.05167e-16
0
0
1.2823e-17
0
5.12919e-17
5.12919e-17
-1.46354e-09
0
0
-2.92708e-09
-2.92708e-09
8.2067e-16
0
0
0
6.56536e-15
0
2.10091e-13
2.10091e-13
0
1.05046e-13
0
0
8.40366e-13
8.40366e-13
0
0
0
0
0
0
-2.10091e-13
0
0
0
-5.85415e-09
0
-2.92708e-09
-2.92708e-09
4.10335e-16
0
0
0
0
1.2823e-17
0
5.12919e-17
0
-1.46354e-09
0
-1.46354e-09
-2.92708e-09
-1.46354e-09
5.12919e-17
-1.46354e-09
0
0
0
-2.92708e-09
8.2067e-16
0
-2.92708e-09
6.56536e-15
-2.92708e-09
0
2.10091e-13
0
0
2.92708e-09
-2.92708e-09
0
0
8.40366e-13
0
8.40366e-13
8.40366e-13
0
0
0
0
2.10091e-13
2.10091e-13
2.10091e-13
0
0
0
0
-2.92708e-09
0
0
1.31307e-14
0
0
0
0
-1.46354e-09
0
-1.46354e-09
0
0
0
0
1.46354e-09
2.56459e-17
0
-1.46354e-09
-1.46354e-09
0
-2.92708e-09
0
0
1.31307e-14
0
5.25229e-14
2.10091e-13
0
-2.92708e-09
0
-2.92697e-09
-5.85426e-09
4.20183e-13
0
1.68073e-12
0
0
0
1.68073e-12
0
0
-5.85415e-09
0
0
-2.92708e-09
2.10091e-13
2.10091e-13
1.02584e-16
2.05167e-16
0
6.56536e-15
0
-2.92708e-09
2.62614e-14
0
0
-1.46354e-09
-1.46354e-09
-1.46354e-09
0
-1.46354e-09
0
2.56459e-17
-1.46354e-09
-1.46354e-09
0
0
0
0
0
-2.92708e-09
3.28268e-15
0
0
5.25229e-14
-2.92708e-09
0
0
-2.92687e-09
0
-5.85415e-09
0
0
-5.85415e-09
0
0
1.68073e-12
0
0
0
-2.92708e-09
0
-2.92687e-09
-2.92708e-09
0
0
0
0
-2.92708e-09
0
0
0
0
6.41148e-18
-1.46354e-09
0
0
0
0
-1.46354e-09
0
-1.46354e-09
0
0
0
-1.46354e-09
0
0
-2.92708e-09
0
0
0
-2.92708e-09
-2.92708e-09
-2.92708e-09
-2.92708e-09
0
0
4.20183e-13
0
8.40366e-13
0
1.68073e-12
1.68073e-12
0
-5.85079e-09
0
0
-2.92708e-09
0
0
0
0
0
-5.85415e-09
0
0
0
0
0
0
-2.92708e-09
0
-1.46354e-09
1.02584e-16
-1.46354e-09
4.10335e-16
0
3.28268e-15
-1.46354e-09
-1.46354e-09
-1.46354e-09
0
-1.46354e-09
-1.46354e-09
0
-2.92708e-09
-2.92708e-09
0
0
1.02584e-16
-2.92708e-09
0
0
-2.92687e-09
-2.92708e-09
0
-2.92708e-09
-2.92666e-09
0
1.68073e-12
0
2.92708e-09
1.68073e-12
0
0
0
-2.92687e-09
2.10091e-13
0
-2.92708e-09
-2.92708e-09
0
0
-2.92708e-09
2.05167e-16
-2.92708e-09
0
0
0
0
0
0
0
0
-1.46354e-09
8.2067e-16
8.2067e-16
0
0
5.12919e-17
0
0
0
-1.46354e-09
-2.92708e-09
0
8.2067e-16
0
0
0
0
2.10091e-13
-2.92708e-09
-2.92708e-09
0
0
0
-2.92687e-09
0
-2.92708e-09
2.92708e-09
-2.92708e-09
-2.92708e-09
0
-2.92708e-09
0
-2.92708e-09
0
0
0
2.10091e-13
0
0
0
0
0
0
1.31307e-14
0
0
0
2.56459e-17
0
-1.46354e-09
0
0
0
-1.46354e-09
-1.46354e-09
0
0
0
0
0
0
6.41148e-18
0
0
0
-2.92708e-09
0
2.10091e-13
0
0
-2.92708e-09
2.10091e-13
2.10091e-13
0
0
0
-2.92708e-09
8.40366e-13
-2.92708e-09
0
0
0
0
0
0
-2.92708e-09
0
-1.60287e-18
-2.92708e-09
0
-2.92708e-09
0
6.41148e-18
6.41148e-18
3.13061e-21
0
2.50449e-20
5.00897e-20
-1.46354e-09
0
0
0
1.25224e-20
1.25224e-20
-1.46354e-09
0
0
0
0
0
0
3.20574e-18
-2.92708e-09
0
-2.92708e-09
0
0
0
0
2.10091e-13
0
2.10091e-13
0
0
-2.92624e-09
8.40366e-13
0
0
0
0
0
0
0
0
2.10091e-13
0
-2.92708e-09
3.20574e-18
0
0
0
-2.92708e-09
0
0
0
0
0
0
-1.46354e-09
0
0
1.25224e-20
0
0
0
1.25224e-20
2.50449e-20
-2.92708e-09
3.20574e-18
0
0
0
0
0
-2.92687e-09
2.10091e-13
2.10091e-13
0
0
0
0
8.40366e-13
-8.40366e-13
0
0
0
0
0
0
0
1.05046e-13
-2.92708e-09
0
-2.92708e-09
0
0
0
1.60287e-18
-2.92708e-09
0
0
0
0
0
-1.46354e-09
-1.46354e-09
0
1.25224e-20
0
0
0
0
0
0
6.26121e-21
0
1.60287e-18
3.20574e-18
0
-2.92708e-09
0
-2.92708e-09
0
0
0
0
-2.92708e-09
0
0
0
8.40366e-13
8.40366e-13
0
-2.92708e-09
0
0
-2.92708e-09
-2.92702e-09
-2.92708e-09
0
-2.92708e-09
1.05046e-13
2.10091e-13
0
0
0
-2.92708e-09
1.60287e-18
-2.92708e-09
0
0
-1.46354e-09
0
7.82652e-22
0
0
-1.46354e-09
0
1.52862e-24
-1.46354e-09
0
0
-1.46354e-09
3.05723e-24
0
0
0
-2.92708e-09
8.01435e-19
0
1.60287e-18
0
0
0
0
0
0
0
0
8.40366e-13
0
0
0
-2.92708e-09
-2.92708e-09
-2.92708e-09
5.25229e-14
-2.92708e-09
1.05046e-13
-2.92708e-09
0
0
2.10091e-13
0
0
8.01435e-19
0
-2.92708e-09
0
0
0
0
-1.46354e-09
0
0
0
0
4.10335e-16
0
0
0
0
3.20574e-18
3.20574e-18
-2.92708e-09
-2.92708e-09
-2.92708e-09
0
0
0
0
-2.92705e-09
0
-2.92708e-09
0
0
-5.85415e-09
0
0
0
-5.85415e-09
0
-5.85394e-09
0
0
0
2.62614e-14
0
0
0
0
0
2.05167e-16
1.02584e-16
0
0
0
0
-2.92708e-09
0
1.02584e-16
0
0
-2.92708e-09
6.41148e-18
6.41148e-18
-1.46354e-09
4.10335e-16
0
0
0
0
0
0
-2.92708e-09
-1.64134e-15
1.64134e-15
0
2.92708e-09
0
0
-2.92708e-09
5.25229e-14
0
1.05046e-13
0
0
0
0
4.20183e-13
0
4.20183e-13
0
2.10091e-13
-5.85415e-09
2.92708e-09
-2.92708e-09
0
-2.92708e-09
0
0
0
0
0
-2.92708e-09
0
0
5.12919e-17
0
-1.46354e-09
5.12919e-17
0
0
0
6.41148e-18
0
1.64134e-15
2.05167e-16
0
0
0
0
0
1.31307e-14
-2.92708e-09
0
0
1.02584e-16
0
0
-2.92708e-09
0
1.05046e-13
-2.92708e-09
0
-1.05046e-13
0
8.40366e-13
8.40366e-13
8.40366e-13
0
0
4.20183e-13
0
0
1.05046e-13
1.05046e-13
-2.92708e-09
0
-5.85405e-09
0
3.28268e-15
0
0
5.12919e-17
5.12919e-17
-2.56459e-17
-1.64134e-15
0
0
5.12919e-17
0
0
0
0
0
0
-1.46354e-09
0
-1.46354e-09
-2.92708e-09
0
0
2.62614e-14
-2.92708e-09
-2.92707e-09
0
-2.92708e-09
0
2.92708e-09
0
0
-2.92708e-09
0
0
0
0
1.68073e-12
0
-5.85415e-09
0
-5.85373e-09
0
-5.25229e-14
-2.92708e-09
-2.92697e-09
2.10091e-13
-2.92708e-09
1.05046e-13
-2.92708e-09
0
0
0
0
5.12919e-17
-2.92708e-09
0
1.64134e-15
-1.46354e-09
0
-1.46354e-09
0
3.20574e-18
1.31307e-14
3.28268e-15
-1.46354e-09
0
6.41148e-18
0
1.60287e-18
0
1.05046e-13
0
0
0
-2.92708e-09
-2.92708e-09
0
8.40366e-13
-2.92708e-09
2.10091e-13
0
-2.92687e-09
0
0
1.68073e-12
-5.85415e-09
-5.85415e-09
0
0
0
0
-5.85415e-09
0
-2.92708e-09
-2.92687e-09
2.10091e-13
-2.92708e-09
0
0
0
-2.92708e-09
-2.92708e-09
-2.92708e-09
-2.92708e-09
0
0
0
-1.46354e-09
0
-2.92708e-09
3.20574e-18
0
-1.46354e-09
4.10335e-16
0
6.41148e-18
-1.46354e-09
-1.46354e-09
0
-2.92708e-09
-2.92708e-09
0
0
-2.92708e-09
0
0
0
4.20183e-13
0
-2.92708e-09
0
-2.92708e-09
0
-5.85415e-09
1.68073e-12
0
0
0
0
0
0
0
0
-2.92708e-09
2.92708e-09
4.20183e-13
-2.92708e-09
-2.92697e-09
-2.92702e-09
0
0
5.12919e-17
0
0
0
4.10335e-16
5.12919e-17
-1.46354e-09
-1.46354e-09
1.46354e-09
-1.46354e-09
0
0
-1.46354e-09
6.41148e-18
0
0
-2.92687e-09
0
0
-2.92708e-09
1.31307e-14
-2.92708e-09
5.12919e-17
0
-2.92708e-09
1.68073e-12
0
0
0
0
0
0
0
3.36146e-12
1.68073e-12
1.68073e-12
0
0
1.68073e-12
0
-2.92708e-09
2.92708e-09
4.20183e-13
0
1.05046e-13
0
0
0
0
0
0
0
0
0
0
0
-1.46354e-09
-1.46354e-09
0
1.64134e-15
0
0
0
0
0
1.05046e-13
0
0
8.2067e-16
2.05167e-16
0
-2.92708e-09
8.40366e-13
8.40366e-13
0
0
2.92708e-09
-2.92708e-09
0
0
1.68073e-12
0
1.68073e-12
0
-2.92708e-09
-5.85247e-09
0
-8.40366e-13
0
-2.92708e-09
-2.92708e-09
0
4.20183e-13
0
0
-2.92708e-09
0
-2.92708e-09
0
2.56459e-17
0
-1.46354e-09
0
0
0
0
0
0
0
0
0
0
0
0
0
0
-2.92708e-09
0
2.05167e-16
0
0
-2.92708e-09
0
0
0
-2.92708e-09
0
0
0
0
0
0
0
0
-2.92708e-09
0
0
4.20183e-13
0
0
0
2.10091e-13
0
0
-2.92708e-09
0
0
5.12919e-17
-2.92708e-09
0
3.20574e-18
0
0
-1.46354e-09
0
4.00718e-19
1.00179e-19
0
0
-1.46354e-09
0
0
0
0
0
1.2823e-17
-2.92708e-09
0
-2.92708e-09
0
-2.92708e-09
4.20183e-13
0
-2.92708e-09
0
0
0
0
0
1.68073e-12
0
0
0
0
0
-2.92708e-09
4.20183e-13
0
-2.92708e-09
-2.92708e-09
2.10091e-13
0
0
1.64134e-15
-2.92708e-09
0
-6.41148e-18
1.2823e-17
-1.46354e-09
4.00718e-19
0
4.00718e-19
0
0
1.25224e-20
0
0
-1.46354e-09
0
-1.46354e-09
-1.46354e-09
0
0
1.2823e-17
6.41148e-18
-2.92708e-09
0
0
0
0
0
0
0
0
-2.92708e-09
0
-2.92708e-09
0
1.68073e-12
8.40366e-13
8.40366e-13
0
0
0
0
4.20183e-13
2.10091e-13
0
-2.92708e-09
0
0
-5.12919e-17
0
0
0
0
-2.92708e-09
0
0
0
0
0
0
0
2.50449e-20
-1.46354e-09
0
1.5653e-21
0
0
7.82652e-22
0
0
0
0
0
0
0
0
-2.92708e-09
0
2.10091e-13
0
0
0
-2.92708e-09
0
0
0
0
0
0
0
0
0
-2.92708e-09
0
0
0
0
0
6.41148e-18
0
0
0
0
0
0
0
0
0
0
-1.46354e-09
0
0
0
0
0
0
0
0
-2.92708e-09
3.20574e-18
1.60287e-18
1.60287e-18
0
0
0
4.20183e-13
0
0
0
0
0
0
0
0
0
0
0
1.68073e-12
0
0
0
0
0
-2.92687e-09
0
6.41148e-18
0
0
0
-2.92708e-09
0
0
0
0
0
-1.46354e-09
0
0
0
0
0
-1.46354e-09
0
1.52862e-24
0
1.52862e-24
3.20574e-18
0
1.60287e-18
0
0
0
8.01435e-19
0
0
0
0
1.05046e-13
0
0
-2.92539e-09
-2.92708e-09
1.68073e-12
8.40366e-13
0
-8.40366e-13
0
0
0
0
0
0
0
0
0
-2.92708e-09
-2.92708e-09
0
0
1.60287e-18
0
-1.46354e-09
-1.46354e-09
-1.46354e-09
-1.46354e-09
0
3.05723e-24
0
)
;

boundaryField
{
    fuel
    {
        type            calculated;
        value           uniform 0;
    }
    primary_air
    {
        type            calculated;
        value           uniform 0;
    }
    Secondary_air_RHS
    {
        type            calculated;
        value           uniform 0;
    }
    Secondary_air_LHS
    {
        type            calculated;
        value           uniform 0;
    }
    outlet
    {
        type            calculated;
        value           uniform 0;
    }
    stove_body
    {
        type            calculated;
        value           uniform 0;
    }
    frontAndBack
    {
        type            empty;
    }
}


// ************************************************************************* //
